1.604666666666666686e+02
1.826000000000000227e+02
0.000000000000000000e+00
1.770666666666666629e+02
1.654000000000000057e+02
1.794333333333333371e+02
0.000000000000000000e+00
1.654000000000000057e+02
1.822333333333333485e+02
1.766333333333333542e+02
1.794333333333333371e+02
1.682000000000000171e+02
1.541999999999999886e+02
1.794333333333333371e+02
1.598000000000000114e+02
1.710000000000000000e+02
1.794333333333333371e+02
1.598000000000000114e+02
1.650666666666666913e+02
1.815666666666666629e+02
1.595666666666666629e+02
1.623000000000000114e+02
1.705666666666666913e+02
1.623000000000000114e+02
1.595666666666666629e+02
1.796000000000000227e+02
1.767666666666666799e+02
1.796000000000000227e+02
1.711666666666666856e+02
1.767666666666666799e+02
1.683666666666666742e+02
1.767666666666666799e+02
0.000000000000000000e+00
1.739666666666666686e+02
1.796000000000000227e+02
1.634333333333333371e+02
1.689000000000000057e+02
1.689000000000000057e+02
1.825000000000000000e+02
1.825000000000000000e+02
1.768666666666666742e+02
1.768666666666666742e+02
0.000000000000000000e+00
1.824000000000000057e+02
1.603000000000000114e+02
1.740999999999999943e+02
1.713666666666666742e+02
1.824000000000000057e+02
1.814333333333333371e+02
1.597666666666666799e+02
1.787000000000000171e+02
1.760000000000000000e+02
1.814333333333333371e+02
1.814333333333333371e+02
1.768666666666666742e+02
1.796000000000000227e+02
0.000000000000000000e+00
1.768666666666666742e+02
1.823000000000000114e+02
1.796000000000000227e+02
1.505666666666666913e+02
1.796000000000000227e+02
1.796000000000000227e+02
1.780000000000000000e+02
1.780000000000000000e+02
1.780000000000000000e+02
1.753333333333333428e+02
1.567333333333333485e+02
1.780000000000000000e+02
1.833000000000000114e+02
1.806666666666666856e+02
1.718666666666666742e+02
1.744666666666666970e+02
1.823000000000000114e+02
1.614666666666666686e+02
1.689000000000000057e+02
1.715000000000000284e+02
1.792666666666666799e+02
1.715000000000000284e+02
1.709000000000000057e+02
1.814333333333333371e+02
1.814333333333333371e+02
1.551333333333333258e+02
1.691666666666666856e+02
1.797333333333333485e+02
1.771000000000000227e+02
1.824000000000000057e+02
1.824000000000000057e+02
1.771000000000000227e+02
1.797333333333333485e+02
0.000000000000000000e+00
1.816333333333333542e+02
1.763666666666666742e+02
1.579333333333333371e+02
1.737333333333333201e+02
1.763666666666666742e+02
1.737333333333333201e+02
1.767333333333333485e+02
1.582666666666666515e+02
1.820333333333333314e+02
0.000000000000000000e+00
1.662000000000000171e+02
1.740999999999999943e+02
1.582666666666666515e+02
1.700333333333333314e+02
1.752666666666666799e+02
1.830999999999999943e+02
1.778666666666666742e+02
1.700333333333333314e+02
1.830999999999999943e+02
1.752666666666666799e+02
1.674000000000000057e+02
1.595666666666666629e+02
1.803000000000000114e+02
1.829333333333333371e+02
0.000000000000000000e+00
1.829333333333333371e+02
1.776333333333333258e+02
1.723333333333333428e+02
1.723333333333333428e+02
1.829333333333333371e+02
1.723333333333333428e+02
1.715666666666666629e+02
1.583666666666666742e+02
1.795000000000000000e+02
1.821333333333333542e+02
1.663000000000000114e+02
0.000000000000000000e+00
1.768666666666666742e+02
1.625666666666666913e+02
1.732333333333333485e+02
1.679000000000000057e+02
1.759000000000000057e+02
1.759000000000000057e+02
1.785666666666666629e+02
1.726333333333333258e+02
1.507000000000000171e+02
1.698666666666666742e+02
1.534333333333333371e+02
1.726333333333333258e+02
1.808333333333333428e+02
1.826333333333333258e+02
1.719000000000000057e+02
1.745666666666666629e+02
1.826333333333333258e+02
1.758333333333333428e+02
1.785666666666666629e+02
1.703333333333333428e+02
1.676000000000000227e+02
1.813333333333333428e+02
1.621000000000000227e+02
1.813333333333333428e+02
1.758333333333333428e+02
1.813333333333333428e+02
1.751666666666666572e+02
1.805333333333333314e+02
1.590000000000000284e+02
1.778666666666666742e+02
1.799000000000000057e+02
1.826666666666666572e+02
1.771333333333333542e+02
1.771333333333333542e+02
1.633000000000000114e+02
1.799000000000000057e+02
1.715999999999999943e+02
1.715999999999999943e+02
1.688333333333333428e+02
