1.853666666666666742e+02
2.130333333333333314e+02
2.019666666666666970e+02
2.157999999999999829e+02
2.047333333333333485e+02
2.157999999999999829e+02
2.019666666666666970e+02
2.130333333333333314e+02
2.157999999999999829e+02
2.102666666666666799e+02
2.047333333333333485e+02
2.074666666666666686e+02
2.074666666666666686e+02
0.000000000000000000e+00
2.046666666666666572e+02
2.130666666666666913e+02
1.980666666666666913e+02
2.008333333333333428e+02
2.145999999999999943e+02
2.063333333333333428e+02
1.870666666666666629e+02
2.118333333333333428e+02
2.145999999999999943e+02
2.035666666666666629e+02
2.132666666666666515e+02
2.132666666666666515e+02
2.160666666666666629e+02
2.020333333333333314e+02
2.015666666666666629e+02
2.070333333333333314e+02
1.906666666666666856e+02
0.000000000000000000e+00
2.152000000000000171e+02
0.000000000000000000e+00
2.128000000000000114e+02
2.128000000000000114e+02
2.128000000000000114e+02
2.155666666666666913e+02
2.155666666666666913e+02
1.949666666666666686e+02
2.085000000000000000e+02
2.058000000000000114e+02
2.058000000000000114e+02
1.895333333333333314e+02
2.030666666666666913e+02
2.112000000000000171e+02
1.904666666666666686e+02
2.095000000000000000e+02
2.095000000000000000e+02
2.095000000000000000e+02
2.095000000000000000e+02
1.877333333333333485e+02
1.877333333333333485e+02
2.013666666666666742e+02
2.095000000000000000e+02
2.122333333333333485e+02
2.060333333333333599e+02
2.086666666666666856e+02
2.139333333333333655e+02
2.113000000000000114e+02
2.033666666666666742e+02
2.113000000000000114e+02
2.113000000000000114e+02
2.060333333333333599e+02
2.060333333333333599e+02
1.912666666666666799e+02
2.125333333333333314e+02
0.000000000000000000e+00
2.098666666666666742e+02
0.000000000000000000e+00
2.152000000000000171e+02
2.161333333333333542e+02
2.083333333333333428e+02
1.849000000000000057e+02
1.953000000000000114e+02
1.953000000000000114e+02
2.031333333333333258e+02
2.130666666666666913e+02
2.156666666666666856e+02
2.156666666666666856e+02
2.000666666666666913e+02
2.078666666666666742e+02
2.156666666666666856e+02
2.130666666666666913e+02
1.974666666666666686e+02
1.870666666666666629e+02
2.077000000000000171e+02
2.024666666666666686e+02
2.103333333333333428e+02
2.103333333333333428e+02
2.103333333333333428e+02
2.103333333333333428e+02
2.156000000000000227e+02
2.103333333333333428e+02
2.129666666666666686e+02
2.156000000000000227e+02
2.156000000000000227e+02
2.129666666666666686e+02
2.114666666666666686e+02
2.035333333333333599e+02
2.088000000000000114e+02
2.114666666666666686e+02
2.141000000000000227e+02
2.079666666666666686e+02
2.053333333333333428e+02
2.105999999999999943e+02
2.132333333333333485e+02
2.105999999999999943e+02
2.005000000000000000e+02
2.110333333333333599e+02
2.084000000000000057e+02
2.163333333333333712e+02
1.978666666666666742e+02
2.110333333333333599e+02
0.000000000000000000e+00
2.163333333333333712e+02
2.084000000000000057e+02
2.163333333333333712e+02
2.092666666666666799e+02
2.014000000000000057e+02
1.961666666666666856e+02
2.092666666666666799e+02
2.092666666666666799e+02
1.935666666666666629e+02
1.805000000000000000e+02
2.121000000000000227e+02
1.935333333333333599e+02
2.147666666666667084e+02
2.015000000000000284e+02
2.138000000000000114e+02
2.138000000000000114e+02
2.164333333333333655e+02
2.164333333333333655e+02
1.999000000000000057e+02
2.132000000000000171e+02
1.865666666666666629e+02
1.945666666666666629e+02
2.158666666666667027e+02
2.105333333333333314e+02
1.919000000000000057e+02
2.158666666666667027e+02
2.109666666666666686e+02
2.082333333333333485e+02
1.972666666666666799e+02
2.000333333333333314e+02
2.055000000000000000e+02
2.000333333333333314e+02
2.148666666666666458e+02
2.095000000000000000e+02
2.040999999999999943e+02
2.068000000000000114e+02
2.040999999999999943e+02
2.121666666666666572e+02
2.095000000000000000e+02
2.148666666666666458e+02
2.143000000000000398e+02
2.060666666666666629e+02
2.033000000000000114e+02
2.033000000000000114e+02
2.115333333333333314e+02
2.075000000000000000e+02
2.075000000000000000e+02
2.155666666666666913e+02
2.129000000000000057e+02
2.048000000000000114e+02
2.155666666666666913e+02
2.129000000000000057e+02
2.103333333333333428e+02
2.103333333333333428e+02
2.020333333333333314e+02
0.000000000000000000e+00
2.130999999999999943e+02
