1.098632812500000000e-02 -5.539522952540795706e-07
-1.342773437500000000e-02 0.000000000000000000e+00
-3.784179687500000000e-02 -1.384880738135199032e-06
-6.225585937500000000e-02 -1.800344959575758657e-06
-8.666992187500000000e-02 -1.800344959575758657e-06
-1.110839843750000000e-01 -6.924403690675995162e-07
-1.354980468750000000e-01 1.107904590508159141e-06
-1.599121093750000000e-01 4.154642214405596779e-07
-1.843261718750000000e-01 1.384880738135198926e-07
-2.087402343750000000e-01 -1.384880738135198926e-07
-2.331542968750000000e-01 6.924403690675995162e-07
-2.575683593750000000e-01 1.107904590508159141e-06
-2.819824218750000000e-01 6.924403690675995162e-07
-3.063964843750000000e-01 1.246392664321679087e-06
-3.308105468750000000e-01 2.769761476270398912e-07
-3.552246093750000000e-01 1.058791184067875424e-22
-3.796386718750000000e-01 -1.107904590508159141e-06
-4.040527343750000000e-01 -4.154642214405596779e-07
-4.284667968750000000e-01 -6.924403690675995162e-07
-4.528808593750000000e-01 -9.694165166946391956e-07
-4.772949218750000000e-01 -1.246392664321679087e-06
-5.017089843750000000e-01 -5.539522952540795706e-07
-5.261230468750000000e-01 -8.309284428811193559e-07
-5.505371093750000000e-01 -8.309284428811193559e-07
-5.749511718750000000e-01 -1.384880738135198821e-06
-5.993652343750000000e-01 -1.246392664321679087e-06
-6.237792968750000000e-01 -4.154642214405597309e-07
-6.481933593750000000e-01 1.384880738135198926e-07
-6.726074218750000000e-01 1.384880738135198926e-07
-6.970214843750000000e-01 -5.539522952540795706e-07
-7.214355468750000000e-01 -9.694165166946391956e-07
-7.458496093750000000e-01 -9.694165166946391956e-07
-7.702636718750000000e-01 -1.246392664321679087e-06
-7.946777343750000000e-01 -1.523368811948718766e-06
-8.190917968750000000e-01 -8.309284428811194617e-07
-8.435058593750000000e-01 -1.246392664321679087e-06
-8.679199218750000000e-01 -1.661856885762238712e-06
-8.923339843750000000e-01 -2.769761476270398065e-06
-9.167480468750000000e-01 -2.077321107202798337e-06
-9.411621093750000000e-01 -1.384880738135199032e-06
-9.655761718750000000e-01 -8.309284428811194617e-07
-9.899902343750000000e-01 -8.309284428811193559e-07
-1.014404296875000000e+00 -6.924403690675995162e-07
-1.038818359375000000e+00 -1.523368811948718766e-06
-1.063232421875000000e+00 -2.908249550083918010e-06
-1.087646484375000000e+00 -3.600689919151517315e-06
-1.112060546875000000e+00 -3.600689919151517315e-06
-1.136474609375000000e+00 -2.215809181016318282e-06
-1.160888671875000000e+00 -3.600689919151516891e-06
-1.185302734375000000e+00 -4.154642214405596673e-06
-1.209716796875000000e+00 -5.816499100167835173e-06
-1.234130859375000000e+00 -6.231963321608395010e-06
-1.258544921875000000e+00 -6.370451395421914956e-06
-1.282958984375000000e+00 -6.093475247794875065e-06
-1.307373046875000000e+00 -5.401034878727276184e-06
-1.331787109375000000e+00 -6.370451395421914956e-06
-1.356201171875000000e+00 -6.370451395421914956e-06
-1.380615234375000000e+00 -6.647427543048954847e-06
-1.405029296875000000e+00 -6.508939469235434901e-06
-1.429443359375000000e+00 -7.755332133557113564e-06
-1.453857421875000000e+00 -9.001724797878793075e-06
-1.478271484375000000e+00 -1.094055783126807231e-05
-1.502685546875000000e+00 -1.177148627414919029e-05
-1.527099609375000000e+00 -1.357183123372494958e-05
-1.551513671875000000e+00 -1.440275967660606926e-05
-1.575927734375000000e+00 -1.634159270999534680e-05
-1.600341796875000000e+00 -1.661856885762238669e-05
-1.624755859375000000e+00 -1.814193766957110609e-05
-1.649169921875000000e+00 -1.897286611245222577e-05
-1.673583984375000000e+00 -1.938833033389278561e-05
-1.697998046875000000e+00 -2.506634136024710337e-05
-1.722412109375000000e+00 -5.788801485405131692e-05
-1.746826171875000000e+00 -9.818804433378561431e-05
-1.771240234375000000e+00 -1.383495857397063714e-04
-1.795654296875000000e+00 -1.571839637783450840e-04
-1.820068359375000000e+00 -1.732485803407133977e-04
-1.844482421875000000e+00 -1.877898280911329649e-04
-1.868896484375000000e+00 -2.009461951034173597e-04
-1.893310546875000000e+00 -2.132716336728206349e-04
-1.917724609375000000e+00 -2.275359052756131893e-04
-1.942138671875000000e+00 -2.424926172474733434e-04
-1.966552734375000000e+00 -2.607730429908580033e-04
-1.990966796875000000e+00 -2.761452191841586631e-04
-2.015380859375000000e+00 -2.920713476727134568e-04
-2.039794921875000000e+00 -3.066125954231330511e-04
-2.064208984375000000e+00 -3.199074505092309659e-04
-2.088623046875000000e+00 -3.338947459643964804e-04
-2.113037109375000000e+00 -3.489899460100701544e-04
-2.137451171875000000e+00 -3.646390983509978541e-04
-2.161865234375000000e+00 -3.793188341752309683e-04
-2.186279296875000000e+00 -3.930291534827694429e-04
-2.210693359375000000e+00 -4.089552819713242367e-04
-2.235107421875000000e+00 -4.221116489836086315e-04
-2.259521484375000000e+00 -4.333291829625037471e-04
-2.283935546875000000e+00 -4.433003242770771832e-04
-2.308349609375000000e+00 -4.554872747726669384e-04
-2.332763671875000000e+00 -4.700285225230865327e-04
-2.357177734375000000e+00 -4.844312821996926070e-04
-2.381591796875000000e+00 -4.959257923262147625e-04
-2.381591796875000000e+00 -4.993879941715528153e-04
-2.357177734375000000e+00 -4.952333519571471086e-04
-2.332763671875000000e+00 -4.860931390854548464e-04
-2.308349609375000000e+00 -4.768144381399490100e-04
-2.283935546875000000e+00 -4.665663206777485340e-04
-2.259521484375000000e+00 -4.578415720274967775e-04
-2.235107421875000000e+00 -4.471779903438557417e-04
-2.210693359375000000e+00 -4.376223132507228654e-04
-2.186279296875000000e+00 -4.270972196408953495e-04
-2.161865234375000000e+00 -4.174030544739489534e-04
-2.137451171875000000e+00 -4.084013296760701569e-04
-2.113037109375000000e+00 -3.991226287305643205e-04
-2.088623046875000000e+00 -3.906748562279396039e-04
-2.064208984375000000e+00 -3.808422029871796877e-04
-2.039794921875000000e+00 -3.708710616726062516e-04
-2.015380859375000000e+00 -3.606229442104057757e-04
-1.990966796875000000e+00 -3.520366836339675932e-04
-1.966552734375000000e+00 -3.438658872789699165e-04
-1.942138671875000000e+00 -3.355566028501587197e-04
-1.917724609375000000e+00 -3.261394138308393634e-04
-1.893310546875000000e+00 -3.158912963686388875e-04
-1.868896484375000000e+00 -3.070280596445736109e-04
-1.844482421875000000e+00 -2.983033109943218544e-04
-1.820068359375000000e+00 -2.894400742702565778e-04
-1.795654296875000000e+00 -2.798843971771237558e-04
-1.771240234375000000e+00 -2.708826723792449051e-04
-1.746826171875000000e+00 -2.620194356551796286e-04
-1.722412109375000000e+00 -2.526022466358602723e-04
-1.697998046875000000e+00 -2.442929622070490756e-04
-1.673583984375000000e+00 -2.372300704425595855e-04
-1.649169921875000000e+00 -2.296132263828159885e-04
-1.624755859375000000e+00 -2.193651089206155125e-04
-1.600341796875000000e+00 -2.100864079751096761e-04
-1.575927734375000000e+00 -2.021925877677390392e-04
-1.551513671875000000e+00 -1.955451602246900818e-04
-1.527099609375000000e+00 -1.868204115744383253e-04
-1.502685546875000000e+00 -1.779571748503730488e-04
-1.478271484375000000e+00 -1.699248665691889190e-04
-1.453857421875000000e+00 -1.623080225094453220e-04
-1.429443359375000000e+00 -1.544142023020746851e-04
-1.405029296875000000e+00 -1.470743343899581280e-04
-1.380615234375000000e+00 -1.405653949207226906e-04
-1.356201171875000000e+00 -1.336409912300466933e-04
-1.331787109375000000e+00 -1.264396113917436561e-04
-1.307373046875000000e+00 -1.189612554058135926e-04
-1.282958984375000000e+00 -1.132832443794592748e-04
-1.258544921875000000e+00 -1.063588406887832775e-04
-1.234130859375000000e+00 -9.915746085048024038e-05
-1.209716796875000000e+00 -9.167910486455016332e-05
-1.185302734375000000e+00 -8.600109383819585910e-05
-1.160888671875000000e+00 -8.087703510709562111e-05
-1.136474609375000000e+00 -7.381414334260610389e-05
-1.112060546875000000e+00 -6.730520387337066645e-05
-1.087646484375000000e+00 -6.190416899464338857e-05
-1.063232421875000000e+00 -5.788801485405131692e-05
-1.038818359375000000e+00 -5.414883686108627839e-05
-1.014404296875000000e+00 -4.874780198235900052e-05
-9.899902343750000000e-01 -4.431618362032636226e-05
-9.655761718750000000e-01 -3.877666066778557121e-05
-9.411621093750000000e-01 -3.489899460100701273e-05
-9.167480468750000000e-01 -3.046737623897437786e-05
-8.923339843750000000e-01 -2.728215054126341912e-05
-8.679199218750000000e-01 -2.298902025304430080e-05
-8.435058593750000000e-01 -1.966530648151982550e-05
-8.190917968750000000e-01 -1.634159270999534680e-05
-7.946777343750000000e-01 -1.398729545516550942e-05
-7.702636718750000000e-01 -1.177148627414919029e-05
-7.458496093750000000e-01 -9.278700945505832966e-06
-7.214355468750000000e-01 -6.785915616862475639e-06
-6.970214843750000000e-01 -4.985570657286716347e-06
-6.726074218750000000e-01 -3.046737623897437956e-06
-6.481933593750000000e-01 -2.631273402456878119e-06
-6.237792968750000000e-01 -2.077321107202798337e-06
-5.993652343750000000e-01 -2.077321107202798337e-06
-5.749511718750000000e-01 -2.631273402456878119e-06
-5.505371093750000000e-01 -1.523368811948718978e-06
-5.261230468750000000e-01 -1.523368811948718766e-06
-5.017089843750000000e-01 -1.384880738135198926e-07
-4.772949218750000000e-01 -2.769761476270397853e-07
-4.528808593750000000e-01 -2.769761476270397853e-07
-4.284667968750000000e-01 -9.694165166946391956e-07
-4.040527343750000000e-01 -5.539522952540795706e-07
-3.796386718750000000e-01 -5.293955920339377119e-23
-3.552246093750000000e-01 4.154642214405597309e-07
-3.308105468750000000e-01 4.154642214405596779e-07
-3.063964843750000000e-01 1.384880738135198926e-07
-2.819824218750000000e-01 0.000000000000000000e+00
-2.575683593750000000e-01 -8.309284428811193559e-07
-2.331542968750000000e-01 -1.661856885762238712e-06
-2.087402343750000000e-01 -6.924403690675995162e-07
-1.843261718750000000e-01 2.769761476270398912e-07
-1.599121093750000000e-01 1.384880738135199032e-06
-1.354980468750000000e-01 1.246392664321679087e-06
-1.110839843750000000e-01 0.000000000000000000e+00
-8.666992187500000000e-02 8.309284428811192500e-07
-6.225585937500000000e-02 4.154642214405596250e-07
-3.784179687500000000e-02 8.309284428811192500e-07
-1.342773437500000000e-02 -1.384880738135198926e-07
