1.098632812500000000e-02 4.154642214405596779e-07
-1.342773437500000000e-02 8.309284428811193559e-07
-3.784179687500000000e-02 4.154642214405597309e-07
-6.225585937500000000e-02 -1.384880738135198926e-07
-8.666992187500000000e-02 -5.539522952540795706e-07
-1.110839843750000000e-01 -2.769761476270397853e-07
-1.354980468750000000e-01 1.384880738135198926e-07
-1.599121093750000000e-01 -4.154642214405596779e-07
-1.843261718750000000e-01 0.000000000000000000e+00
-2.087402343750000000e-01 -6.924403690675995162e-07
-2.331542968750000000e-01 -5.539522952540795706e-07
-2.575683593750000000e-01 -5.539522952540795706e-07
-2.819824218750000000e-01 2.769761476270397853e-07
-3.063964843750000000e-01 5.539522952540795706e-07
-3.308105468750000000e-01 1.384880738135198926e-07
-3.552246093750000000e-01 0.000000000000000000e+00
-3.796386718750000000e-01 0.000000000000000000e+00
-4.040527343750000000e-01 -1.384880738135198926e-07
-4.284667968750000000e-01 -5.539522952540795706e-07
-4.528808593750000000e-01 -1.246392664321679087e-06
-4.772949218750000000e-01 -8.309284428811193559e-07
-5.017089843750000000e-01 -9.694165166946391956e-07
-5.261230468750000000e-01 -2.769761476270397853e-07
-5.505371093750000000e-01 -1.384880738135199032e-06
-5.749511718750000000e-01 -9.694165166946391956e-07
-5.993652343750000000e-01 -6.924403690675995162e-07
-6.237792968750000000e-01 6.924403690675995162e-07
-6.481933593750000000e-01 5.539522952540795706e-07
-6.726074218750000000e-01 0.000000000000000000e+00
-6.970214843750000000e-01 -5.539522952540795706e-07
-7.214355468750000000e-01 -2.077321107202798337e-06
-7.458496093750000000e-01 -2.492785328643358173e-06
-7.702636718750000000e-01 -3.600689919151517315e-06
-7.946777343750000000e-01 -1.661856885762238500e-06
-8.190917968750000000e-01 -2.077321107202798337e-06
-8.435058593750000000e-01 -1.938833033389278391e-06
-8.679199218750000000e-01 -2.631273402456878119e-06
-8.923339843750000000e-01 -2.769761476270398065e-06
-9.167480468750000000e-01 -3.046737623897437956e-06
-9.411621093750000000e-01 -3.739177992965037260e-06
-9.655761718750000000e-01 -3.185225697710957478e-06
-9.899902343750000000e-01 -3.046737623897437532e-06
-1.014404296875000000e+00 -2.631273402456878119e-06
-1.038818359375000000e+00 -2.908249550083918010e-06
-1.063232421875000000e+00 -4.154642214405596673e-06
-1.087646484375000000e+00 -5.262546804913756238e-06
-1.112060546875000000e+00 -6.231963321608395010e-06
-1.136474609375000000e+00 -6.508939469235434901e-06
-1.160888671875000000e+00 -7.339867912116554575e-06
-1.185302734375000000e+00 -8.170796354997673401e-06
-1.209716796875000000e+00 -8.447772502624713292e-06
-1.234130859375000000e+00 -9.555677093132872857e-06
-1.258544921875000000e+00 -9.417189019319352911e-06
-1.282958984375000000e+00 -1.010962938838695264e-05
-1.307373046875000000e+00 -1.094055783126807231e-05
-1.331787109375000000e+00 -1.329485508609790969e-05
-1.356201171875000000e+00 -1.509520004567366899e-05
-1.380615234375000000e+00 -1.551066426711422713e-05
-1.405029296875000000e+00 -1.606461656236830691e-05
-1.429443359375000000e+00 -1.717252115287646648e-05
-1.453857421875000000e+00 -1.883437803863870582e-05
-1.478271484375000000e+00 -2.077321107202798506e-05
-1.502685546875000000e+00 -2.132716336728206484e-05
-1.527099609375000000e+00 -2.201960373634966457e-05
-1.551513671875000000e+00 -2.201960373634966457e-05
-1.575927734375000000e+00 -2.423541291736598370e-05
-1.600341796875000000e+00 -2.562029365550117977e-05
-1.624755859375000000e+00 -2.825156705795805873e-05
-1.649169921875000000e+00 -3.309864964143125344e-05
-1.673583984375000000e+00 -3.919212488922613105e-05
-1.697998046875000000e+00 -4.459315976795340892e-05
-1.722412109375000000e+00 -4.639350472752916144e-05
-1.746826171875000000e+00 -5.165605153244291937e-05
-1.771240234375000000e+00 -6.259660936371098830e-05
-1.795654296875000000e+00 -7.450658371167370362e-05
-1.820068359375000000e+00 -8.447772502624713970e-05
-1.844482421875000000e+00 -1.107904590508159158e-04
-1.868896484375000000e+00 -1.476282866852122078e-04
-1.893310546875000000e+00 -1.848815785410490460e-04
-1.917724609375000000e+00 -2.027465400629931190e-04
-1.942138671875000000e+00 -2.145180263371423144e-04
-1.966552734375000000e+00 -2.303056667518835882e-04
-1.990966796875000000e+00 -2.470627236833194745e-04
-2.015380859375000000e+00 -2.621579237289932028e-04
-2.039794921875000000e+00 -2.778070760699209024e-04
-2.064208984375000000e+00 -2.984417990681353743e-04
-2.088623046875000000e+00 -3.219847716164337651e-04
-2.113037109375000000e+00 -3.438658872789699165e-04
-2.137451171875000000e+00 -3.622848010961680692e-04
-2.161865234375000000e+00 -3.768260488465876093e-04
-2.186279296875000000e+00 -3.915057846708207235e-04
-2.210693359375000000e+00 -4.059085443474267979e-04
-2.235107421875000000e+00 -4.226656012788627113e-04
-2.259521484375000000e+00 -4.398381224317391845e-04
-2.283935546875000000e+00 -4.563182032155480581e-04
-2.308349609375000000e+00 -4.739061885898650912e-04
-2.332763671875000000e+00 -4.867855794545224461e-04
-2.332763671875000000e+00 -4.902477812998603905e-04
-2.308349609375000000e+00 -4.847082583473196469e-04
-2.283935546875000000e+00 -4.751525812541867707e-04
-2.259521484375000000e+00 -4.675357371944431737e-04
-2.235107421875000000e+00 -4.581185481751238174e-04
-2.210693359375000000e+00 -4.469010141962287018e-04
-2.186279296875000000e+00 -4.362374325125876660e-04
-2.161865234375000000e+00 -4.254353627551331102e-04
-2.137451171875000000e+00 -4.164336379572543137e-04
-2.113037109375000000e+00 -4.063240085688673577e-04
-2.088623046875000000e+00 -3.966298434019209615e-04
-2.064208984375000000e+00 -3.874896305302286451e-04
-2.039794921875000000e+00 -3.765490726989605694e-04
-2.015380859375000000e+00 -3.654700267938789738e-04
-1.990966796875000000e+00 -3.549449331840515121e-04
-1.966552734375000000e+00 -3.456662322385456758e-04
-1.942138671875000000e+00 -3.362490432192263195e-04
-1.917724609375000000e+00 -3.254469734617717637e-04
-1.893310546875000000e+00 -3.157528082948253675e-04
-1.868896484375000000e+00 -3.074435238660141708e-04
-1.844482421875000000e+00 -2.985802871419488943e-04
-1.820068359375000000e+00 -2.881936816059348983e-04
-1.795654296875000000e+00 -2.787764925866155962e-04
-1.771240234375000000e+00 -2.693593035672962399e-04
-1.746826171875000000e+00 -2.607730429908580033e-04
-1.722412109375000000e+00 -2.506634136024709931e-04
-1.697998046875000000e+00 -2.423541291736598235e-04
-1.673583984375000000e+00 -2.339063566710351068e-04
-1.649169921875000000e+00 -2.251816080207833502e-04
-1.624755859375000000e+00 -2.156259309276504740e-04
-1.600341796875000000e+00 -2.066242061297716775e-04
-1.575927734375000000e+00 -1.987303859224010406e-04
-1.551513671875000000e+00 -1.904211014935898439e-04
-1.527099609375000000e+00 -1.821118170647786471e-04
-1.502685546875000000e+00 -1.749104372264756371e-04
-1.478271484375000000e+00 -1.677090573881725999e-04
-1.453857421875000000e+00 -1.596767491069884430e-04
-1.429443359375000000e+00 -1.515059527519907663e-04
-1.405029296875000000e+00 -1.437506206184336493e-04
-1.380615234375000000e+00 -1.369647050015711720e-04
-1.356201171875000000e+00 -1.282399563513194154e-04
-1.331787109375000000e+00 -1.203461361439487921e-04
-1.307373046875000000e+00 -1.138371966747133546e-04
-1.282958984375000000e+00 -1.081591856483590368e-04
-1.258544921875000000e+00 -1.013732700314965595e-04
-1.234130859375000000e+00 -9.389491404556648245e-05
-1.209716796875000000e+00 -8.780143879777160484e-05
-1.185302734375000000e+00 -8.267738006667138041e-05
-1.160888671875000000e+00 -7.741483326175762248e-05
-1.136474609375000000e+00 -7.215228645684386454e-05
-1.112060546875000000e+00 -6.702822772574362656e-05
-1.087646484375000000e+00 -6.218114514227042846e-05
-1.063232421875000000e+00 -5.774952678023779698e-05
-1.038818359375000000e+00 -5.179453960625643932e-05
-1.014404296875000000e+00 -4.708594509659676117e-05
-9.899902343750000000e-01 -4.210037443931004990e-05
-9.655761718750000000e-01 -3.766875607727741165e-05
-9.411621093750000000e-01 -3.282167349380421355e-05
-9.167480468750000000e-01 -2.908249550083917841e-05
-8.923339843750000000e-01 -2.548180558168765982e-05
-8.679199218750000000e-01 -2.285053217923078086e-05
-8.435058593750000000e-01 -1.966530648151982550e-05
-8.190917968750000000e-01 -1.786496152194406620e-05
-7.946777343750000000e-01 -1.467973582423310915e-05
-7.702636718750000000e-01 -1.135602205270863215e-05
-7.458496093750000000e-01 -7.893820207370635204e-06
-7.214355468750000000e-01 -5.678011026354316075e-06
-6.970214843750000000e-01 -3.739177992965037260e-06
-6.726074218750000000e-01 -2.354297254829838228e-06
-6.481933593750000000e-01 -1.523368811948718766e-06
-6.237792968750000000e-01 -1.246392664321679087e-06
-5.993652343750000000e-01 -1.246392664321679087e-06
-5.749511718750000000e-01 -1.246392664321679087e-06
-5.505371093750000000e-01 -1.246392664321679087e-06
-5.261230468750000000e-01 -1.246392664321679087e-06
-5.017089843750000000e-01 -4.154642214405597309e-07
-4.772949218750000000e-01 2.769761476270397853e-07
-4.528808593750000000e-01 1.246392664321679087e-06
-4.284667968750000000e-01 8.309284428811192500e-07
-4.040527343750000000e-01 9.694165166946391956e-07
-3.796386718750000000e-01 -2.769761476270397853e-07
-3.552246093750000000e-01 -1.384880738135198926e-07
-3.308105468750000000e-01 0.000000000000000000e+00
-3.063964843750000000e-01 4.154642214405596779e-07
-2.819824218750000000e-01 4.154642214405596779e-07
-2.575683593750000000e-01 -5.539522952540795706e-07
-2.331542968750000000e-01 -5.539522952540795706e-07
-2.087402343750000000e-01 0.000000000000000000e+00
-1.843261718750000000e-01 1.384880738135198926e-07
-1.599121093750000000e-01 9.694165166946391956e-07
-1.354980468750000000e-01 2.769761476270397853e-07
-1.110839843750000000e-01 5.539522952540795706e-07
-8.666992187500000000e-02 -2.769761476270397853e-07
-6.225585937500000000e-02 5.539522952540795706e-07
-3.784179687500000000e-02 2.769761476270398382e-07
-1.342773437500000000e-02 2.769761476270398382e-07
