1.098632812500000000e-02 8.309284428811193559e-07
-1.342773437500000000e-02 1.246392664321679087e-06
-3.784179687500000000e-02 2.769761476270398382e-07
-6.225585937500000000e-02 1.384880738135198926e-07
-8.666992187500000000e-02 -5.539522952540795706e-07
-1.110839843750000000e-01 4.154642214405596779e-07
-1.354980468750000000e-01 9.694165166946391956e-07
-1.599121093750000000e-01 1.661856885762238712e-06
-1.843261718750000000e-01 1.246392664321679087e-06
-2.087402343750000000e-01 8.309284428811193559e-07
-2.331542968750000000e-01 0.000000000000000000e+00
-2.575683593750000000e-01 -2.769761476270397853e-07
-2.819824218750000000e-01 -6.924403690675995162e-07
-3.063964843750000000e-01 4.154642214405597309e-07
-3.308105468750000000e-01 2.769761476270397853e-07
-3.552246093750000000e-01 6.924403690675995162e-07
-3.796386718750000000e-01 -2.769761476270397853e-07
-4.040527343750000000e-01 -2.769761476270397853e-07
-4.284667968750000000e-01 -6.924403690675995162e-07
-4.528808593750000000e-01 -5.539522952540795706e-07
-4.772949218750000000e-01 5.539522952540795706e-07
-5.017089843750000000e-01 2.769761476270398382e-07
-5.261230468750000000e-01 4.154642214405596779e-07
-5.505371093750000000e-01 -9.694165166946391956e-07
-5.749511718750000000e-01 1.384880738135199456e-07
-5.993652343750000000e-01 -6.924403690675994103e-07
-6.237792968750000000e-01 -9.694165166946391956e-07
-6.481933593750000000e-01 -2.215809181016318282e-06
-6.726074218750000000e-01 -9.694165166946394073e-07
-6.970214843750000000e-01 -6.924403690675995162e-07
-7.214355468750000000e-01 -9.694165166946391956e-07
-7.458496093750000000e-01 -1.661856885762238923e-06
-7.702636718750000000e-01 -9.694165166946391956e-07
-7.946777343750000000e-01 -1.246392664321679087e-06
-8.190917968750000000e-01 -1.938833033389278391e-06
-8.435058593750000000e-01 -2.769761476270398065e-06
-8.679199218750000000e-01 -1.938833033389278391e-06
-8.923339843750000000e-01 -1.523368811948718766e-06
-9.167480468750000000e-01 -1.661856885762238712e-06
-9.411621093750000000e-01 -1.523368811948718978e-06
-9.655761718750000000e-01 -2.354297254829838228e-06
-9.899902343750000000e-01 -3.046737623897437956e-06
-1.014404296875000000e+00 -3.877666066778556782e-06
-1.038818359375000000e+00 -4.016154140592076728e-06
-1.063232421875000000e+00 -3.462201845337997369e-06
-1.087646484375000000e+00 -3.600689919151517315e-06
-1.112060546875000000e+00 -3.462201845337997369e-06
-1.136474609375000000e+00 -4.016154140592076728e-06
-1.160888671875000000e+00 -4.570106435846156510e-06
-1.185302734375000000e+00 -5.262546804913756238e-06
-1.209716796875000000e+00 -5.401034878727275337e-06
-1.234130859375000000e+00 -6.785915616862473945e-06
-1.258544921875000000e+00 -7.339867912116554575e-06
-1.282958984375000000e+00 -8.170796354997673401e-06
-1.307373046875000000e+00 -7.755332133557113564e-06
-1.331787109375000000e+00 -8.032308281184153456e-06
-1.356201171875000000e+00 -8.170796354997673401e-06
-1.380615234375000000e+00 -8.724748650251753184e-06
-1.405029296875000000e+00 -9.140212871692313020e-06
-1.429443359375000000e+00 -1.135602205270863215e-05
-1.453857421875000000e+00 -1.274090279084382991e-05
-1.478271484375000000e+00 -1.454124775041958920e-05
-1.502685546875000000e+00 -1.481822389804662910e-05
-1.527099609375000000e+00 -1.661856885762238669e-05
-1.551513671875000000e+00 -1.800344959575758615e-05
-1.575927734375000000e+00 -2.049623492440094517e-05
-1.600341796875000000e+00 -2.215809181016318452e-05
-1.624755859375000000e+00 -2.423541291736598031e-05
-1.649169921875000000e+00 -2.534331750787413988e-05
-1.673583984375000000e+00 -2.700517439363637922e-05
-1.697998046875000000e+00 -2.783610283651749890e-05
-1.722412109375000000e+00 -2.839005513177157868e-05
-1.746826171875000000e+00 -2.880551935321213852e-05
-1.771240234375000000e+00 -2.991342394372029808e-05
-1.795654296875000000e+00 -3.379109001049885317e-05
-1.820068359375000000e+00 -3.960758911066669088e-05
-1.844482421875000000e+00 -9.431037826700704228e-05
-1.868896484375000000e+00 -1.505365362352961266e-04
-1.893310546875000000e+00 -2.096709437536691163e-04
-1.917724609375000000e+00 -2.278128814232402292e-04
-1.942138671875000000e+00 -2.472012117571330487e-04
-1.966552734375000000e+00 -2.650661732790770674e-04
-1.990966796875000000e+00 -2.812692779152589011e-04
-2.015380859375000000e+00 -2.966414541085596150e-04
-2.039794921875000000e+00 -3.111827018589792093e-04
-2.064208984375000000e+00 -3.217077954688067252e-04
-2.088623046875000000e+00 -3.352796267025316798e-04
-2.113037109375000000e+00 -3.494054102315107143e-04
-2.137451171875000000e+00 -3.656085148676925479e-04
-2.161865234375000000e+00 -3.784879057323498486e-04
-2.186279296875000000e+00 -3.930291534827694429e-04
-2.210693359375000000e+00 -4.067394727903079175e-04
-2.235107421875000000e+00 -4.201728159502193523e-04
-2.259521484375000000e+00 -4.324982545196226274e-04
-2.283935546875000000e+00 -4.470395022700422217e-04
-2.308349609375000000e+00 -4.622731903895294157e-04
-2.332763671875000000e+00 -4.762604858446949302e-04
-2.357177734375000000e+00 -4.883089482664712197e-04
-2.381591796875000000e+00 -4.968952088429093479e-04
-2.381591796875000000e+00 -4.998034583929933210e-04
-2.357177734375000000e+00 -4.950948638833336428e-04
-2.332763671875000000e+00 -4.858161629378278065e-04
-2.308349609375000000e+00 -4.755680454756273305e-04
-2.283935546875000000e+00 -4.664278326039350141e-04
-2.259521484375000000e+00 -4.575645958798697376e-04
-2.235107421875000000e+00 -4.488398472296179810e-04
-2.210693359375000000e+00 -4.384532416936039851e-04
-2.186279296875000000e+00 -4.295900049695387086e-04
-2.161865234375000000e+00 -4.205882801716599121e-04
-2.137451171875000000e+00 -4.113095792261540757e-04
-2.113037109375000000e+00 -4.011999498377671197e-04
-2.088623046875000000e+00 -3.920597369660748033e-04
-2.064208984375000000e+00 -3.825040598729419271e-04
-2.039794921875000000e+00 -3.733638470012496107e-04
-2.015380859375000000e+00 -3.625617772437950549e-04
-1.990966796875000000e+00 -3.543909808887974323e-04
-1.966552734375000000e+00 -3.456662322385456758e-04
-1.942138671875000000e+00 -3.358335789977857596e-04
-1.917724609375000000e+00 -3.253084853879582438e-04
-1.893310546875000000e+00 -3.153373440733848077e-04
-1.868896484375000000e+00 -3.075820119398276907e-04
-1.844482421875000000e+00 -2.985802871419488943e-04
-1.820068359375000000e+00 -2.884706577535619924e-04
-1.795654296875000000e+00 -2.790534687342426361e-04
-1.771240234375000000e+00 -2.706056962316178652e-04
-1.746826171875000000e+00 -2.618809475813661629e-04
-1.722412109375000000e+00 -2.527407347096738465e-04
-1.697998046875000000e+00 -2.438774979856085429e-04
-1.673583984375000000e+00 -2.354297254829838262e-04
-1.649169921875000000e+00 -2.268434649065455895e-04
-1.624755859375000000e+00 -2.172877878134127133e-04
-1.600341796875000000e+00 -2.092554795322285565e-04
-1.575927734375000000e+00 -2.013616593248579196e-04
-1.551513671875000000e+00 -1.945757437079954422e-04
-1.527099609375000000e+00 -1.859894831315572056e-04
-1.502685546875000000e+00 -1.775417106289324889e-04
-1.478271484375000000e+00 -1.693709142739348392e-04
-1.453857421875000000e+00 -1.607846536974966026e-04
-1.429443359375000000e+00 -1.521983931210583660e-04
-1.405029296875000000e+00 -1.444430609875012490e-04
-1.380615234375000000e+00 -1.380726095920793315e-04
-1.356201171875000000e+00 -1.318406462704709340e-04
-1.331787109375000000e+00 -1.249162425797949367e-04
-1.307373046875000000e+00 -1.179918388891189530e-04
-1.282958984375000000e+00 -1.112059232722564756e-04
-1.258544921875000000e+00 -1.041430315077669584e-04
-1.234130859375000000e+00 -9.735711589090448109e-05
-1.209716796875000000e+00 -9.195608101217720321e-05
-1.185302734375000000e+00 -8.613958191200937905e-05
-1.160888671875000000e+00 -8.018459473802802139e-05
-1.136474609375000000e+00 -7.270623875209794433e-05
-1.112060546875000000e+00 -6.772066809481122628e-05
-1.087646484375000000e+00 -6.190416899464338857e-05
-1.063232421875000000e+00 -5.747255063261075709e-05
-1.038818359375000000e+00 -5.165605153244291937e-05
-1.014404296875000000e+00 -4.667048087515620133e-05
-9.899902343750000000e-01 -4.265432673456412291e-05
-9.655761718750000000e-01 -3.822270837253149143e-05
-9.411621093750000000e-01 -3.531445882244757257e-05
-9.167480468750000000e-01 -2.991342394372029808e-05
-8.923339843750000000e-01 -2.617424595075525955e-05
-8.679199218750000000e-01 -2.160413951490910135e-05
-8.435058593750000000e-01 -1.911135418626574571e-05
-8.190917968750000000e-01 -1.564915234092774707e-05
-7.946777343750000000e-01 -1.398729545516550942e-05
-7.702636718750000000e-01 -1.190997434796271024e-05
-7.458496093750000000e-01 -9.832653240759912748e-06
-7.214355468750000000e-01 -7.339867912116554575e-06
-6.970214843750000000e-01 -5.262546804913756238e-06
-6.726074218750000000e-01 -3.185225697710957478e-06
-6.481933593750000000e-01 -1.938833033389278391e-06
-6.237792968750000000e-01 -1.107904590508159141e-06
-5.993652343750000000e-01 -1.523368811948718978e-06
-5.749511718750000000e-01 -8.309284428811193559e-07
-5.505371093750000000e-01 -1.107904590508159141e-06
-5.261230468750000000e-01 -6.924403690675995162e-07
-5.017089843750000000e-01 -1.107904590508159141e-06
-4.772949218750000000e-01 -1.384880738135198926e-07
-4.528808593750000000e-01 8.309284428811193559e-07
-4.284667968750000000e-01 2.077321107202798337e-06
-4.040527343750000000e-01 1.661856885762238500e-06
-3.796386718750000000e-01 1.107904590508159141e-06
-3.552246093750000000e-01 8.309284428811193559e-07
-3.308105468750000000e-01 1.107904590508159141e-06
-3.063964843750000000e-01 0.000000000000000000e+00
-2.819824218750000000e-01 -4.154642214405596779e-07
-2.575683593750000000e-01 -5.539522952540795706e-07
-2.331542968750000000e-01 -5.539522952540795706e-07
-2.087402343750000000e-01 5.539522952540795706e-07
-1.843261718750000000e-01 2.769761476270398382e-07
-1.599121093750000000e-01 6.924403690675995162e-07
-1.354980468750000000e-01 -4.154642214405596779e-07
-1.110839843750000000e-01 0.000000000000000000e+00
-8.666992187500000000e-02 -5.539522952540795706e-07
-6.225585937500000000e-02 0.000000000000000000e+00
-3.784179687500000000e-02 -4.154642214405596779e-07
-1.342773437500000000e-02 2.769761476270398382e-07
