1.098632812500000000e-02 1.107904590508159141e-06
-1.342773437500000000e-02 1.246392664321679087e-06
-3.784179687500000000e-02 5.539522952540795706e-07
-6.225585937500000000e-02 4.154642214405596779e-07
-8.666992187500000000e-02 6.924403690675995162e-07
-1.110839843750000000e-01 5.539522952540795706e-07
-1.354980468750000000e-01 -5.539522952540795706e-07
-1.599121093750000000e-01 -1.246392664321679087e-06
-1.843261718750000000e-01 -9.694165166946391956e-07
-2.087402343750000000e-01 1.384880738135198926e-07
-2.331542968750000000e-01 2.769761476270397853e-07
-2.575683593750000000e-01 0.000000000000000000e+00
-2.819824218750000000e-01 4.154642214405596779e-07
-3.063964843750000000e-01 4.154642214405596779e-07
-3.308105468750000000e-01 1.107904590508159141e-06
-3.552246093750000000e-01 2.769761476270397853e-07
-3.796386718750000000e-01 8.309284428811193559e-07
-4.040527343750000000e-01 -6.924403690675995162e-07
-4.284667968750000000e-01 -1.246392664321679087e-06
-4.528808593750000000e-01 -1.246392664321679087e-06
-4.772949218750000000e-01 -6.924403690675995162e-07
-5.017089843750000000e-01 -2.769761476270397853e-07
-5.261230468750000000e-01 -1.246392664321679087e-06
-5.505371093750000000e-01 -9.694165166946391956e-07
-5.749511718750000000e-01 -4.154642214405596779e-07
-5.993652343750000000e-01 -4.154642214405596779e-07
-6.237792968750000000e-01 -1.384880738135198926e-07
-6.481933593750000000e-01 -1.246392664321679087e-06
-6.726074218750000000e-01 -1.107904590508159141e-06
-6.970214843750000000e-01 -9.694165166946391956e-07
-7.214355468750000000e-01 -1.107904590508159141e-06
-7.458496093750000000e-01 -1.246392664321679087e-06
-7.702636718750000000e-01 -1.938833033389278391e-06
-7.946777343750000000e-01 -1.523368811948718766e-06
-8.190917968750000000e-01 -2.354297254829838228e-06
-8.435058593750000000e-01 -2.215809181016318282e-06
-8.679199218750000000e-01 -2.215809181016318282e-06
-8.923339843750000000e-01 -1.246392664321679087e-06
-9.167480468750000000e-01 -5.539522952540795706e-07
-9.411621093750000000e-01 -9.694165166946391956e-07
-9.655761718750000000e-01 -1.523368811948718766e-06
-9.899902343750000000e-01 -3.046737623897437532e-06
-1.014404296875000000e+00 -4.293130288219116619e-06
-1.038818359375000000e+00 -4.847082583473196401e-06
-1.063232421875000000e+00 -4.570106435846156510e-06
-1.087646484375000000e+00 -3.739177992965037260e-06
-1.112060546875000000e+00 -4.154642214405596673e-06
-1.136474609375000000e+00 -4.431618362032636565e-06
-1.160888671875000000e+00 -4.985570657286716347e-06
-1.185302734375000000e+00 -4.985570657286716347e-06
-1.209716796875000000e+00 -6.231963321608395010e-06
-1.234130859375000000e+00 -6.924403690675994738e-06
-1.258544921875000000e+00 -7.755332133557113564e-06
-1.282958984375000000e+00 -8.309284428811193347e-06
-1.307373046875000000e+00 -8.309284428811193347e-06
-1.331787109375000000e+00 -9.971141314573432694e-06
-1.356201171875000000e+00 -1.190997434796271193e-05
-1.380615234375000000e+00 -1.440275967660606926e-05
-1.405029296875000000e+00 -1.592612848855478697e-05
-1.429443359375000000e+00 -1.592612848855478697e-05
-1.453857421875000000e+00 -1.717252115287646648e-05
-1.478271484375000000e+00 -1.661856885762238669e-05
-1.502685546875000000e+00 -1.772647344813054626e-05
-1.527099609375000000e+00 -1.924984226007926566e-05
-1.551513671875000000e+00 -2.049623492440094178e-05
-1.575927734375000000e+00 -2.201960373634966118e-05
-1.600341796875000000e+00 -2.174262758872262468e-05
-1.624755859375000000e+00 -2.201960373634966457e-05
-1.649169921875000000e+00 -2.146565144109558479e-05
-1.673583984375000000e+00 -2.215809181016318452e-05
-1.697998046875000000e+00 -2.271204410541726091e-05
-1.722412109375000000e+00 -2.465087713880654015e-05
-1.746826171875000000e+00 -2.686668631982285928e-05
-1.771240234375000000e+00 -3.489899460100701273e-05
-1.795654296875000000e+00 -4.168491021786949007e-05
-1.820068359375000000e+00 -4.514711206320748193e-05
-1.844482421875000000e+00 -4.293130288219116280e-05
-1.868896484375000000e+00 -9.098666449548256359e-05
-1.893310546875000000e+00 -1.527523454163124458e-04
-1.917724609375000000e+00 -2.192266208468019925e-04
-1.942138671875000000e+00 -2.409692484355246240e-04
-1.966552734375000000e+00 -2.555104961859442454e-04
-1.990966796875000000e+00 -2.718520888959395448e-04
-2.015380859375000000e+00 -2.902710027131376975e-04
-2.039794921875000000e+00 -3.067510834969465710e-04
-2.064208984375000000e+00 -3.218462835426202451e-04
-2.088623046875000000e+00 -3.350026505549046399e-04
-2.113037109375000000e+00 -3.512057551910864736e-04
-2.137451171875000000e+00 -3.678243240487088128e-04
-2.161865234375000000e+00 -3.818116195038743273e-04
-2.186279296875000000e+00 -3.952449626637857621e-04
-2.210693359375000000e+00 -4.084013296760701569e-04
-2.235107421875000000e+00 -4.210037443931004719e-04
-2.259521484375000000e+00 -4.318058141505550277e-04
-2.283935546875000000e+00 -4.442697407937718228e-04
-2.308349609375000000e+00 -4.592264527656319769e-04
-2.332763671875000000e+00 -4.739061885898650912e-04
-2.357177734375000000e+00 -4.873395317497765259e-04
-2.381591796875000000e+00 -4.967567207690958822e-04
-2.381591796875000000e+00 -5.006343868358744406e-04
-2.357177734375000000e+00 -4.955103281047742569e-04
-2.332763671875000000e+00 -4.855391867902007666e-04
-2.308349609375000000e+00 -4.748756051065597308e-04
-2.283935546875000000e+00 -4.662893445301214941e-04
-2.259521484375000000e+00 -4.575645958798697376e-04
-2.235107421875000000e+00 -4.485628710819909411e-04
-2.210693359375000000e+00 -4.377608013245363854e-04
-2.186279296875000000e+00 -4.279281480837764692e-04
-2.161865234375000000e+00 -4.189264232858976728e-04
-2.137451171875000000e+00 -4.099246984880188763e-04
-2.113037109375000000e+00 -3.998150690996319203e-04
-2.088623046875000000e+00 -3.892899754898044044e-04
-2.064208984375000000e+00 -3.805652268395526478e-04
-2.039794921875000000e+00 -3.718404781893008913e-04
-2.015380859375000000e+00 -3.635311937604896945e-04
-1.990966796875000000e+00 -3.534215643721027927e-04
-1.966552734375000000e+00 -3.438658872789699165e-04
-1.942138671875000000e+00 -3.348641624810911200e-04
-1.917724609375000000e+00 -3.257239496093988036e-04
-1.893310546875000000e+00 -3.176916413282146467e-04
-1.868896484375000000e+00 -3.082744523088952904e-04
-1.844482421875000000e+00 -2.992727275110164940e-04
-1.820068359375000000e+00 -2.893015861964430579e-04
-1.795654296875000000e+00 -2.804383494723778356e-04
-1.771240234375000000e+00 -2.724060411911936787e-04
-1.746826171875000000e+00 -2.638197806147554421e-04
-1.722412109375000000e+00 -2.542641035216225117e-04
-1.697998046875000000e+00 -2.445699383546761155e-04
-1.673583984375000000e+00 -2.351527493353567863e-04
-1.649169921875000000e+00 -2.258740483898509499e-04
-1.624755859375000000e+00 -2.168723235919721535e-04
-1.600341796875000000e+00 -2.093939676060420764e-04
-1.575927734375000000e+00 -2.026080519891795991e-04
-1.551513671875000000e+00 -1.947142317818089622e-04
-1.527099609375000000e+00 -1.858509950577436857e-04
-1.502685546875000000e+00 -1.772647344813054490e-04
-1.478271484375000000e+00 -1.686784739048672395e-04
-1.453857421875000000e+00 -1.616155821403777223e-04
-1.429443359375000000e+00 -1.542757142282611652e-04
-1.405029296875000000e+00 -1.469358463161446081e-04
-1.380615234375000000e+00 -1.394574903302145310e-04
-1.356201171875000000e+00 -1.322561104919114938e-04
-1.331787109375000000e+00 -1.249162425797949367e-04
-1.307373046875000000e+00 -1.182688150367459929e-04
-1.282958984375000000e+00 -1.103749948293753560e-04
-1.258544921875000000e+00 -1.058048883935291978e-04
-1.234130859375000000e+00 -9.818804433378560076e-05
-1.209716796875000000e+00 -9.292549752887184283e-05
-1.185302734375000000e+00 -8.613958191200937905e-05
-1.160888671875000000e+00 -8.018459473802802139e-05
-1.136474609375000000e+00 -7.367565526879258394e-05
-1.112060546875000000e+00 -6.785915616862474623e-05
-1.087646484375000000e+00 -6.301207358515154813e-05
-1.063232421875000000e+00 -5.844196714930539671e-05
-1.038818359375000000e+00 -5.262546804913755899e-05
-1.014404296875000000e+00 -4.750140931803732101e-05
-9.899902343750000000e-01 -4.265432673456412291e-05
-9.655761718750000000e-01 -3.849968452015853132e-05
-9.411621093750000000e-01 -3.379109001049885317e-05
-9.167480468750000000e-01 -2.977493586990677814e-05
-8.923339843750000000e-01 -2.631273402456877950e-05
-8.679199218750000000e-01 -2.340448447448486064e-05
-8.435058593750000000e-01 -1.952681840770630555e-05
-8.190917968750000000e-01 -1.648008078380886675e-05
-7.946777343750000000e-01 -1.357183123372494958e-05
-7.702636718750000000e-01 -1.107904590508159226e-05
-7.458496093750000000e-01 -7.616844059743595313e-06
-7.214355468750000000e-01 -5.401034878727276184e-06
-6.970214843750000000e-01 -3.462201845337997793e-06
-6.726074218750000000e-01 -2.908249550083917587e-06
-6.481933593750000000e-01 -3.046737623897437956e-06
-6.237792968750000000e-01 -2.354297254829838228e-06
-5.993652343750000000e-01 -2.077321107202798337e-06
-5.749511718750000000e-01 -6.924403690675995162e-07
-5.505371093750000000e-01 -9.694165166946391956e-07
-5.261230468750000000e-01 -5.539522952540795706e-07
-5.017089843750000000e-01 -6.924403690675995162e-07
-4.772949218750000000e-01 -1.523368811948718766e-06
-4.528808593750000000e-01 -5.539522952540796764e-07
-4.284667968750000000e-01 6.924403690675994103e-07
-4.040527343750000000e-01 1.246392664321678875e-06
-3.796386718750000000e-01 1.384880738135198397e-07
-3.552246093750000000e-01 -6.924403690675995162e-07
-3.308105468750000000e-01 -8.309284428811194617e-07
-3.063964843750000000e-01 1.384880738135199456e-07
-2.819824218750000000e-01 0.000000000000000000e+00
-2.575683593750000000e-01 0.000000000000000000e+00
-2.331542968750000000e-01 -8.309284428811194617e-07
-2.087402343750000000e-01 -1.523368811948718978e-06
-1.843261718750000000e-01 -8.309284428811194617e-07
-1.599121093750000000e-01 -2.769761476270398382e-07
-1.354980468750000000e-01 6.924403690675995162e-07
-1.110839843750000000e-01 5.539522952540795706e-07
-8.666992187500000000e-02 0.000000000000000000e+00
-6.225585937500000000e-02 -5.539522952540795706e-07
-3.784179687500000000e-02 4.154642214405596779e-07
-1.342773437500000000e-02 5.539522952540795706e-07
