1.098632812500000000e-02 2.769761476270397853e-07
-1.342773437500000000e-02 1.384880738135198926e-07
-3.784179687500000000e-02 -5.539522952540795706e-07
-6.225585937500000000e-02 -9.694165166946391956e-07
-8.666992187500000000e-02 -1.246392664321679087e-06
-1.110839843750000000e-01 -6.924403690675995162e-07
-1.354980468750000000e-01 -1.246392664321679087e-06
-1.599121093750000000e-01 -8.309284428811192500e-07
-1.843261718750000000e-01 -1.107904590508159141e-06
-2.087402343750000000e-01 2.769761476270397853e-07
-2.331542968750000000e-01 2.769761476270397853e-07
-2.575683593750000000e-01 2.769761476270397853e-07
-2.819824218750000000e-01 4.154642214405596779e-07
-3.063964843750000000e-01 -5.539522952540795706e-07
-3.308105468750000000e-01 -2.769761476270397323e-07
-3.552246093750000000e-01 -1.107904590508159141e-06
-3.796386718750000000e-01 -1.107904590508159141e-06
-4.040527343750000000e-01 -1.246392664321679087e-06
-4.284667968750000000e-01 -9.694165166946391956e-07
-4.528808593750000000e-01 -4.154642214405596779e-07
-4.772949218750000000e-01 -5.539522952540795706e-07
-5.017089843750000000e-01 -8.309284428811193559e-07
-5.261230468750000000e-01 -4.154642214405596779e-07
-5.505371093750000000e-01 -1.246392664321679087e-06
-5.749511718750000000e-01 -8.309284428811192500e-07
-5.993652343750000000e-01 -9.694165166946391956e-07
-6.237792968750000000e-01 4.154642214405596779e-07
-6.481933593750000000e-01 1.384880738135198926e-07
-6.726074218750000000e-01 -8.309284428811193559e-07
-6.970214843750000000e-01 -1.246392664321679087e-06
-7.214355468750000000e-01 -1.800344959575758657e-06
-7.458496093750000000e-01 -1.523368811948718978e-06
-7.702636718750000000e-01 -1.523368811948718978e-06
-7.946777343750000000e-01 -2.492785328643358173e-06
-8.190917968750000000e-01 -3.185225697710957478e-06
-8.435058593750000000e-01 -4.985570657286716347e-06
-8.679199218750000000e-01 -4.154642214405596673e-06
-8.923339843750000000e-01 -3.739177992965037260e-06
-9.167480468750000000e-01 -4.431618362032636565e-06
-9.411621093750000000e-01 -5.954987173981355966e-06
-9.655761718750000000e-01 -7.339867912116554575e-06
-9.899902343750000000e-01 -6.785915616862474792e-06
-1.014404296875000000e+00 -6.785915616862474792e-06
-1.038818359375000000e+00 -7.755332133557113564e-06
-1.063232421875000000e+00 -8.447772502624713292e-06
-1.087646484375000000e+00 -9.001724797878793075e-06
-1.112060546875000000e+00 -9.001724797878793075e-06
-1.136474609375000000e+00 -9.971141314573432694e-06
-1.160888671875000000e+00 -1.121753397889511220e-05
-1.185302734375000000e+00 -1.218695049558975013e-05
-1.209716796875000000e+00 -1.384880738135198948e-05
-1.234130859375000000e+00 -1.523368811948718893e-05
-1.258544921875000000e+00 -1.717252115287646648e-05
-1.282958984375000000e+00 -1.828042574338462604e-05
-1.307373046875000000e+00 -1.869588996482518588e-05
-1.331787109375000000e+00 -1.938833033389278561e-05
-1.356201171875000000e+00 -1.952681840770630555e-05
-1.380615234375000000e+00 -2.105018721965502495e-05
-1.405029296875000000e+00 -2.229657988397670446e-05
-1.429443359375000000e+00 -2.562029365550117977e-05
-1.453857421875000000e+00 -2.672819824600933933e-05
-1.478271484375000000e+00 -2.631273402456877950e-05
-1.502685546875000000e+00 -2.575878172931469971e-05
-1.527099609375000000e+00 -2.478936521262006009e-05
-1.551513671875000000e+00 -2.534331750787413988e-05
-1.575927734375000000e+00 -2.520482943406061993e-05
-1.600341796875000000e+00 -2.742063861507693906e-05
-1.624755859375000000e+00 -2.880551935321213852e-05
-1.649169921875000000e+00 -3.379109001049885317e-05
-1.673583984375000000e+00 -3.960758911066669088e-05
-1.697998046875000000e+00 -4.708594509659676117e-05
-1.722412109375000000e+00 -5.234849190151051910e-05
-1.746826171875000000e+00 -5.968835981362707622e-05
-1.771240234375000000e+00 -9.029422412641497741e-05
-1.795654296875000000e+00 -1.240853141369138170e-04
-1.820068359375000000e+00 -1.618925582880047622e-04
-1.844482421875000000e+00 -1.760183418169837966e-04
-1.868896484375000000e+00 -1.945757437079954422e-04
-1.893310546875000000e+00 -2.096709437536691163e-04
-1.917724609375000000e+00 -2.273974172017996693e-04
-1.942138671875000000e+00 -2.409692484355246240e-04
-1.966552734375000000e+00 -2.541256154478090459e-04
-1.990966796875000000e+00 -2.688053512720421602e-04
-2.015380859375000000e+00 -2.830696228748346603e-04
-2.039794921875000000e+00 -2.984417990681353743e-04
-2.064208984375000000e+00 -3.146449037043172079e-04
-2.088623046875000000e+00 -3.320944010048207211e-04
-2.113037109375000000e+00 -3.488514579362566345e-04
-2.137451171875000000e+00 -3.613153845794733754e-04
-2.161865234375000000e+00 -3.722559424107414511e-04
-2.186279296875000000e+00 -3.833349883158230467e-04
-2.210693359375000000e+00 -3.987071645091237607e-04
-2.235107421875000000e+00 -4.132484122595433550e-04
-2.259521484375000000e+00 -4.287590765266575889e-04
-2.283935546875000000e+00 -4.426078839080095834e-04
-2.308349609375000000e+00 -4.588109885441914171e-04
-2.332763671875000000e+00 -4.751525812541867707e-04
-2.357177734375000000e+00 -4.863701152330818863e-04
-2.357177734375000000e+00 -4.884474363402846854e-04
-2.332763671875000000e+00 -4.819384968710492480e-04
-2.308349609375000000e+00 -4.727982839993569316e-04
-2.283935546875000000e+00 -4.636580711276646152e-04
-2.259521484375000000e+00 -4.549333224774128586e-04
-2.235107421875000000e+00 -4.463470619009746220e-04
-2.210693359375000000e+00 -4.369298728816552657e-04
-2.186279296875000000e+00 -4.262662911980142299e-04
-2.161865234375000000e+00 -4.167106141048813536e-04
-2.137451171875000000e+00 -4.066009847164943976e-04
-2.113037109375000000e+00 -3.971837956971750413e-04
-2.088623046875000000e+00 -3.873511424564151252e-04
-2.064208984375000000e+00 -3.779339534370957689e-04
-2.039794921875000000e+00 -3.685167644177764126e-04
-2.015380859375000000e+00 -3.585456231032029765e-04
-1.990966796875000000e+00 -3.491284340838836744e-04
-1.966552734375000000e+00 -3.402651973598183979e-04
-1.942138671875000000e+00 -3.309864964143125615e-04
-1.917724609375000000e+00 -3.217077954688067252e-04
-1.893310546875000000e+00 -3.132600229661820085e-04
-1.868896484375000000e+00 -3.039813220206761721e-04
-1.844482421875000000e+00 -2.951180852966108956e-04
-1.820068359375000000e+00 -2.852854320558509795e-04
-1.795654296875000000e+00 -2.761452191841586631e-04
-1.771240234375000000e+00 -2.674204705339069607e-04
-1.746826171875000000e+00 -2.584187457360281100e-04
-1.722412109375000000e+00 -2.492785328643357936e-04
-1.697998046875000000e+00 -2.401383199926435043e-04
-1.673583984375000000e+00 -2.319675236376458275e-04
-1.649169921875000000e+00 -2.244891676517157505e-04
-1.624755859375000000e+00 -2.159029070752775138e-04
-1.600341796875000000e+00 -2.069011822773987174e-04
-1.575927734375000000e+00 -1.992843382176551204e-04
-1.551513671875000000e+00 -1.919444703055385633e-04
-1.527099609375000000e+00 -1.834966978029138466e-04
-1.502685546875000000e+00 -1.744949730050350501e-04
-1.478271484375000000e+00 -1.671551050929185201e-04
-1.453857421875000000e+00 -1.605076775498695627e-04
-1.429443359375000000e+00 -1.526138573424989258e-04
-1.405029296875000000e+00 -1.451355013565688488e-04
-1.380615234375000000e+00 -1.379341215182658116e-04
-1.356201171875000000e+00 -1.304557655323357345e-04
-1.331787109375000000e+00 -1.225619453249650976e-04
-1.307373046875000000e+00 -1.152220774128485541e-04
-1.282958984375000000e+00 -1.092670902388671964e-04
-1.258544921875000000e+00 -1.028966388434452789e-04
-1.234130859375000000e+00 -9.583374707895576169e-05
-1.209716796875000000e+00 -9.015573605260144392e-05
-1.185302734375000000e+00 -8.572411769056881921e-05
-1.160888671875000000e+00 -8.101552318090914106e-05
-1.136474609375000000e+00 -7.519902408074130335e-05
-1.112060546875000000e+00 -6.772066809481122628e-05
-1.087646484375000000e+00 -6.231963321608394841e-05
-1.063232421875000000e+00 -5.733406255879723714e-05
-1.038818359375000000e+00 -5.207151575388347921e-05
-1.014404296875000000e+00 -4.708594509659676117e-05
-9.899902343750000000e-01 -4.196188636549652996e-05
-9.655761718750000000e-01 -3.766875607727741165e-05
-9.411621093750000000e-01 -3.337562578905829333e-05
-9.167480468750000000e-01 -2.991342394372029808e-05
-8.923339843750000000e-01 -2.686668631982285928e-05
-8.679199218750000000e-01 -2.340448447448486064e-05
-8.435058593750000000e-01 -2.049623492440094178e-05
-8.190917968750000000e-01 -1.731100922668998642e-05
-7.946777343750000000e-01 -1.426427160279254931e-05
-7.702636718750000000e-01 -1.038660553601399253e-05
-7.458496093750000000e-01 -7.616844059743594466e-06
-7.214355468750000000e-01 -5.124058731100236292e-06
-6.970214843750000000e-01 -3.600689919151517315e-06
-6.726074218750000000e-01 -2.354297254829838228e-06
-6.481933593750000000e-01 -1.938833033389278391e-06
-6.237792968750000000e-01 -1.246392664321679087e-06
-5.993652343750000000e-01 -4.154642214405597309e-07
-5.749511718750000000e-01 1.384880738135198926e-07
-5.505371093750000000e-01 -9.694165166946391956e-07
-5.261230468750000000e-01 -1.107904590508159141e-06
-5.017089843750000000e-01 -1.384880738135199032e-06
-4.772949218750000000e-01 -2.769761476270397853e-07
-4.528808593750000000e-01 -6.924403690675995162e-07
-4.284667968750000000e-01 0.000000000000000000e+00
-4.040527343750000000e-01 6.924403690675995162e-07
-3.796386718750000000e-01 1.661856885762238712e-06
-3.552246093750000000e-01 5.539522952540795706e-07
-3.308105468750000000e-01 -1.384880738135198926e-07
-3.063964843750000000e-01 -9.694165166946394073e-07
-2.819824218750000000e-01 -1.246392664321679087e-06
-2.575683593750000000e-01 -1.938833033389278391e-06
-2.331542968750000000e-01 -1.800344959575758446e-06
-2.087402343750000000e-01 -1.246392664321679087e-06
-1.843261718750000000e-01 -5.539522952540795706e-07
-1.599121093750000000e-01 -2.769761476270397853e-07
-1.354980468750000000e-01 -1.384880738135198926e-07
-1.110839843750000000e-01 1.384880738135198926e-07
-8.666992187500000000e-02 1.384880738135198926e-07
-6.225585937500000000e-02 4.154642214405596779e-07
-3.784179687500000000e-02 1.384880738135198926e-07
-1.342773437500000000e-02 -1.384880738135198926e-07
