1.098632812500000000e-02 8.309284428811192500e-07
-1.342773437500000000e-02 5.539522952540794647e-07
-3.784179687500000000e-02 1.384880738135198397e-07
-6.225585937500000000e-02 -1.246392664321679087e-06
-8.666992187500000000e-02 -1.384880738135198821e-06
-1.110839843750000000e-01 -5.539522952540795706e-07
-1.354980468750000000e-01 -4.154642214405596779e-07
-1.599121093750000000e-01 -1.384880738135198926e-07
-1.843261718750000000e-01 -1.384880738135198926e-07
-2.087402343750000000e-01 4.154642214405596779e-07
-2.331542968750000000e-01 4.154642214405596779e-07
-2.575683593750000000e-01 2.769761476270397853e-07
-2.819824218750000000e-01 1.384880738135198926e-07
-3.063964843750000000e-01 1.384880738135198926e-07
-3.308105468750000000e-01 4.154642214405596779e-07
-3.552246093750000000e-01 1.384880738135198926e-07
-3.796386718750000000e-01 4.154642214405596779e-07
-4.040527343750000000e-01 6.924403690675995162e-07
-4.284667968750000000e-01 6.924403690675995162e-07
-4.528808593750000000e-01 0.000000000000000000e+00
-4.772949218750000000e-01 -1.523368811948718978e-06
-5.017089843750000000e-01 -9.694165166946394073e-07
-5.261230468750000000e-01 -1.246392664321679087e-06
-5.505371093750000000e-01 -1.107904590508159141e-06
-5.749511718750000000e-01 -2.492785328643358173e-06
-5.993652343750000000e-01 -2.354297254829838228e-06
-6.237792968750000000e-01 -1.384880738135199032e-06
-6.481933593750000000e-01 -2.769761476270398382e-07
-6.726074218750000000e-01 1.384880738135198926e-07
-6.970214843750000000e-01 -8.309284428811194617e-07
-7.214355468750000000e-01 -6.924403690675994103e-07
-7.458496093750000000e-01 -5.539522952540795706e-07
-7.702636718750000000e-01 5.539522952540795706e-07
-7.946777343750000000e-01 1.384880738135198926e-07
-8.190917968750000000e-01 1.384880738135198926e-07
-8.435058593750000000e-01 -1.246392664321679087e-06
-8.679199218750000000e-01 -1.800344959575758657e-06
-8.923339843750000000e-01 -1.246392664321679087e-06
-9.167480468750000000e-01 -4.154642214405597309e-07
-9.411621093750000000e-01 1.384880738135198926e-07
-9.655761718750000000e-01 -2.769761476270397853e-07
-9.899902343750000000e-01 -6.924403690675995162e-07
-1.014404296875000000e+00 -1.523368811948718766e-06
-1.038818359375000000e+00 -2.631273402456878119e-06
-1.063232421875000000e+00 -3.185225697710957478e-06
-1.087646484375000000e+00 -3.323713771524477423e-06
-1.112060546875000000e+00 -4.154642214405596673e-06
-1.136474609375000000e+00 -4.016154140592076728e-06
-1.160888671875000000e+00 -3.739177992965036837e-06
-1.185302734375000000e+00 -3.462201845337996945e-06
-1.209716796875000000e+00 -3.600689919151517315e-06
-1.234130859375000000e+00 -4.570106435846156510e-06
-1.258544921875000000e+00 -5.262546804913756238e-06
-1.282958984375000000e+00 -6.093475247794875065e-06
-1.307373046875000000e+00 -7.339867912116553728e-06
-1.331787109375000000e+00 -7.339867912116554575e-06
-1.356201171875000000e+00 -8.447772502624713292e-06
-1.380615234375000000e+00 -8.724748650251753184e-06
-1.405029296875000000e+00 -1.024811746220047258e-05
-1.429443359375000000e+00 -1.080206975745455067e-05
-1.453857421875000000e+00 -1.094055783126807062e-05
-1.478271484375000000e+00 -1.107904590508159226e-05
-1.502685546875000000e+00 -1.094055783126807062e-05
-1.527099609375000000e+00 -1.218695049558975013e-05
-1.551513671875000000e+00 -1.260241471703030997e-05
-1.575927734375000000e+00 -1.495671197186014904e-05
-1.600341796875000000e+00 -1.509520004567366899e-05
-1.624755859375000000e+00 -1.786496152194406620e-05
-1.649169921875000000e+00 -1.911135418626574571e-05
-1.673583984375000000e+00 -2.326599640067134408e-05
-1.697998046875000000e+00 -2.866703127939861518e-05
-1.722412109375000000e+00 -4.223886251312356985e-05
-1.746826171875000000e+00 -5.456430108252683823e-05
-1.771240234375000000e+00 -6.273509743752450824e-05
-1.795654296875000000e+00 -6.716671579955714650e-05
-1.820068359375000000e+00 -6.882857268531938585e-05
-1.844482421875000000e+00 -1.001268773671748936e-04
-1.868896484375000000e+00 -1.335025031562331733e-04
-1.893310546875000000e+00 -1.786496152194406756e-04
-1.917724609375000000e+00 -2.003922428081632799e-04
-1.942138671875000000e+00 -2.207499896587507119e-04
-1.966552734375000000e+00 -2.379225108116271852e-04
-1.990966796875000000e+00 -2.539871273739954718e-04
-2.015380859375000000e+00 -2.714366246744989849e-04
-2.039794921875000000e+00 -2.884706577535619382e-04
-2.064208984375000000e+00 -3.043967862421167320e-04
-2.088623046875000000e+00 -3.167222248115200071e-04
-2.113037109375000000e+00 -3.290476633809232823e-04
-2.137451171875000000e+00 -3.463586726076132213e-04
-2.161865234375000000e+00 -3.653315387200654538e-04
-2.186279296875000000e+00 -3.845813809801447263e-04
-2.210693359375000000e+00 -4.005075094686995200e-04
-2.235107421875000000e+00 -4.162951498834407938e-04
-2.259521484375000000e+00 -4.352680159958930263e-04
-2.283935546875000000e+00 -4.557642509202939783e-04
-2.308349609375000000e+00 -4.776453665828301297e-04
-2.332763671875000000e+00 -4.906632455213010046e-04
-2.332763671875000000e+00 -4.931560308499443636e-04
-2.308349609375000000e+00 -4.867855794545224461e-04
-2.283935546875000000e+00 -4.777838546566436496e-04
-2.259521484375000000e+00 -4.689206179325783731e-04
-2.235107421875000000e+00 -4.588109885441914171e-04
-2.210693359375000000e+00 -4.477319426391098214e-04
-2.186279296875000000e+00 -4.369298728816552657e-04
-2.161865234375000000e+00 -4.282051242314035091e-04
-2.137451171875000000e+00 -4.179570067692030331e-04
-2.113037109375000000e+00 -4.070164489379349574e-04
-2.088623046875000000e+00 -3.971837956971750413e-04
-2.064208984375000000e+00 -3.880435828254827249e-04
-2.039794921875000000e+00 -3.791803461014174484e-04
-2.015380859375000000e+00 -3.674088598272682530e-04
-1.990966796875000000e+00 -3.578531827341353768e-04
-1.966552734375000000e+00 -3.485744817886295946e-04
-1.942138671875000000e+00 -3.391572927693102383e-04
-1.917724609375000000e+00 -3.283552230118556826e-04
-1.893310546875000000e+00 -3.182455936234687265e-04
-1.868896484375000000e+00 -3.096593330470304899e-04
-1.844482421875000000e+00 -2.998266798062705738e-04
-1.820068359375000000e+00 -2.899940265655106576e-04
-1.795654296875000000e+00 -2.804383494723778356e-04
-1.771240234375000000e+00 -2.718520888959395990e-04
-1.746826171875000000e+00 -2.632658283195013623e-04
-1.722412109375000000e+00 -2.535716631525549662e-04
-1.697998046875000000e+00 -2.451238906499301953e-04
-1.673583984375000000e+00 -2.365376300734919857e-04
-1.649169921875000000e+00 -2.283668337184943089e-04
-1.624755859375000000e+00 -2.183956924039208729e-04
-1.600341796875000000e+00 -2.093939676060420764e-04
-1.575927734375000000e+00 -2.010846831772308797e-04
-1.551513671875000000e+00 -1.924984226007926430e-04
-1.527099609375000000e+00 -1.833582097291003266e-04
-1.502685546875000000e+00 -1.753259014479161969e-04
-1.478271484375000000e+00 -1.686784739048672395e-04
-1.453857421875000000e+00 -1.617540702141912422e-04
-1.429443359375000000e+00 -1.530293215639394857e-04
-1.405029296875000000e+00 -1.455509655780094086e-04
-1.380615234375000000e+00 -1.379341215182658116e-04
-1.356201171875000000e+00 -1.315636701228438941e-04
-1.331787109375000000e+00 -1.239468260631002971e-04
-1.307373046875000000e+00 -1.175763746676783931e-04
-1.282958984375000000e+00 -1.110674351984429557e-04
-1.258544921875000000e+00 -1.045584957292075183e-04
-1.234130859375000000e+00 -9.804955625997208081e-05
-1.209716796875000000e+00 -9.181759293836368326e-05
-1.185302734375000000e+00 -8.572411769056880566e-05
-1.160888671875000000e+00 -7.935366629514690171e-05
-1.136474609375000000e+00 -7.270623875209794433e-05
-1.112060546875000000e+00 -6.730520387337066645e-05
-1.087646484375000000e+00 -6.245812128989746835e-05
-1.063232421875000000e+00 -5.830347907549187676e-05
-1.038818359375000000e+00 -5.221000382769699916e-05
-1.014404296875000000e+00 -4.750140931803732101e-05
-9.899902343750000000e-01 -4.265432673456412969e-05
-9.655761718750000000e-01 -3.974607718448021083e-05
-9.411621093750000000e-01 -3.420655423193941301e-05
-9.167480468750000000e-01 -3.115981660804197420e-05
-8.923339843750000000e-01 -2.755912668889045901e-05
-8.679199218750000000e-01 -2.478936521262006009e-05
-8.435058593750000000e-01 -2.063472299821446512e-05
-8.190917968750000000e-01 -1.731100922668998642e-05
-7.946777343750000000e-01 -1.426427160279254931e-05
-7.702636718750000000e-01 -1.177148627414919029e-05
-7.458496093750000000e-01 -8.724748650251753184e-06
-7.214355468750000000e-01 -6.508939469235435748e-06
-6.970214843750000000e-01 -3.877666066778556782e-06
-6.726074218750000000e-01 -2.769761476270397641e-06
-6.481933593750000000e-01 -2.769761476270398065e-06
-6.237792968750000000e-01 -2.492785328643358173e-06
-5.993652343750000000e-01 -1.661856885762238712e-06
-5.749511718750000000e-01 -8.309284428811193559e-07
-5.505371093750000000e-01 -6.924403690675995162e-07
-5.261230468750000000e-01 -6.924403690675995162e-07
-5.017089843750000000e-01 -6.924403690675995162e-07
-4.772949218750000000e-01 -6.924403690675995162e-07
-4.528808593750000000e-01 0.000000000000000000e+00
-4.284667968750000000e-01 1.384880738135199456e-07
-4.040527343750000000e-01 -1.384880738135199456e-07
-3.796386718750000000e-01 -2.769761476270398912e-07
-3.552246093750000000e-01 -5.539522952540795706e-07
-3.308105468750000000e-01 2.769761476270397853e-07
-3.063964843750000000e-01 -9.694165166946391956e-07
-2.819824218750000000e-01 -1.384880738135198926e-07
-2.575683593750000000e-01 2.769761476270397323e-07
-2.331542968750000000e-01 1.661856885762238712e-06
-2.087402343750000000e-01 1.107904590508159141e-06
-1.843261718750000000e-01 5.539522952540795706e-07
-1.599121093750000000e-01 -1.384880738135198926e-07
-1.354980468750000000e-01 -8.309284428811193559e-07
-1.110839843750000000e-01 -1.246392664321679087e-06
-8.666992187500000000e-02 -1.800344959575758657e-06
-6.225585937500000000e-02 -6.924403690675994103e-07
-3.784179687500000000e-02 0.000000000000000000e+00
-1.342773437500000000e-02 5.539522952540795706e-07
