1.098632812500000000e-02 4.154642214405596779e-07
-1.342773437500000000e-02 9.694165166946391956e-07
-3.784179687500000000e-02 -1.384880738135198397e-07
-6.225585937500000000e-02 2.769761476270397853e-07
-8.666992187500000000e-02 2.769761476270397853e-07
-1.110839843750000000e-01 9.694165166946391956e-07
-1.354980468750000000e-01 8.309284428811193559e-07
-1.599121093750000000e-01 6.924403690675995162e-07
-1.843261718750000000e-01 9.694165166946391956e-07
-2.087402343750000000e-01 9.694165166946391956e-07
-2.331542968750000000e-01 0.000000000000000000e+00
-2.575683593750000000e-01 2.769761476270397853e-07
-2.819824218750000000e-01 2.769761476270397853e-07
-3.063964843750000000e-01 2.769761476270397853e-07
-3.308105468750000000e-01 -5.539522952540795706e-07
-3.552246093750000000e-01 -6.924403690675994103e-07
-3.796386718750000000e-01 -5.539522952540795706e-07
-4.040527343750000000e-01 0.000000000000000000e+00
-4.284667968750000000e-01 -9.694165166946391956e-07
-4.528808593750000000e-01 -4.154642214405596779e-07
-4.772949218750000000e-01 1.384880738135199456e-07
-5.017089843750000000e-01 1.384880738135199456e-07
-5.261230468750000000e-01 0.000000000000000000e+00
-5.505371093750000000e-01 -8.309284428811194617e-07
-5.749511718750000000e-01 0.000000000000000000e+00
-5.993652343750000000e-01 -2.769761476270397853e-07
-6.237792968750000000e-01 -8.309284428811194617e-07
-6.481933593750000000e-01 -1.107904590508159141e-06
-6.726074218750000000e-01 -1.246392664321679087e-06
-6.970214843750000000e-01 -5.539522952540795706e-07
-7.214355468750000000e-01 -1.384880738135198926e-07
-7.458496093750000000e-01 -2.769761476270397853e-07
-7.702636718750000000e-01 -4.154642214405596779e-07
-7.946777343750000000e-01 -8.309284428811194617e-07
-8.190917968750000000e-01 -1.107904590508159141e-06
-8.435058593750000000e-01 -2.631273402456878119e-06
-8.679199218750000000e-01 -3.462201845337997369e-06
-8.923339843750000000e-01 -3.185225697710957901e-06
-9.167480468750000000e-01 -2.215809181016318282e-06
-9.411621093750000000e-01 -2.908249550083918010e-06
-9.655761718750000000e-01 -3.462201845337997369e-06
-9.899902343750000000e-01 -4.016154140592076728e-06
-1.014404296875000000e+00 -3.462201845337997369e-06
-1.038818359375000000e+00 -2.908249550083918010e-06
-1.063232421875000000e+00 -2.492785328643358173e-06
-1.087646484375000000e+00 -3.877666066778556782e-06
-1.112060546875000000e+00 -4.847082583473196401e-06
-1.136474609375000000e+00 -5.539522952540795282e-06
-1.160888671875000000e+00 -4.293130288219116619e-06
-1.185302734375000000e+00 -4.847082583473196401e-06
-1.209716796875000000e+00 -5.678011026354316075e-06
-1.234130859375000000e+00 -6.231963321608395010e-06
-1.258544921875000000e+00 -6.231963321608395010e-06
-1.282958984375000000e+00 -6.093475247794875065e-06
-1.307373046875000000e+00 -6.647427543048954847e-06
-1.331787109375000000e+00 -7.755332133557113564e-06
-1.356201171875000000e+00 -8.724748650251753184e-06
-1.380615234375000000e+00 -8.863236724065273129e-06
-1.405029296875000000e+00 -9.001724797878793075e-06
-1.429443359375000000e+00 -8.586260576438233238e-06
-1.453857421875000000e+00 -9.971141314573432694e-06
-1.478271484375000000e+00 -9.417189019319352911e-06
-1.502685546875000000e+00 -1.094055783126807231e-05
-1.527099609375000000e+00 -1.080206975745455237e-05
-1.551513671875000000e+00 -1.177148627414919029e-05
-1.575927734375000000e+00 -1.301787893847087150e-05
-1.600341796875000000e+00 -1.398729545516550942e-05
-1.624755859375000000e+00 -1.454124775041958920e-05
-1.649169921875000000e+00 -1.371031930753846953e-05
-1.673583984375000000e+00 -1.454124775041958920e-05
-1.697998046875000000e+00 -1.537217619330070718e-05
-1.722412109375000000e+00 -1.661856885762238669e-05
-1.746826171875000000e+00 -1.772647344813054626e-05
-1.771240234375000000e+00 -1.980379455533334544e-05
-1.795654296875000000e+00 -2.008077070296038533e-05
-1.820068359375000000e+00 -2.465087713880654354e-05
-1.844482421875000000e+00 -2.562029365550117977e-05
-1.868896484375000000e+00 -3.337562578905829333e-05
-1.893310546875000000e+00 -8.932480760972033780e-05
-1.917724609375000000e+00 -1.613386059927506824e-04
-1.942138671875000000e+00 -2.307211309733241480e-04
-1.966552734375000000e+00 -2.567568888502658707e-04
-1.990966796875000000e+00 -2.750373145936505035e-04
-2.015380859375000000e+00 -2.942871568537297759e-04
-2.039794921875000000e+00 -3.093823568994034500e-04
-2.064208984375000000e+00 -3.218462835426202451e-04
-2.088623046875000000e+00 -3.362490432192263195e-04
-2.113037109375000000e+00 -3.485744817886295946e-04
-2.137451171875000000e+00 -3.627002653176085748e-04
-2.161865234375000000e+00 -3.751641919608253700e-04
-2.186279296875000000e+00 -3.890129993421773645e-04
-2.210693359375000000e+00 -4.031387828711563990e-04
-2.235107421875000000e+00 -4.171260783263219135e-04
-2.259521484375000000e+00 -4.305594214862333482e-04
-2.283935546875000000e+00 -4.430233481294501433e-04
-2.308349609375000000e+00 -4.554872747726669384e-04
-2.332763671875000000e+00 -4.687821298587648532e-04
-2.357177734375000000e+00 -4.844312821996926070e-04
-2.381591796875000000e+00 -4.970336969167229221e-04
-2.381591796875000000e+00 -5.010498510573150547e-04
-2.357177734375000000e+00 -4.967567207690958822e-04
-2.332763671875000000e+00 -4.874780198235900458e-04
-2.308349609375000000e+00 -4.791687353947788491e-04
-2.283935546875000000e+00 -4.701670105969000526e-04
-2.259521484375000000e+00 -4.603343573561401365e-04
-2.235107421875000000e+00 -4.507786802630072602e-04
-2.210693359375000000e+00 -4.401150985793662244e-04
-2.186279296875000000e+00 -4.320827902981820676e-04
-2.161865234375000000e+00 -4.223886251312356714e-04
-2.137451171875000000e+00 -4.113095792261540757e-04
-2.113037109375000000e+00 -3.993996048781913604e-04
-2.088623046875000000e+00 -3.887360231945503246e-04
-2.064208984375000000e+00 -3.801497626181120880e-04
-2.039794921875000000e+00 -3.719789662631144112e-04
-2.015380859375000000e+00 -3.615923607271004153e-04
-1.990966796875000000e+00 -3.518981955601540733e-04
-1.966552734375000000e+00 -3.420655423193941572e-04
-1.942138671875000000e+00 -3.330638175215153607e-04
-1.917724609375000000e+00 -3.236466285021960044e-04
-1.893310546875000000e+00 -3.146449037043172079e-04
-1.868896484375000000e+00 -3.061971312016924913e-04
-1.844482421875000000e+00 -2.981648229205083344e-04
-1.820068359375000000e+00 -2.884706577535619382e-04
-1.795654296875000000e+00 -2.791919568080561019e-04
-1.771240234375000000e+00 -2.700517439363637855e-04
-1.746826171875000000e+00 -2.610500191384850432e-04
-1.722412109375000000e+00 -2.514943420453521128e-04
-1.697998046875000000e+00 -2.423541291736598235e-04
-1.673583984375000000e+00 -2.343218208924756666e-04
-1.649169921875000000e+00 -2.272589291279861494e-04
-1.624755859375000000e+00 -2.190881327729884726e-04
-1.600341796875000000e+00 -2.109173364179907958e-04
-1.575927734375000000e+00 -2.017771235462984794e-04
-1.551513671875000000e+00 -1.929138868222332029e-04
-1.527099609375000000e+00 -1.847430904672355261e-04
-1.502685546875000000e+00 -1.775417106289324889e-04
-1.478271484375000000e+00 -1.707557950120700387e-04
-1.453857421875000000e+00 -1.627234867308858818e-04
-1.429443359375000000e+00 -1.541372261544476452e-04
-1.405029296875000000e+00 -1.454124775041958887e-04
-1.380615234375000000e+00 -1.376571453706387717e-04
-1.356201171875000000e+00 -1.307327416799627744e-04
-1.331787109375000000e+00 -1.240853141369138170e-04
-1.307373046875000000e+00 -1.177148627414919131e-04
-1.282958984375000000e+00 -1.107904590508159158e-04
-1.258544921875000000e+00 -1.030351269172587989e-04
-1.234130859375000000e+00 -9.597223515276928163e-05
-1.209716796875000000e+00 -8.946329568353384419e-05
-1.185302734375000000e+00 -8.392377273099305992e-05
-1.160888671875000000e+00 -7.838424977845226209e-05
-1.136474609375000000e+00 -7.367565526879258394e-05
-1.112060546875000000e+00 -6.869008461150586590e-05
-1.087646484375000000e+00 -6.342753780659210797e-05
-1.063232421875000000e+00 -5.719557448498371720e-05
-1.038818359375000000e+00 -5.151756345862939943e-05
-1.014404296875000000e+00 -4.653199280134268139e-05
-9.899902343750000000e-01 -4.210037443931004990e-05
-9.655761718750000000e-01 -3.905363681541261110e-05
-9.411621093750000000e-01 -3.434504230575293295e-05
-9.167480468750000000e-01 -3.074435238660141437e-05
-8.923339843750000000e-01 -2.658971017219581939e-05
-8.679199218750000000e-01 -2.285053217923078424e-05
-8.435058593750000000e-01 -1.828042574338462604e-05
-8.190917968750000000e-01 -1.467973582423310915e-05
-7.946777343750000000e-01 -1.301787893847086980e-05
-7.702636718750000000e-01 -1.094055783126807231e-05
-7.458496093750000000e-01 -8.447772502624713292e-06
-7.214355468750000000e-01 -6.924403690675994738e-06
-6.970214843750000000e-01 -6.093475247794875065e-06
-6.726074218750000000e-01 -4.985570657286716347e-06
-6.481933593750000000e-01 -2.908249550083918010e-06
-6.237792968750000000e-01 -1.938833033389278391e-06
-5.993652343750000000e-01 -2.215809181016318282e-06
-5.749511718750000000e-01 -1.661856885762238712e-06
-5.505371093750000000e-01 -1.107904590508159141e-06
-5.261230468750000000e-01 6.924403690675995162e-07
-5.017089843750000000e-01 5.539522952540795706e-07
-4.772949218750000000e-01 8.309284428811193559e-07
-4.528808593750000000e-01 -8.309284428811193559e-07
-4.284667968750000000e-01 -6.924403690675995162e-07
-4.040527343750000000e-01 -1.384880738135198821e-06
-3.796386718750000000e-01 -1.384880738135198926e-07
-3.552246093750000000e-01 0.000000000000000000e+00
-3.308105468750000000e-01 6.924403690675995162e-07
-3.063964843750000000e-01 1.107904590508159141e-06
-2.819824218750000000e-01 5.539522952540795706e-07
-2.575683593750000000e-01 4.154642214405596779e-07
-2.331542968750000000e-01 4.154642214405596779e-07
-2.087402343750000000e-01 4.154642214405596250e-07
-1.843261718750000000e-01 -2.769761476270397853e-07
-1.599121093750000000e-01 -1.523368811948718766e-06
-1.354980468750000000e-01 -1.523368811948718766e-06
-1.110839843750000000e-01 -1.661856885762238712e-06
-8.666992187500000000e-02 -1.246392664321679087e-06
-6.225585937500000000e-02 1.384880738135198397e-07
-3.784179687500000000e-02 9.694165166946391956e-07
-1.342773437500000000e-02 9.694165166946391956e-07
