1.098632812500000000e-02 1.523368811948718766e-06
-1.342773437500000000e-02 6.924403690675994103e-07
-3.784179687500000000e-02 -1.107904590508159141e-06
-6.225585937500000000e-02 -2.077321107202798337e-06
-8.666992187500000000e-02 -1.661856885762238712e-06
-1.110839843750000000e-01 -1.523368811948718978e-06
-1.354980468750000000e-01 -1.384880738135199032e-06
-1.599121093750000000e-01 -1.107904590508159141e-06
-1.843261718750000000e-01 -5.539522952540795706e-07
-2.087402343750000000e-01 -4.154642214405596779e-07
-2.331542968750000000e-01 1.384880738135198926e-07
-2.575683593750000000e-01 -2.769761476270397853e-07
-2.819824218750000000e-01 2.769761476270397853e-07
-3.063964843750000000e-01 1.384880738135198926e-07
-3.308105468750000000e-01 9.694165166946391956e-07
-3.552246093750000000e-01 1.384880738135198926e-07
-3.796386718750000000e-01 -6.924403690675995162e-07
-4.040527343750000000e-01 -9.694165166946391956e-07
-4.284667968750000000e-01 -8.309284428811193559e-07
-4.528808593750000000e-01 -1.384880738135199032e-06
-4.772949218750000000e-01 -1.107904590508159141e-06
-5.017089843750000000e-01 -1.384880738135199032e-06
-5.261230468750000000e-01 -2.769761476270397853e-07
-5.505371093750000000e-01 -8.309284428811193559e-07
-5.749511718750000000e-01 -6.924403690675995162e-07
-5.993652343750000000e-01 -8.309284428811194617e-07
-6.237792968750000000e-01 -2.769761476270397853e-07
-6.481933593750000000e-01 0.000000000000000000e+00
-6.726074218750000000e-01 -1.384880738135198926e-07
-6.970214843750000000e-01 -6.924403690675995162e-07
-7.214355468750000000e-01 -9.694165166946391956e-07
-7.458496093750000000e-01 -1.661856885762238712e-06
-7.702636718750000000e-01 -4.293130288219116619e-06
-7.946777343750000000e-01 -4.570106435846156510e-06
-8.190917968750000000e-01 -4.570106435846156510e-06
-8.435058593750000000e-01 -2.631273402456878119e-06
-8.679199218750000000e-01 -4.016154140592076728e-06
-8.923339843750000000e-01 -4.985570657286716347e-06
-9.167480468750000000e-01 -5.539522952540795282e-06
-9.411621093750000000e-01 -6.370451395421914956e-06
-9.655761718750000000e-01 -7.201379838303034629e-06
-9.899902343750000000e-01 -9.001724797878793075e-06
-1.014404296875000000e+00 -9.832653240759912748e-06
-1.038818359375000000e+00 -1.135602205270863215e-05
-1.063232421875000000e+00 -1.246392664321679002e-05
-1.087646484375000000e+00 -1.315636701228438975e-05
-1.112060546875000000e+00 -1.398729545516550942e-05
-1.136474609375000000e+00 -1.606461656236830691e-05
-1.160888671875000000e+00 -1.800344959575758615e-05
-1.185302734375000000e+00 -2.008077070296038533e-05
-1.209716796875000000e+00 -2.035774685058742522e-05
-1.234130859375000000e+00 -2.215809181016318452e-05
-1.258544921875000000e+00 -2.409692484355246037e-05
-1.282958984375000000e+00 -2.548180558168765982e-05
-1.307373046875000000e+00 -2.617424595075525955e-05
-1.331787109375000000e+00 -2.783610283651749890e-05
-1.356201171875000000e+00 -3.032888816516085792e-05
-1.380615234375000000e+00 -3.268318541999069360e-05
-1.405029296875000000e+00 -3.296016156761773350e-05
-1.429443359375000000e+00 -3.600689919151517230e-05
-1.453857421875000000e+00 -3.974607718448021083e-05
-1.478271484375000000e+00 -4.431618362032636903e-05
-1.502685546875000000e+00 -4.888629005617252046e-05
-1.527099609375000000e+00 -5.304093227057811883e-05
-1.551513671875000000e+00 -5.844196714930539671e-05
-1.575927734375000000e+00 -6.259660936371098830e-05
-1.600341796875000000e+00 -6.661276350430306672e-05
-1.624755859375000000e+00 -6.979798920201402547e-05
-1.649169921875000000e+00 -7.519902408074130335e-05
-1.673583984375000000e+00 -8.143098740234970090e-05
-1.697998046875000000e+00 -8.613958191200937905e-05
-1.722412109375000000e+00 -8.918631953590681785e-05
-1.746826171875000000e+00 -9.583374707895576169e-05
-1.771240234375000000e+00 -1.056664003197156778e-04
-1.795654296875000000e+00 -1.222849691773380577e-04
-1.820068359375000000e+00 -1.398729545516550908e-04
-1.844482421875000000e+00 -1.656317362809698007e-04
-1.868896484375000000e+00 -1.924984226007926430e-04
-1.893310546875000000e+00 -2.154874428538369540e-04
-1.917724609375000000e+00 -2.323829878590863874e-04
-1.942138671875000000e+00 -2.451238906499301953e-04
-1.966552734375000000e+00 -2.582802576622146443e-04
-1.990966796875000000e+00 -2.710211604530584793e-04
-2.015380859375000000e+00 -2.848699678344104196e-04
-2.039794921875000000e+00 -2.999651678800840937e-04
-2.064208984375000000e+00 -3.165837367377064872e-04
-2.088623046875000000e+00 -3.307095202666855216e-04
-2.113037109375000000e+00 -3.452507680171051159e-04
-2.137451171875000000e+00 -3.597920157675247102e-04
-2.161865234375000000e+00 -3.717019901154873713e-04
-2.186279296875000000e+00 -3.854123094230258459e-04
-2.210693359375000000e+00 -3.977377479924291211e-04
-2.235107421875000000e+00 -4.142178287762379946e-04
-2.259521484375000000e+00 -4.287590765266575889e-04
-2.283935546875000000e+00 -4.434388123508907031e-04
-2.308349609375000000e+00 -4.582570362489373373e-04
-2.332763671875000000e+00 -4.722443317041028518e-04
-2.357177734375000000e+00 -4.874780198235900458e-04
-2.381591796875000000e+00 -4.970336969167229221e-04
-2.381591796875000000e+00 -5.007728749096879064e-04
-2.357177734375000000e+00 -4.962027684738418024e-04
-2.332763671875000000e+00 -4.874780198235900458e-04
-2.308349609375000000e+00 -4.772299023613895698e-04
-2.283935546875000000e+00 -4.661508564563079742e-04
-2.259521484375000000e+00 -4.561797151417345381e-04
-2.235107421875000000e+00 -4.467625261224151818e-04
-2.210693359375000000e+00 -4.365144086602147058e-04
-2.186279296875000000e+00 -4.268202434932683097e-04
-2.161865234375000000e+00 -4.175415425477624733e-04
-2.137451171875000000e+00 -4.086783058236971968e-04
-2.113037109375000000e+00 -3.982917002876832009e-04
-2.088623046875000000e+00 -3.884590470469232847e-04
-2.064208984375000000e+00 -3.797342983966715282e-04
-2.039794921875000000e+00 -3.707325735987927317e-04
-2.015380859375000000e+00 -3.614538726532868953e-04
-1.990966796875000000e+00 -3.517597074863405534e-04
-1.966552734375000000e+00 -3.435889111313428766e-04
-1.942138671875000000e+00 -3.348641624810911200e-04
-1.917724609375000000e+00 -3.258624376832123235e-04
-1.893310546875000000e+00 -3.160297844424524074e-04
-1.868896484375000000e+00 -3.063356192755060112e-04
-1.844482421875000000e+00 -2.965029660347460951e-04
-1.820068359375000000e+00 -2.873627531630538329e-04
-1.795654296875000000e+00 -2.789149806604290620e-04
-1.771240234375000000e+00 -2.707441843054314394e-04
-1.746826171875000000e+00 -2.620194356551796286e-04
-1.722412109375000000e+00 -2.520482943406061925e-04
-1.697998046875000000e+00 -2.441544741332356099e-04
-1.673583984375000000e+00 -2.362606539258649458e-04
-1.649169921875000000e+00 -2.294747383090024685e-04
-1.624755859375000000e+00 -2.193651089206155125e-04
-1.600341796875000000e+00 -2.117482648608719155e-04
-1.575927734375000000e+00 -2.027465400629931190e-04
-1.551513671875000000e+00 -1.956836482985036018e-04
-1.527099609375000000e+00 -1.869588996482518452e-04
-1.502685546875000000e+00 -1.787881032932541684e-04
-1.478271484375000000e+00 -1.717252115287646783e-04
-1.453857421875000000e+00 -1.625849986570723619e-04
-1.429443359375000000e+00 -1.546911784497017250e-04
-1.405029296875000000e+00 -1.459664297994499684e-04
-1.380615234375000000e+00 -1.391805141825874911e-04
-1.356201171875000000e+00 -1.322561104919114938e-04
-1.331787109375000000e+00 -1.256086829488625364e-04
-1.307373046875000000e+00 -1.182688150367459929e-04
-1.282958984375000000e+00 -1.128677801580187150e-04
-1.258544921875000000e+00 -1.062203526149697576e-04
-1.234130859375000000e+00 -1.009578058100559997e-04
-1.209716796875000000e+00 -9.472584248844760212e-05
-1.185302734375000000e+00 -8.932480760972032424e-05
-1.160888671875000000e+00 -8.364679658336602003e-05
-1.136474609375000000e+00 -7.741483326175762248e-05
-1.112060546875000000e+00 -7.090589379252218503e-05
-1.087646484375000000e+00 -6.467393047091378748e-05
-1.063232421875000000e+00 -5.899591944455947649e-05
-1.038818359375000000e+00 -5.331790841820515872e-05
-1.014404296875000000e+00 -4.847082583473196062e-05
-9.899902343750000000e-01 -4.362374325125876253e-05
-9.655761718750000000e-01 -4.016154140592077067e-05
-9.411621093750000000e-01 -3.517597074863405263e-05
-9.167480468750000000e-01 -3.143679275566901409e-05
-8.923339843750000000e-01 -2.672819824600933933e-05
-8.679199218750000000e-01 -2.368146062211190053e-05
-8.435058593750000000e-01 -2.021925877677390528e-05
-8.190917968750000000e-01 -1.758798537431702631e-05
-7.946777343750000000e-01 -1.495671197186014904e-05
-7.702636718750000000e-01 -1.177148627414919199e-05
-7.458496093750000000e-01 -9.278700945505832966e-06
-7.214355468750000000e-01 -7.755332133557113564e-06
-6.970214843750000000e-01 -5.678011026354316075e-06
-6.726074218750000000e-01 -5.262546804913756238e-06
-6.481933593750000000e-01 -3.046737623897437532e-06
-6.237792968750000000e-01 -2.631273402456878119e-06
-5.993652343750000000e-01 -5.539522952540795706e-07
-5.749511718750000000e-01 -5.539522952540795706e-07
-5.505371093750000000e-01 -2.769761476270397853e-07
-5.261230468750000000e-01 1.384880738135198926e-07
-5.017089843750000000e-01 0.000000000000000000e+00
-4.772949218750000000e-01 -9.694165166946391956e-07
-4.528808593750000000e-01 -1.246392664321679087e-06
-4.284667968750000000e-01 -1.661856885762238712e-06
-4.040527343750000000e-01 -9.694165166946391956e-07
-3.796386718750000000e-01 -1.246392664321679087e-06
-3.552246093750000000e-01 2.769761476270398382e-07
-3.308105468750000000e-01 1.384880738135199032e-06
-3.063964843750000000e-01 1.661856885762238923e-06
-2.819824218750000000e-01 8.309284428811192500e-07
-2.575683593750000000e-01 0.000000000000000000e+00
-2.331542968750000000e-01 -6.924403690675995162e-07
-2.087402343750000000e-01 0.000000000000000000e+00
-1.843261718750000000e-01 5.539522952540795706e-07
-1.599121093750000000e-01 9.694165166946391956e-07
-1.354980468750000000e-01 4.154642214405596779e-07
-1.110839843750000000e-01 1.384880738135198926e-07
-8.666992187500000000e-02 -1.384880738135198926e-07
-6.225585937500000000e-02 -2.769761476270397853e-07
-3.784179687500000000e-02 0.000000000000000000e+00
-1.342773437500000000e-02 2.769761476270397853e-07
