1.098632812500000000e-02 2.769761476270397853e-07
-1.342773437500000000e-02 -1.384880738135198926e-07
-3.784179687500000000e-02 -5.539522952540795706e-07
-6.225585937500000000e-02 -4.154642214405596779e-07
-8.666992187500000000e-02 1.384880738135198926e-07
-1.110839843750000000e-01 2.769761476270397853e-07
-1.354980468750000000e-01 2.769761476270397853e-07
-1.599121093750000000e-01 -1.384880738135198926e-07
-1.843261718750000000e-01 -4.154642214405596779e-07
-2.087402343750000000e-01 -9.694165166946391956e-07
-2.331542968750000000e-01 -1.107904590508159141e-06
-2.575683593750000000e-01 -5.539522952540795706e-07
-2.819824218750000000e-01 1.384880738135198926e-07
-3.063964843750000000e-01 1.384880738135198926e-07
-3.308105468750000000e-01 -2.769761476270397853e-07
-3.552246093750000000e-01 -4.154642214405596779e-07
-3.796386718750000000e-01 1.384880738135198926e-07
-4.040527343750000000e-01 1.107904590508159141e-06
-4.284667968750000000e-01 1.246392664321679087e-06
-4.528808593750000000e-01 8.309284428811193559e-07
-4.772949218750000000e-01 -5.539522952540795706e-07
-5.017089843750000000e-01 -1.661856885762238712e-06
-5.261230468750000000e-01 -9.694165166946394073e-07
-5.505371093750000000e-01 -1.384880738135198821e-06
-5.749511718750000000e-01 -6.924403690675995162e-07
-5.993652343750000000e-01 -5.539522952540795706e-07
-6.237792968750000000e-01 4.154642214405596779e-07
-6.481933593750000000e-01 4.154642214405596779e-07
-6.726074218750000000e-01 -1.107904590508159141e-06
-6.970214843750000000e-01 -2.354297254829838228e-06
-7.214355468750000000e-01 -3.600689919151517315e-06
-7.458496093750000000e-01 -4.016154140592076728e-06
-7.702636718750000000e-01 -4.293130288219116619e-06
-7.946777343750000000e-01 -3.600689919151517738e-06
-8.190917968750000000e-01 -3.877666066778556782e-06
-8.435058593750000000e-01 -3.739177992965037260e-06
-8.679199218750000000e-01 -4.570106435846156510e-06
-8.923339843750000000e-01 -4.708594509659676456e-06
-9.167480468750000000e-01 -5.262546804913756238e-06
-9.411621093750000000e-01 -5.124058731100236292e-06
-9.655761718750000000e-01 -5.678011026354316075e-06
-9.899902343750000000e-01 -5.678011026354316075e-06
-1.014404296875000000e+00 -7.616844059743593619e-06
-1.038818359375000000e+00 -8.863236724065273129e-06
-1.063232421875000000e+00 -1.052509360982751248e-05
-1.087646484375000000e+00 -1.094055783126807231e-05
-1.112060546875000000e+00 -1.135602205270863215e-05
-1.136474609375000000e+00 -1.329485508609790969e-05
-1.160888671875000000e+00 -1.454124775041958920e-05
-1.185302734375000000e+00 -1.537217619330070718e-05
-1.209716796875000000e+00 -1.523368811948718893e-05
-1.234130859375000000e+00 -1.689554500524942658e-05
-1.258544921875000000e+00 -1.758798537431702631e-05
-1.282958984375000000e+00 -1.938833033389278561e-05
-1.307373046875000000e+00 -2.008077070296038533e-05
-1.331787109375000000e+00 -2.229657988397670446e-05
-1.356201171875000000e+00 -2.395843676973894042e-05
-1.380615234375000000e+00 -2.534331750787413988e-05
-1.405029296875000000e+00 -2.742063861507693906e-05
-1.429443359375000000e+00 -2.908249550083917841e-05
-1.453857421875000000e+00 -3.199074505092309388e-05
-1.478271484375000000e+00 -3.434504230575293295e-05
-1.502685546875000000e+00 -3.753026800346389170e-05
-1.527099609375000000e+00 -3.960758911066669088e-05
-1.551513671875000000e+00 -4.251583866075060974e-05
-1.575927734375000000e+00 -4.403920747269932914e-05
-1.600341796875000000e+00 -4.736292124422380784e-05
-1.624755859375000000e+00 -4.819384968710492073e-05
-1.649169921875000000e+00 -5.013268272049419997e-05
-1.673583984375000000e+00 -5.788801485405131015e-05
-1.697998046875000000e+00 -7.284472682591146427e-05
-1.722412109375000000e+00 -9.181759293836368326e-05
-1.746826171875000000e+00 -1.063588406887832775e-04
-1.771240234375000000e+00 -1.229774095464056575e-04
-1.795654296875000000e+00 -1.366877288539441321e-04
-1.820068359375000000e+00 -1.544142023020746851e-04
-1.844482421875000000e+00 -1.671551050929185201e-04
-1.868896484375000000e+00 -1.851585546886761130e-04
-1.893310546875000000e+00 -1.999767785867227201e-04
-1.917724609375000000e+00 -2.174262758872262332e-04
-1.942138671875000000e+00 -2.321060117114593475e-04
-1.966552734375000000e+00 -2.460933071666248891e-04
-1.990966796875000000e+00 -2.585572338098416842e-04
-2.015380859375000000e+00 -2.746218503722099437e-04
-2.039794921875000000e+00 -2.919328595988999369e-04
-2.064208984375000000e+00 -3.106287495637251295e-04
-2.088623046875000000e+00 -3.260009257570258435e-04
-2.113037109375000000e+00 -3.431734469099023167e-04
-2.137451171875000000e+00 -3.599305038413381759e-04
-2.161865234375000000e+00 -3.753026800346388899e-04
-2.186279296875000000e+00 -3.865202140135340055e-04
-2.210693359375000000e+00 -3.999535571734454402e-04
-2.235107421875000000e+00 -4.139408526286109547e-04
-2.259521484375000000e+00 -4.311133737814874280e-04
-2.283935546875000000e+00 -4.438542765723312630e-04
-2.308349609375000000e+00 -4.592264527656319769e-04
-2.332763671875000000e+00 -4.748756051065597308e-04
-2.357177734375000000e+00 -4.885859244140981512e-04
-2.357177734375000000e+00 -4.923251024070632439e-04
-2.332763671875000000e+00 -4.867855794545224461e-04
-2.308349609375000000e+00 -4.775068785090166097e-04
-2.283935546875000000e+00 -4.679512014158837335e-04
-2.259521484375000000e+00 -4.585340123965643772e-04
-2.235107421875000000e+00 -4.489783353034315009e-04
-2.210693359375000000e+00 -4.394226582102986247e-04
-2.186279296875000000e+00 -4.306979095600468681e-04
-2.161865234375000000e+00 -4.218346728359815916e-04
-2.137451171875000000e+00 -4.124174838166622353e-04
-2.113037109375000000e+00 -4.017539021330211995e-04
-2.088623046875000000e+00 -3.913672965970072036e-04
-2.064208984375000000e+00 -3.836119644634500866e-04
-2.039794921875000000e+00 -3.737793112226901705e-04
-2.015380859375000000e+00 -3.639466579819302544e-04
-1.990966796875000000e+00 -3.525906359292216730e-04
-1.966552734375000000e+00 -3.442813515004104763e-04
-1.942138671875000000e+00 -3.351411386287181599e-04
-1.917724609375000000e+00 -3.247545330927041640e-04
-1.893310546875000000e+00 -3.147833917781307279e-04
-1.868896484375000000e+00 -3.061971312016924913e-04
-1.844482421875000000e+00 -2.967799421823731350e-04
-1.820068359375000000e+00 -2.875012412368672986e-04
-1.795654296875000000e+00 -2.780840522175479423e-04
-1.771240234375000000e+00 -2.703287200839908254e-04
-1.746826171875000000e+00 -2.613269952861120831e-04
-1.722412109375000000e+00 -2.519098062667927268e-04
-1.697998046875000000e+00 -2.434620337641679830e-04
-1.673583984375000000e+00 -2.350142612615432663e-04
-1.649169921875000000e+00 -2.261510245374779898e-04
-1.624755859375000000e+00 -2.163183712967180737e-04
-1.600341796875000000e+00 -2.082860630155339168e-04
-1.575927734375000000e+00 -2.005307308819767999e-04
-1.551513671875000000e+00 -1.927753987484196829e-04
-1.527099609375000000e+00 -1.841891381719814463e-04
-1.502685546875000000e+00 -1.758798537431702496e-04
-1.478271484375000000e+00 -1.684014977572401996e-04
-1.453857421875000000e+00 -1.607846536974966026e-04
-1.429443359375000000e+00 -1.521983931210583660e-04
-1.405029296875000000e+00 -1.444430609875012490e-04
-1.380615234375000000e+00 -1.365492407801306121e-04
-1.356201171875000000e+00 -1.294863490156410949e-04
-1.331787109375000000e+00 -1.213155526606434317e-04
-1.307373046875000000e+00 -1.153605654866620740e-04
-1.282958984375000000e+00 -1.103749948293753560e-04
-1.258544921875000000e+00 -1.046969838030210382e-04
-1.234130859375000000e+00 -9.694165166946392125e-05
-1.209716796875000000e+00 -8.932480760972032424e-05
-1.185302734375000000e+00 -8.461621310006065965e-05
-1.160888671875000000e+00 -7.935366629514690171e-05
-1.136474609375000000e+00 -7.409111949023314378e-05
-1.112060546875000000e+00 -6.772066809481122628e-05
-1.087646484375000000e+00 -6.218114514227042846e-05
-1.063232421875000000e+00 -5.705708641117019725e-05
-1.038818359375000000e+00 -5.151756345862939943e-05
-1.014404296875000000e+00 -4.667048087515620133e-05
-9.899902343750000000e-01 -4.168491021786948329e-05
-9.655761718750000000e-01 -3.725329185583685181e-05
-9.411621093750000000e-01 -3.268318541999069360e-05
-9.167480468750000000e-01 -2.880551935321213852e-05
-8.923339843750000000e-01 -2.534331750787413988e-05
-8.679199218750000000e-01 -2.229657988397670107e-05
-8.435058593750000000e-01 -1.952681840770630555e-05
-8.190917968750000000e-01 -1.551066426711423052e-05
-7.946777343750000000e-01 -1.260241471703030997e-05
-7.702636718750000000e-01 -9.417189019319352911e-06
-7.458496093750000000e-01 -8.309284428811193347e-06
-7.214355468750000000e-01 -7.339867912116554575e-06
-6.970214843750000000e-01 -5.678011026354316075e-06
-6.726074218750000000e-01 -3.600689919151517315e-06
-6.481933593750000000e-01 -2.492785328643358173e-06
-6.237792968750000000e-01 -1.384880738135198821e-06
-5.993652343750000000e-01 -1.107904590508159141e-06
-5.749511718750000000e-01 -1.384880738135198926e-07
-5.505371093750000000e-01 -1.246392664321679087e-06
-5.261230468750000000e-01 -9.694165166946391956e-07
-5.017089843750000000e-01 -9.694165166946391956e-07
-4.772949218750000000e-01 -5.539522952540795706e-07
-4.528808593750000000e-01 -4.154642214405597309e-07
-4.284667968750000000e-01 2.769761476270397853e-07
-4.040527343750000000e-01 4.154642214405596779e-07
-3.796386718750000000e-01 -6.924403690675995162e-07
-3.552246093750000000e-01 -1.523368811948718978e-06
-3.308105468750000000e-01 -9.694165166946391956e-07
-3.063964843750000000e-01 2.769761476270397853e-07
-2.819824218750000000e-01 5.539522952540795706e-07
-2.575683593750000000e-01 4.154642214405596779e-07
-2.331542968750000000e-01 -5.539522952540795706e-07
-2.087402343750000000e-01 0.000000000000000000e+00
-1.843261718750000000e-01 9.694165166946391956e-07
-1.599121093750000000e-01 1.107904590508159141e-06
-1.354980468750000000e-01 5.539522952540795706e-07
-1.110839843750000000e-01 -1.107904590508159141e-06
-8.666992187500000000e-02 -2.769761476270398382e-07
-6.225585937500000000e-02 -1.384880738135199456e-07
-3.784179687500000000e-02 -1.384880738135199456e-07
-1.342773437500000000e-02 -5.539522952540795706e-07
