0.000000000000000000e+00 7.907184051594932364e-06
1.220703125000000000e-02 1.417839898906677510e-05
2.441406250000000000e-02 1.772299873633346675e-05
3.662109375000000000e-02 2.358522139527454174e-05
4.882812500000000000e-02 2.822046721862329484e-05
6.103515625000000000e-02 3.258305152295153047e-05
7.324218750000000000e-02 3.571865899168745099e-05
8.544921875000000000e-02 3.939958949846439969e-05
9.765625000000000000e-02 4.648878899299778639e-05
1.098632812500000000e-01 5.180568861389783320e-05
1.220703125000000000e-01 5.548661912067478867e-05
1.342773437500000000e-01 5.971287266549276556e-05
1.464843750000000000e-01 6.421178772933125315e-05
1.586914062500000000e-01 7.075566418582361844e-05
1.708984375000000000e-01 7.579990228770314099e-05
1.831054687500000000e-01 8.002615583252111787e-05
1.953125000000000000e-01 8.561571697244167538e-05
2.075195312500000000e-01 9.161427039089300572e-05
2.197265625000000000e-01 9.815814684738535746e-05
2.319335937500000000e-01 1.038840387468161635e-04
2.441406250000000000e-01 1.078376307726136433e-04
2.563476562500000000e-01 1.138361841910649736e-04
2.685546875000000000e-01 1.213343759641291331e-04
2.807617187500000000e-01 1.255606295089471236e-04
2.929687500000000000e-01 1.327861597629907589e-04
3.051757812500000000e-01 1.383757209029113028e-04
3.173828125000000000e-01 1.480552048281396022e-04
3.295898437500000000e-01 1.541900890061011675e-04
3.417968750000000000e-01 1.592343271079806901e-04
3.540039062500000000e-01 1.640059036908397155e-04
3.662109375000000000e-01 1.704134493878218051e-04
3.784179687500000000e-01 1.768209950848038947e-04
3.906250000000000000e-01 1.848645098959091028e-04
4.028320312500000000e-01 1.896360864787681282e-04
4.150390625000000000e-01 1.971342782518322877e-04
4.272460937500000000e-01 2.027238393917528587e-04
4.394531250000000000e-01 2.092677158482451969e-04
4.516601562500000000e-01 2.156752615452272594e-04
4.638671875000000000e-01 2.226281302802503976e-04
4.760742187500000000e-01 2.279450299011504444e-04
4.882812500000000000e-01 2.359885447122556253e-04
5.004882812500000000e-01 2.438957287638505577e-04
5.126953125000000000e-01 2.534388819295685814e-04
5.249023437500000000e-01 2.584831200314481039e-04
5.371093750000000000e-01 2.621640505382250865e-04
5.493164062500000000e-01 2.693895807922687489e-04
5.615234375000000000e-01 2.756607957297406170e-04
5.737304687500000000e-01 2.828863259837842252e-04
5.859375000000000000e-01 2.887485486427252934e-04
5.981445312500000000e-01 2.954287558587279073e-04
6.103515625000000000e-01 3.021089630747305211e-04
6.225585937500000000e-01 3.079711857336715894e-04
6.347656250000000000e-01 3.146513929496742032e-04
6.469726562500000000e-01 3.236492230773511513e-04
6.591796875000000000e-01 3.307384225718846193e-04
6.713867187500000000e-01 3.352373376357230934e-04
6.835937500000000000e-01 3.397362526995615674e-04
6.958007812500000000e-01 3.465527906750744298e-04
7.080078125000000000e-01 3.540509824481385894e-04
7.202148437500000000e-01 3.577319129549155719e-04
7.324218750000000000e-01 3.578682437144258205e-04
7.446289062500000000e-01 3.596405435880591604e-04
7.568359375000000000e-01 3.592315513095284147e-04
7.690429687500000000e-01 3.578682437144258205e-04
7.812500000000000000e-01 3.590952205500181661e-04
7.934570312500000000e-01 3.619581664997335488e-04
8.056640625000000000e-01 3.652301047279796773e-04
8.178710937500000000e-01 3.619581664997334946e-04
8.300781250000000000e-01 3.522786825745052495e-04
8.422851562500000000e-01 3.432808524468282472e-04
8.544921875000000000e-01 3.360553221927846390e-04
8.666992187500000000e-01 3.308747533313948679e-04
8.789062500000000000e-01 3.267848305460870854e-04
8.911132812500000000e-01 3.218769232037178114e-04
9.033203125000000000e-01 3.240582153558819512e-04
9.155273437500000000e-01 3.206499463681255200e-04
9.277343750000000000e-01 3.059262243410177523e-04
9.399414062500000000e-01 2.884758871237047420e-04
9.521484375000000000e-01 2.875215718071330020e-04
9.643554687500000000e-01 2.902481869973381362e-04
9.765625000000000000e-01 2.903845177568483847e-04
9.643554687500000000e-01 2.778420878819046484e-04
9.521484375000000000e-01 2.621640505382250323e-04
9.399414062500000000e-01 2.508485974988736958e-04
9.277343750000000000e-01 2.381698368644197652e-04
9.155273437500000000e-01 2.290356759772325143e-04
9.033203125000000000e-01 2.226281302802503976e-04
8.911132812500000000e-01 2.145846154691452166e-04
8.789062500000000000e-01 2.155389307857170380e-04
8.666992187500000000e-01 2.119943310384503582e-04
8.544921875000000000e-01 2.102220311648169641e-04
8.422851562500000000e-01 2.043598085058758959e-04
8.300781250000000000e-01 1.957709706567296935e-04
8.178710937500000000e-01 1.841828560983578328e-04
8.056640625000000000e-01 1.775026488823551918e-04
7.934570312500000000e-01 1.704134493878218322e-04
7.812500000000000000e-01 1.691864725522294866e-04
7.690429687500000000e-01 1.659145343239833040e-04
7.568359375000000000e-01 1.618246115386756028e-04
7.446289062500000000e-01 1.547354120441422161e-04
7.324218750000000000e-01 1.454649203974446895e-04
7.202148437500000000e-01 1.432836282452805768e-04
7.080078125000000000e-01 1.389210439409523242e-04
6.958007812500000000e-01 1.348311211556446230e-04
6.835937500000000000e-01 1.278782524206214849e-04
6.713867187500000000e-01 1.231066758377624866e-04
6.591796875000000000e-01 1.176534454573521777e-04
6.469726562500000000e-01 1.109732382413495638e-04
6.347656250000000000e-01 1.038840387468161771e-04
6.225585937500000000e-01 9.938512368297767595e-05
6.103515625000000000e-01 9.584052393571098260e-05
5.981445312500000000e-01 9.229592418844428925e-05
5.859375000000000000e-01 9.011463203628017652e-05
5.737304687500000000e-01 8.670636304852374530e-05
5.615234375000000000e-01 8.288910178223652769e-05
5.493164062500000000e-01 7.702687912329545948e-05
5.371093750000000000e-01 7.034667190729284561e-05
5.249023437500000000e-01 6.693840291953641439e-05
5.126953125000000000e-01 6.107618026059534618e-05
5.004882812500000000e-01 5.875855734892096455e-05
4.882812500000000000e-01 5.357798848753117309e-05
4.760742187500000000e-01 5.425964228508247018e-05
4.638671875000000000e-01 5.044238101879525257e-05
4.516601562500000000e-01 5.030605025928499722e-05
4.394531250000000000e-01 4.485281987887470185e-05
4.272460937500000000e-01 4.049023557454646283e-05
4.150390625000000000e-01 3.571865899168745099e-05
4.028320312500000000e-01 3.435535139658487714e-05
3.906250000000000000e-01 3.312837456099255865e-05
3.784179687500000000e-01 3.190139772540024016e-05
3.662109375000000000e-01 2.931111329470535121e-05
3.540039062500000000e-01 2.767514418058226327e-05
3.417968750000000000e-01 2.358522139527453496e-05
3.295898437500000000e-01 2.154026000262067758e-05
3.173828125000000000e-01 2.044961392653861783e-05
3.051757812500000000e-01 2.126759848360016349e-05
2.929687500000000000e-01 1.908630633143604399e-05
2.807617187500000000e-01 1.826832177437449833e-05
2.685546875000000000e-01 1.513271430563857781e-05
2.563476562500000000e-01 1.499638354612831907e-05
2.441406250000000000e-01 1.213343759641291264e-05
2.319335937500000000e-01 1.349674519151548648e-05
2.197265625000000000e-01 1.145178379886162571e-05
2.075195312500000000e-01 1.131545303935136697e-05
1.953125000000000000e-01 1.008847620375905187e-05
1.831054687500000000e-01 8.725168608656476332e-06
1.708984375000000000e-01 8.316176330125705195e-06
1.586914062500000000e-01 7.225530254043645442e-06
1.464843750000000000e-01 7.770853292084673624e-06
1.342773437500000000e-01 5.453230380410297919e-06
1.220703125000000000e-01 4.635245823348753104e-06
1.098632812500000000e-01 3.271938228246178836e-06
9.765625000000000000e-02 4.635245823348753104e-06
8.544921875000000000e-02 4.498915063838496058e-06
7.324218750000000000e-02 4.907907342369268042e-06
6.103515625000000000e-02 3.544599747266693774e-06
4.882812500000000000e-02 2.044961392653861614e-06
3.662109375000000000e-02 5.453230380410297707e-07
2.441406250000000000e-02 -1.363307595102574162e-07
1.220703125000000000e-02 -6.816537975512871340e-07
