0.000000000000000000e+00 6.543876456492357672e-06
1.220703125000000000e-02 1.213343759641291264e-05
2.441406250000000000e-02 1.649602190074115165e-05
3.662109375000000000e-02 2.194925228115145042e-05
4.882812500000000000e-02 2.590284430694891321e-05
6.103515625000000000e-02 3.081075164931818379e-05
7.324218750000000000e-02 3.408268987756436644e-05
8.544921875000000000e-02 3.803628190336183262e-05
9.765625000000000000e-02 4.321685076475161052e-05
1.098632812500000000e-01 4.880641190467216125e-05
1.220703125000000000e-01 5.507762684214400907e-05
1.342773437500000000e-01 6.134884177961584333e-05
1.464843750000000000e-01 6.530243380541332307e-05
1.586914062500000000e-01 7.143731798337490198e-05
1.708984375000000000e-01 7.620889456623391382e-05
1.831054687500000000e-01 8.179845570615447133e-05
1.953125000000000000e-01 8.793333988411605024e-05
2.075195312500000000e-01 9.325023950501609704e-05
2.197265625000000000e-01 9.924879292346742738e-05
2.319335937500000000e-01 1.048383540633879849e-04
2.441406250000000000e-01 1.108369074818393152e-04
2.563476562500000000e-01 1.184714300144137369e-04
2.685546875000000000e-01 1.229703450782522109e-04
2.807617187500000000e-01 1.270602678635599663e-04
2.929687500000000000e-01 1.315591829273984404e-04
3.051757812500000000e-01 1.378303978648702814e-04
3.173828125000000000e-01 1.450559281189139167e-04
3.295898437500000000e-01 1.526904506514883519e-04
3.417968750000000000e-01 1.588253348294499444e-04
3.540039062500000000e-01 1.671415111595756225e-04
3.662109375000000000e-01 1.725947415399859178e-04
3.784179687500000000e-01 1.783206334394167375e-04
3.906250000000000000e-01 1.850008406554193513e-04
4.028320312500000000e-01 1.924990324284835109e-04
4.150390625000000000e-01 1.991792396444861518e-04
4.272460937500000000e-01 2.040871469868554258e-04
4.394531250000000000e-01 2.079044082531426299e-04
4.516601562500000000e-01 2.171748998998401022e-04
4.638671875000000000e-01 2.231734533182914190e-04
4.760742187500000000e-01 2.298536605342940600e-04
4.882812500000000000e-01 2.339435833196017612e-04
5.004882812500000000e-01 2.419870981307069421e-04
5.126953125000000000e-01 2.494852899037711558e-04
5.249023437500000000e-01 2.584831200314481039e-04
5.371093750000000000e-01 2.638000196523481236e-04
5.493164062500000000e-01 2.745701496536585200e-04
5.615234375000000000e-01 2.794780569960277940e-04
5.737304687500000000e-01 2.853402796549688622e-04
5.859375000000000000e-01 2.903845177568483847e-04
5.981445312500000000e-01 2.966557326943201987e-04
6.103515625000000000e-01 3.040175937078741096e-04
6.225585937500000000e-01 3.087891702907330808e-04
6.347656250000000000e-01 3.154693775067356947e-04
6.469726562500000000e-01 3.236492230773511513e-04
6.591796875000000000e-01 3.327833839645384564e-04
6.713867187500000000e-01 3.400089142185820645e-04
6.835937500000000000e-01 3.465527906750744298e-04
6.958007812500000000e-01 3.520060210554847523e-04
7.080078125000000000e-01 3.601858666261001547e-04
7.202148437500000000e-01 3.685020429562258599e-04
7.324218750000000000e-01 3.730009580200643882e-04
7.446289062500000000e-01 3.770908808053720623e-04
7.568359375000000000e-01 3.785905191599849592e-04
7.690429687500000000e-01 3.807718113121490448e-04
7.812500000000000000e-01 3.813171343501900934e-04
7.934570312500000000e-01 3.794085037170465049e-04
8.056640625000000000e-01 3.772272115648824193e-04
8.178710937500000000e-01 3.704106735893694484e-04
8.300781250000000000e-01 3.610038511831617546e-04
8.422851562500000000e-01 3.528240056125462980e-04
8.544921875000000000e-01 3.464164599155641813e-04
8.666992187500000000e-01 3.368733067498461305e-04
8.789062500000000000e-01 3.225585770012691627e-04
8.911132812500000000e-01 3.121974392784895662e-04
9.033203125000000000e-01 3.025179553532612669e-04
9.155273437500000000e-01 2.935201252255842646e-04
9.277343750000000000e-01 2.853402796549688080e-04
9.399414062500000000e-01 2.813866876291713824e-04
9.521484375000000000e-01 2.741611573751277201e-04
9.643554687500000000e-01 2.643453426903892263e-04
9.765625000000000000e-01 2.553475125627122241e-04
9.887695312500000000e-01 2.546658587651609270e-04
1.000976562500000000e+00 2.563018278792840183e-04
1.013183593750000000e+00 2.554838433222224726e-04
1.025390625000000000e+00 2.411691135736454506e-04
1.037597656250000000e+00 2.263090607870273802e-04
1.049804687500000000e+00 2.092677158482451969e-04
1.062011718750000000e+00 1.997245626825271732e-04
1.074218750000000000e+00 1.908630633143604195e-04
1.086425781250000000e+00 1.916810478714219923e-04
1.098632812500000000e+00 1.944076630616271536e-04
1.110839843750000000e+00 1.956346398972194449e-04
1.123046875000000000e+00 1.866368097695424427e-04
1.110839843750000000e+00 1.717767569829243993e-04
1.098632812500000000e+00 1.559623888797345074e-04
1.086425781250000000e+00 1.442379435618523710e-04
1.074218750000000000e+00 1.396026977385036213e-04
1.062011718750000000e+00 1.360580979912369144e-04
1.049804687500000000e+00 1.326498290034804832e-04
1.037597656250000000e+00 1.321045059654394889e-04
1.025390625000000000e+00 1.286962369776830577e-04
1.013183593750000000e+00 1.259696217874778964e-04
1.000976562500000000e+00 1.206527221665778361e-04
9.887695312500000000e-01 1.128818688744931658e-04
9.765625000000000000e-01 1.089282768486956861e-04
9.643554687500000000e-01 1.019754081136725751e-04
9.521484375000000000e-01 9.611318545473150686e-05
9.399414062500000000e-01 9.093261659334170863e-05
9.277343750000000000e-01 8.779700912460580166e-05
9.155273437500000000e-01 8.725168608656476670e-05
9.033203125000000000e-01 8.248010950370575486e-05
8.911132812500000000e-01 7.839018671839802655e-05
8.789062500000000000e-01 7.470925621162108462e-05
8.666992187500000000e-01 7.198264102141593694e-05
8.544921875000000000e-01 6.802904899561847075e-05
8.422851562500000000e-01 6.448444924835177740e-05
8.300781250000000000e-01 5.971287266549276556e-05
8.178710937500000000e-01 5.725891899430813535e-05
8.056640625000000000e-01 5.371431924704143522e-05
7.934570312500000000e-01 5.098770405683628753e-05
7.812500000000000000e-01 4.867008114516191268e-05
7.690429687500000000e-01 4.567080443593624751e-05
7.568359375000000000e-01 4.335318152426186587e-05
7.446289062500000000e-01 4.103555861258749101e-05
7.324218750000000000e-01 3.885426646042337151e-05
7.202148437500000000e-01 3.830894342238234333e-05
7.080078125000000000e-01 3.749095886532079766e-05
6.958007812500000000e-01 3.421902063707461502e-05
6.835937500000000000e-01 3.176506696588998481e-05
6.713867187500000000e-01 2.726615190205149044e-05
6.591796875000000000e-01 2.672082886401046226e-05
6.469726562500000000e-01 2.372155215478479709e-05
6.347656250000000000e-01 2.317622911674376552e-05
6.225585937500000000e-01 2.222191380017196451e-05
6.103515625000000000e-01 2.181292152164119506e-05
5.981445312500000000e-01 1.990429088849758626e-05
5.859375000000000000e-01 2.113126772408990475e-05
5.737304687500000000e-01 1.894997557192578525e-05
5.615234375000000000e-01 1.826832177437449833e-05
5.493164062500000000e-01 1.486005278661806033e-05
5.371093750000000000e-01 1.431472974857703214e-05
5.249023437500000000e-01 1.254242987494368547e-05
5.126953125000000000e-01 1.131545303935137036e-05
5.004882812500000000e-01 1.145178379886162571e-05
4.882812500000000000e-01 1.008847620375905187e-05
4.760742187500000000e-01 1.049746848228982301e-05
4.638671875000000000e-01 1.008847620375905187e-05
4.516601562500000000e-01 1.172444531788214150e-05
4.394531250000000000e-01 9.815814684738537779e-06
4.272460937500000000e-01 8.316176330125705195e-06
4.150390625000000000e-01 8.316176330125705195e-06
4.028320312500000000e-01 8.452507089635962240e-06
3.906250000000000000e-01 8.452507089635962240e-06
3.784179687500000000e-01 7.089199494533387549e-06
3.662109375000000000e-01 7.498191773064160380e-06
3.540039062500000000e-01 6.543876456492357672e-06
3.417968750000000000e-01 6.134884177961585688e-06
3.295898437500000000e-01 5.316899620900040026e-06
3.173828125000000000e-01 5.453230380410297072e-06
3.051757812500000000e-01 5.725891899430812857e-06
2.929687500000000000e-01 5.180568861389782981e-06
2.807617187500000000e-01 4.362584304328238166e-06
2.685546875000000000e-01 4.771576582859010997e-06
2.563476562500000000e-01 5.180568861389782981e-06
2.441406250000000000e-01 6.271214937471842734e-06
2.319335937500000000e-01 4.907907342369268042e-06
2.197265625000000000e-01 5.044238101879525935e-06
2.075195312500000000e-01 3.271938228246178836e-06
1.953125000000000000e-01 3.680930506776951244e-06
1.831054687500000000e-01 2.317622911674376976e-06
1.708984375000000000e-01 3.680930506776951244e-06
1.586914062500000000e-01 4.362584304328238166e-06
1.464843750000000000e-01 4.226253544817980273e-06
1.342773437500000000e-01 4.089922785307723228e-06
1.220703125000000000e-01 2.453953671184634021e-06
1.098632812500000000e-01 2.317622911674376552e-06
9.765625000000000000e-02 1.635969114123089206e-06
8.544921875000000000e-02 1.635969114123089206e-06
7.324218750000000000e-02 2.317622911674376552e-06
6.103515625000000000e-02 5.453230380410296648e-07
4.882812500000000000e-02 2.646977960169688560e-23
3.662109375000000000e-02 5.453230380410298766e-07
2.441406250000000000e-02 5.453230380410298766e-07
1.220703125000000000e-02 6.816537975512873458e-07
