0.000000000000000000e+00 6.407545696982099780e-06
1.220703125000000000e-02 1.376940671053600227e-05
2.441406250000000000e-02 1.813199101486423959e-05
3.662109375000000000e-02 2.481219823086685684e-05
4.882812500000000000e-02 2.672082886401046226e-05
6.103515625000000000e-02 3.149240544686946733e-05
7.324218750000000000e-02 3.340103608001307613e-05
8.544921875000000000e-02 3.871793570091311616e-05
9.765625000000000000e-02 4.321685076475161730e-05
1.098632812500000000e-01 4.757943506907984953e-05
1.220703125000000000e-01 5.330532696851066239e-05
1.342773437500000000e-01 5.766791127283890140e-05
1.464843750000000000e-01 6.380279545080048032e-05
1.586914062500000000e-01 6.871070279316975429e-05
1.708984375000000000e-01 7.552724076868261673e-05
1.831054687500000000e-01 7.893550975643906151e-05
1.953125000000000000e-01 8.643370152950322104e-05
2.075195312500000000e-01 9.188693190991351642e-05
2.197265625000000000e-01 9.979411596150844878e-05
2.319335937500000000e-01 1.029297234302443693e-04
2.441406250000000000e-01 1.090646076082059482e-04
2.563476562500000000e-01 1.158811455837188242e-04
2.685546875000000000e-01 1.225613527997214381e-04
2.807617187500000000e-01 1.267876063445394421e-04
2.929687500000000000e-01 1.330588212820112831e-04
3.051757812500000000e-01 1.381030593838908057e-04
3.173828125000000000e-01 1.432836282452805768e-04
3.295898437500000000e-01 1.491458509042216450e-04
3.417968750000000000e-01 1.540537582465909190e-04
3.540039062500000000e-01 1.638695729313294669e-04
3.662109375000000000e-01 1.687774802736987409e-04
3.784179687500000000e-01 1.760030105277423762e-04
3.906250000000000000e-01 1.818652331866834444e-04
4.028320312500000000e-01 1.899087479977886524e-04
4.150390625000000000e-01 1.961799629352604935e-04
4.272460937500000000e-01 2.025875086322425831e-04
4.394531250000000000e-01 2.083134005316733756e-04
4.516601562500000000e-01 2.164932461022888322e-04
4.638671875000000000e-01 2.224917995207401490e-04
4.760742187500000000e-01 2.290356759772325143e-04
4.882812500000000000e-01 2.374881830668684681e-04
5.004882812500000000e-01 2.445773825614018277e-04
5.126953125000000000e-01 2.496216206632814044e-04
5.249023437500000000e-01 2.558928356007532184e-04
5.371093750000000000e-01 2.613460659811635408e-04
5.493164062500000000e-01 2.702075653493302403e-04
5.615234375000000000e-01 2.759334572487611142e-04
5.737304687500000000e-01 2.831589875028047223e-04
5.859375000000000000e-01 2.887485486427252392e-04
5.981445312500000000e-01 2.962467404157894529e-04
6.103515625000000000e-01 3.018363015557099698e-04
6.225585937500000000e-01 3.096071548477946807e-04
6.347656250000000000e-01 3.142424006711434033e-04
6.469726562500000000e-01 3.218769232037178114e-04
6.591796875000000000e-01 3.286934611792307281e-04
6.713867187500000000e-01 3.329197147240487049e-04
6.835937500000000000e-01 3.410995602946641073e-04
6.958007812500000000e-01 3.490067443462590668e-04
7.080078125000000000e-01 3.580045744739360691e-04
7.202148437500000000e-01 3.637304663733668887e-04
7.324218750000000000e-01 3.655027662470001744e-04
7.446289062500000000e-01 3.702743428298591998e-04
7.568359375000000000e-01 3.708196658679002483e-04
7.690429687500000000e-01 3.704106735893695026e-04
7.812500000000000000e-01 3.682293814372053628e-04
7.934570312500000000e-01 3.661844200445514715e-04
8.056640625000000000e-01 3.622308280187539918e-04
8.178710937500000000e-01 3.550052977647103836e-04
8.300781250000000000e-01 3.430081909278077500e-04
8.422851562500000000e-01 3.379639528259282275e-04
8.544921875000000000e-01 3.355099991547435363e-04
8.666992187500000000e-01 3.326470532050282078e-04
8.789062500000000000e-01 3.280118073816794310e-04
8.911132812500000000e-01 3.222859154822486113e-04
9.033203125000000000e-01 3.139697391521229061e-04
9.155273437500000000e-01 3.061988858600382495e-04
9.277343750000000000e-01 2.965194019348099501e-04
9.399414062500000000e-01 2.946107713016663616e-04
9.521484375000000000e-01 2.887485486427252392e-04
9.643554687500000000e-01 2.884758871237047420e-04
9.765625000000000000e-01 2.922931483899919732e-04
9.887695312500000000e-01 2.935201252255842646e-04
1.000976562500000000e+00 2.899755254783175848e-04
1.013183593750000000e+00 2.812503568696611339e-04
1.025390625000000000e+00 2.707528883873712888e-04
1.037597656250000000e+00 2.554838433222224184e-04
1.049804687500000000e+00 2.343525755981325340e-04
1.062011718750000000e+00 2.290356759772325143e-04
1.074218750000000000e+00 2.303989835723351085e-04
1.086425781250000000e+00 2.355795524337248796e-04
1.074218750000000000e+00 2.256274069894760831e-04
1.062011718750000000e+00 2.080407390126528513e-04
1.049804687500000000e+00 1.989065781254656276e-04
1.037597656250000000e+00 1.945439938211374021e-04
1.025390625000000000e+00 1.901814095168091496e-04
1.013183593750000000e+00 1.761393412872525976e-04
1.000976562500000000e+00 1.633242498932884184e-04
9.887695312500000000e-01 1.578710195128780959e-04
9.765625000000000000e-01 1.567803734367960531e-04
9.643554687500000000e-01 1.503728277398139635e-04
9.521484375000000000e-01 1.426019744477292797e-04
9.399414062500000000e-01 1.342857981176035745e-04
9.277343750000000000e-01 1.306048676108266461e-04
9.155273437500000000e-01 1.256969602684573722e-04
9.033203125000000000e-01 1.206527221665778496e-04
8.911132812500000000e-01 1.160174763432290863e-04
8.789062500000000000e-01 1.090646076082059618e-04
8.666992187500000000e-01 1.057926693799597791e-04
8.544921875000000000e-01 9.815814684738535746e-05
8.422851562500000000e-01 9.393189330256738058e-05
8.300781250000000000e-01 8.806967064362631237e-05
8.178710937500000000e-01 8.425240937733909476e-05
8.056640625000000000e-01 8.302543254174678982e-05
7.934570312500000000e-01 7.798119443986725372e-05
7.812500000000000000e-01 7.484558697113134675e-05
7.690429687500000000e-01 6.911969507170052712e-05
7.568359375000000000e-01 6.530243380541332307e-05
7.446289062500000000e-01 6.148517253912610546e-05
7.324218750000000000e-01 6.012186494402353839e-05
7.202148437500000000e-01 5.644093443724658291e-05
7.080078125000000000e-01 5.316899620900040704e-05
6.958007812500000000e-01 4.771576582859010489e-05
6.835937500000000000e-01 4.771576582859010489e-05
6.713867187500000000e-01 4.648878899299779317e-05
6.591796875000000000e-01 4.417116608132341153e-05
6.469726562500000000e-01 3.980858177699517252e-05
6.347656250000000000e-01 3.544599747266693351e-05
6.225585937500000000e-01 3.558232823217719564e-05
6.103515625000000000e-01 3.544599747266693351e-05
5.981445312500000000e-01 3.476434367511564998e-05
5.859375000000000000e-01 3.271938228246178582e-05
5.737304687500000000e-01 2.890212101617458177e-05
5.615234375000000000e-01 2.972010557323612743e-05
5.493164062500000000e-01 2.849312873764380894e-05
5.371093750000000000e-01 2.685715962352071761e-05
5.249023437500000000e-01 2.467586747135659810e-05
5.126953125000000000e-01 2.358522139527453835e-05
5.004882812500000000e-01 2.263090607870273395e-05
4.882812500000000000e-01 2.004062164800784500e-05
4.760742187500000000e-01 1.717767569829243857e-05
4.638671875000000000e-01 1.731400645780269392e-05
4.516601562500000000e-01 1.690501417927192448e-05
4.394531250000000000e-01 1.567803734367960599e-05
4.272460937500000000e-01 1.336041443200522944e-05
4.150390625000000000e-01 1.254242987494368547e-05
4.028320312500000000e-01 1.104279152033085288e-05
3.906250000000000000e-01 1.145178379886162571e-05
3.784179687500000000e-01 9.406822406207764948e-06
3.662109375000000000e-01 1.063379924180008005e-05
3.540039062500000000e-01 1.036113772277956596e-05
3.417968750000000000e-01 1.008847620375905187e-05
3.295898437500000000e-01 8.043514811105189409e-06
3.173828125000000000e-01 6.271214937471842734e-06
3.051757812500000000e-01 4.226253544817981120e-06
2.929687500000000000e-01 3.408268987756436305e-06
2.807617187500000000e-01 2.317622911674376552e-06
2.685546875000000000e-01 4.498915063838496058e-06
2.563476562500000000e-01 6.407545696982100627e-06
2.441406250000000000e-01 8.316176330125705195e-06
2.319335937500000000e-01 6.680207216002615565e-06
2.197265625000000000e-01 4.498915063838496058e-06
2.075195312500000000e-01 2.317622911674376552e-06
1.953125000000000000e-01 2.453953671184634445e-06
1.831054687500000000e-01 2.317622911674376552e-06
1.708984375000000000e-01 4.498915063838496058e-06
1.586914062500000000e-01 4.089922785307724075e-06
1.464843750000000000e-01 3.953592025797466182e-06
1.342773437500000000e-01 1.363307595102572574e-07
1.220703125000000000e-01 5.453230380410297707e-07
1.098632812500000000e-01 2.646977960169688560e-23
9.765625000000000000e-02 1.499638354612831737e-06
8.544921875000000000e-02 2.726615190205148324e-07
7.324218750000000000e-02 -5.453230380410297707e-07
6.103515625000000000e-02 4.089922785307726192e-07
4.882812500000000000e-02 5.453230380410300884e-07
3.662109375000000000e-02 1.908630633143604568e-06
2.441406250000000000e-02 1.090646076082059541e-06
1.220703125000000000e-02 9.543153165718020723e-07
