0.000000000000000000e+00 5.725891899430812857e-06
1.220703125000000000e-02 1.308775291298471534e-05
2.441406250000000000e-02 1.826832177437449833e-05
3.662109375000000000e-02 2.263090607870273734e-05
4.882812500000000000e-02 2.535752126890788503e-05
6.103515625000000000e-02 2.835679797813355020e-05
7.324218750000000000e-02 3.271938228246178582e-05
8.544921875000000000e-02 3.530966671315668493e-05
9.765625000000000000e-02 4.130822013160800849e-05
1.098632812500000000e-01 4.703411203103882135e-05
1.220703125000000000e-01 5.303266544949015169e-05
1.342773437500000000e-01 5.671359595626710039e-05
1.464843750000000000e-01 6.093984950108508405e-05
1.586914062500000000e-01 6.475711076737228811e-05
1.708984375000000000e-01 7.007401038827232136e-05
1.831054687500000000e-01 7.470925621162108462e-05
1.953125000000000000e-01 8.084414038958266354e-05
2.075195312500000000e-01 8.738801684607502883e-05
2.197265625000000000e-01 9.297757798599557279e-05
2.319335937500000000e-01 1.004757697590597323e-04
2.441406250000000000e-01 1.066106539370213112e-04
2.563476562500000000e-01 1.143815072291059815e-04
2.685546875000000000e-01 1.190167530524547583e-04
2.807617187500000000e-01 1.235156681162932323e-04
2.929687500000000000e-01 1.293778907752343276e-04
3.051757812500000000e-01 1.356491057127061687e-04
3.173828125000000000e-01 1.434199590047908254e-04
3.295898437500000000e-01 1.509181507778549849e-04
3.417968750000000000e-01 1.575983579938575988e-04
3.540039062500000000e-01 1.637332421718191912e-04
3.662109375000000000e-01 1.690501417927192380e-04
3.784179687500000000e-01 1.730037338185167178e-04
3.906250000000000000e-01 1.776389796418654675e-04
4.028320312500000000e-01 1.817289024271731687e-04
4.150390625000000000e-01 1.897724172382783767e-04
4.272460937500000000e-01 1.980885935684040819e-04
4.394531250000000000e-01 2.046324700248964472e-04
4.516601562500000000e-01 2.122669925574708553e-04
4.638671875000000000e-01 2.197651843305349878e-04
4.760742187500000000e-01 2.259000685084965802e-04
4.882812500000000000e-01 2.331255987625402426e-04
5.004882812500000000e-01 2.378971753453992680e-04
5.126953125000000000e-01 2.451227055994428762e-04
5.249023437500000000e-01 2.513939205369147443e-04
5.371093750000000000e-01 2.587557815504686011e-04
5.493164062500000000e-01 2.669356271210840577e-04
5.615234375000000000e-01 2.732068420585559258e-04
5.737304687500000000e-01 2.796143877555380425e-04
5.859375000000000000e-01 2.867035872500714021e-04
5.981445312500000000e-01 2.929748021875432703e-04
6.103515625000000000e-01 3.011546477581587269e-04
6.225585937500000000e-01 3.085165087717125837e-04
6.347656250000000000e-01 3.166963543423280403e-04
6.469726562500000000e-01 3.210589386466563199e-04
6.591796875000000000e-01 3.295114457362922737e-04
6.713867187500000000e-01 3.342830223191512991e-04
6.835937500000000000e-01 3.435535139658487443e-04
6.958007812500000000e-01 3.488704135867488182e-04
7.080078125000000000e-01 3.563686053598129778e-04
7.202148437500000000e-01 3.618218357402232460e-04
7.324218750000000000e-01 3.661844200445515257e-04
7.446289062500000000e-01 3.705470043488797512e-04
7.568359375000000000e-01 3.746369271341874795e-04
7.690429687500000000e-01 3.758639039697798251e-04
7.812500000000000000e-01 3.776362038434131108e-04
7.934570312500000000e-01 3.770908808053721165e-04
8.056640625000000000e-01 3.766818885268413165e-04
8.178710937500000000e-01 3.701380120703489512e-04
8.300781250000000000e-01 3.601858666261001547e-04
8.422851562500000000e-01 3.540509824481386436e-04
8.544921875000000000e-01 3.506427134603821581e-04
8.666992187500000000e-01 3.460074676370333813e-04
8.789062500000000000e-01 3.360553221927846390e-04
8.911132812500000000e-01 3.211952694061665685e-04
9.033203125000000000e-01 2.996550094035458842e-04
9.155273437500000000e-01 2.808413645911303339e-04
9.277343750000000000e-01 2.738884958561072229e-04
9.399414062500000000e-01 2.733431728180661744e-04
9.521484375000000000e-01 2.787964031984764969e-04
9.643554687500000000e-01 2.787964031984764969e-04
9.765625000000000000e-01 2.793417262365174912e-04
9.887695312500000000e-01 2.665266348425533120e-04
1.000976562500000000e+00 2.452590363589531247e-04
1.013183593750000000e+00 2.272633761035991744e-04
1.025390625000000000e+00 2.133576386335528981e-04
1.037597656250000000e+00 2.196288535710247663e-04
1.049804687500000000e+00 2.323076142054786969e-04
1.062011718750000000e+00 2.246730916729042617e-04
1.049804687500000000e+00 2.031328316702836045e-04
1.037597656250000000e+00 1.788659564774577860e-04
1.025390625000000000e+00 1.652328805264320069e-04
1.013183593750000000e+00 1.551444043226729618e-04
1.000976562500000000e+00 1.401480207765446427e-04
9.887695312500000000e-01 1.360580979912369415e-04
9.765625000000000000e-01 1.327861597629907589e-04
9.643554687500000000e-01 1.303322060918061219e-04
9.521484375000000000e-01 1.273329293825804635e-04
9.399414062500000000e-01 1.218796990021701681e-04
9.277343750000000000e-01 1.150631610266572921e-04
9.155273437500000000e-01 1.107005767223290531e-04
9.033203125000000000e-01 1.038840387468161771e-04
8.911132812500000000e-01 9.393189330256738058e-05
8.789062500000000000e-01 8.657003228901348317e-05
8.666992187500000000e-01 8.084414038958266354e-05
8.544921875000000000e-01 8.043514811105189071e-05
8.422851562500000000e-01 7.648155608525443808e-05
8.300781250000000000e-01 7.239163329994670977e-05
8.178710937500000000e-01 6.762005671708769792e-05
8.056640625000000000e-01 6.339380317226970749e-05
7.934570312500000000e-01 5.930388038696199273e-05
7.812500000000000000e-01 5.644093443724658291e-05
7.690429687500000000e-01 5.507762684214400907e-05
7.568359375000000000e-01 5.439597304459271876e-05
7.446289062500000000e-01 5.112403481634654289e-05
7.324218750000000000e-01 4.826108886663113984e-05
7.202148437500000000e-01 4.485281987887470185e-05
7.080078125000000000e-01 4.498915063838495720e-05
6.958007812500000000e-01 4.171721241013878133e-05
6.835937500000000000e-01 3.885426646042337151e-05
6.713867187500000000e-01 3.530966671315667816e-05
6.591796875000000000e-01 3.299204380148230330e-05
6.469726562500000000e-01 3.190139772540024016e-05
6.347656250000000000e-01 3.121974392784895662e-05
6.225585937500000000e-01 2.917478253519509247e-05
6.103515625000000000e-01 2.590284430694891660e-05
5.981445312500000000e-01 2.194925228115145042e-05
5.859375000000000000e-01 2.099493696457964601e-05
5.737304687500000000e-01 1.976796012898733091e-05
5.615234375000000000e-01 1.881364481241552990e-05
5.493164062500000000e-01 1.635969114123089291e-05
5.371093750000000000e-01 1.745033721731295266e-05
5.249023437500000000e-01 1.622336038172063417e-05
5.126953125000000000e-01 1.676868341976166574e-05
5.004882812500000000e-01 1.295142215347445830e-05
4.882812500000000000e-01 1.199710683690265559e-05
4.760742187500000000e-01 1.090646076082059584e-05
4.638671875000000000e-01 1.104279152033085288e-05
4.516601562500000000e-01 1.145178379886162571e-05
4.394531250000000000e-01 1.022480696326930892e-05
4.272460937500000000e-01 9.134160887187249163e-06
4.150390625000000000e-01 6.543876456492356825e-06
4.028320312500000000e-01 5.180568861389782981e-06
3.906250000000000000e-01 5.725891899430812857e-06
3.784179687500000000e-01 5.316899620900040873e-06
3.662109375000000000e-01 5.998553418451328643e-06
3.540039062500000000e-01 4.362584304328238166e-06
3.417968750000000000e-01 3.817261266287208289e-06
3.295898437500000000e-01 3.544599747266693351e-06
3.173828125000000000e-01 5.998553418451326949e-06
3.051757812500000000e-01 7.089199494533386702e-06
2.929687500000000000e-01 7.361861013553902487e-06
2.807617187500000000e-01 4.226253544817980273e-06
2.685546875000000000e-01 1.908630633143604145e-06
2.563476562500000000e-01 1.363307595102574692e-07
2.441406250000000000e-01 6.816537975512873458e-07
2.319335937500000000e-01 1.226976835592317222e-06
2.197265625000000000e-01 4.089922785307725133e-07
2.075195312500000000e-01 5.453230380410297707e-07
1.953125000000000000e-01 0.000000000000000000e+00
1.831054687500000000e-01 9.543153165718020723e-07
1.708984375000000000e-01 4.089922785307723545e-07
1.586914062500000000e-01 1.226976835592316799e-06
1.464843750000000000e-01 1.363307595102574480e-06
1.342773437500000000e-01 2.453953671184634445e-06
1.220703125000000000e-01 3.817261266287209136e-06
1.098632812500000000e-01 3.817261266287209136e-06
9.765625000000000000e-02 3.271938228246179260e-06
8.544921875000000000e-02 2.590284430694891490e-06
7.324218750000000000e-02 1.499638354612831737e-06
6.103515625000000000e-02 6.816537975512872399e-07
4.882812500000000000e-02 -6.816537975512871340e-07
3.662109375000000000e-02 -2.726615190205148854e-07
2.441406250000000000e-02 5.453230380410296648e-07
1.220703125000000000e-02 8.179845570615446032e-07
