0.000000000000000000e+00 7.634522532574416578e-06
1.220703125000000000e-02 1.513271430563857781e-05
2.441406250000000000e-02 1.908630633143604060e-05
3.662109375000000000e-02 2.522119050939762968e-05
4.882812500000000000e-02 2.890212101617457499e-05
6.103515625000000000e-02 3.503700519413616068e-05
7.324218750000000000e-02 3.762728962483105302e-05
8.544921875000000000e-02 4.158088165062851920e-05
9.765625000000000000e-02 4.689778127152855922e-05
1.098632812500000000e-01 5.221468089242860603e-05
1.220703125000000000e-01 5.780424203234915676e-05
1.342773437500000000e-01 6.353013393177996961e-05
1.464843750000000000e-01 6.830171051463898146e-05
1.586914062500000000e-01 7.348227937602876613e-05
1.708984375000000000e-01 7.784486368035700514e-05
1.831054687500000000e-01 8.425240937733910831e-05
1.953125000000000000e-01 9.093261659334172218e-05
2.075195312500000000e-01 9.624951621424175543e-05
2.197265625000000000e-01 1.015664158351418022e-04
2.319335937500000000e-01 1.082466230511444161e-04
2.441406250000000000e-01 1.151994917861675542e-04
2.563476562500000000e-01 1.237883296353137566e-04
2.685546875000000000e-01 1.280145831801317606e-04
2.807617187500000000e-01 1.344221288771138502e-04
2.929687500000000000e-01 1.394663669789933727e-04
3.051757812500000000e-01 1.461465741949959866e-04
3.173828125000000000e-01 1.509181507778550120e-04
3.295898437500000000e-01 1.570530349558166045e-04
3.417968750000000000e-01 1.640059036908397155e-04
3.540039062500000000e-01 1.712314339448833508e-04
3.662109375000000000e-01 1.790022872369680345e-04
3.784179687500000000e-01 1.837738638198270599e-04
3.906250000000000000e-01 1.900450787572988739e-04
4.028320312500000000e-01 1.939986707830963536e-04
4.150390625000000000e-01 2.027238393917528045e-04
4.272460937500000000e-01 2.106310234433477640e-04
4.394531250000000000e-01 2.199015150900452634e-04
4.516601562500000000e-01 2.263090607870273531e-04
4.638671875000000000e-01 2.333982602815607669e-04
4.760742187500000000e-01 2.385788291429505380e-04
4.882812500000000000e-01 2.452590363589531247e-04
5.004882812500000000e-01 2.507122667393634472e-04
5.126953125000000000e-01 2.573924739553661153e-04
5.249023437500000000e-01 2.639363504118584264e-04
5.371093750000000000e-01 2.703438961088405431e-04
5.493164062500000000e-01 2.777057571223943999e-04
5.615234375000000000e-01 2.846586258574175651e-04
5.737304687500000000e-01 2.898391947188073362e-04
5.859375000000000000e-01 2.977463787704022957e-04
5.981445312500000000e-01 3.055172320624869524e-04
6.103515625000000000e-01 3.121974392784895662e-04
6.225585937500000000e-01 3.179233311779203859e-04
6.347656250000000000e-01 3.224222462417589141e-04
6.469726562500000000e-01 3.299204380148230194e-04
6.591796875000000000e-01 3.352373376357230934e-04
6.713867187500000000e-01 3.409632295351538588e-04
6.835937500000000000e-01 3.485977520677282669e-04
6.958007812500000000e-01 3.567775976383437235e-04
7.080078125000000000e-01 3.630488125758155916e-04
7.202148437500000000e-01 3.672750661206335685e-04
7.324218750000000000e-01 3.676840583991643143e-04
7.446289062500000000e-01 3.683657121967156113e-04
7.568359375000000000e-01 3.691836967537771570e-04
7.690429687500000000e-01 3.670024046016130172e-04
7.812500000000000000e-01 3.694563582727977084e-04
7.934570312500000000e-01 3.641394586518976345e-04
8.056640625000000000e-01 3.586862282714873662e-04
8.178710937500000000e-01 3.488704135867488182e-04
8.300781250000000000e-01 3.447804908014410899e-04
8.422851562500000000e-01 3.376912913069077303e-04
8.544921875000000000e-01 3.315564071289461108e-04
8.666992187500000000e-01 3.172416773803690888e-04
8.789062500000000000e-01 3.082438472526920865e-04
8.911132812500000000e-01 2.905208485163586333e-04
9.033203125000000000e-01 2.793417262365174912e-04
9.155273437500000000e-01 2.670719578805943605e-04
9.277343750000000000e-01 2.582104585124276068e-04
9.399414062500000000e-01 2.524845666129968413e-04
9.521484375000000000e-01 2.471676669920967132e-04
9.643554687500000000e-01 2.368065292693171710e-04
9.765625000000000000e-01 2.169022383808195779e-04
9.887695312500000000e-01 2.065411006580400357e-04
1.000976562500000000e+00 2.103583619243272669e-04
1.013183593750000000e+00 2.066774314175502843e-04
1.000976562500000000e+00 2.023148471132220588e-04
9.887695312500000000e-01 1.802292640725603259e-04
9.765625000000000000e-01 1.775026488823551918e-04
9.643554687500000000e-01 1.642785652098602126e-04
9.521484375000000000e-01 1.599159809055319872e-04
9.399414062500000000e-01 1.483278663471600993e-04
9.277343750000000000e-01 1.397390284980138970e-04
9.155273437500000000e-01 1.341494673580933259e-04
9.033203125000000000e-01 1.267876063445394150e-04
8.911132812500000000e-01 1.183350992549034748e-04
8.789062500000000000e-01 1.090646076082059618e-04
8.666992187500000000e-01 1.049746848228982335e-04
8.544921875000000000e-01 1.011574235566110294e-04
8.422851562500000000e-01 9.965778520199820021e-05
8.300781250000000000e-01 9.529520089766996120e-05
8.178710937500000000e-01 9.011463203628016297e-05
8.056640625000000000e-01 8.520672469391091610e-05
7.934570312500000000e-01 8.070780963007241496e-05
7.812500000000000000e-01 7.811752519937751585e-05
7.690429687500000000e-01 7.334594861651850400e-05
7.568359375000000000e-01 6.871070279316975429e-05
7.446289062500000000e-01 6.557509532443383377e-05
7.324218750000000000e-01 6.189416481765689184e-05
7.202148437500000000e-01 5.862222658941070242e-05
7.080078125000000000e-01 5.548661912067478190e-05
6.958007812500000000e-01 5.330532696851066239e-05
6.835937500000000000e-01 5.303266544949014491e-05
6.713867187500000000e-01 5.016971949977474187e-05
6.591796875000000000e-01 4.580713519544649608e-05
6.469726562500000000e-01 4.267152772671058234e-05
6.347656250000000000e-01 4.076289709356698031e-05
6.225585937500000000e-01 3.967225101748491717e-05
6.103515625000000000e-01 3.721829734630028696e-05
5.981445312500000000e-01 3.244672076344127512e-05
5.859375000000000000e-01 2.985643633274638278e-05
5.737304687500000000e-01 2.835679797813354681e-05
5.615234375000000000e-01 2.767514418058226327e-05
5.493164062500000000e-01 2.631183658547968604e-05
5.371093750000000000e-01 2.440320595233608401e-05
5.249023437500000000e-01 2.276723683821299269e-05
5.126953125000000000e-01 2.290356759772325143e-05
5.004882812500000000e-01 2.126759848360016011e-05
4.882812500000000000e-01 2.113126772408990475e-05
4.760742187500000000e-01 1.935896785045655808e-05
4.638671875000000000e-01 1.881364481241552990e-05
4.516601562500000000e-01 1.649602190074115165e-05
4.394531250000000000e-01 1.513271430563857611e-05
4.272460937500000000e-01 1.322408367249497239e-05
4.150390625000000000e-01 1.336041443200523113e-05
4.028320312500000000e-01 1.336041443200522944e-05
3.906250000000000000e-01 1.295142215347445491e-05
3.784179687500000000e-01 1.117912227984111162e-05
3.662109375000000000e-01 7.770853292084673624e-06
3.540039062500000000e-01 7.361861013553902487e-06
3.417968750000000000e-01 7.089199494533387549e-06
3.295898437500000000e-01 7.907184051594932364e-06
3.173828125000000000e-01 5.862222658941070750e-06
3.051757812500000000e-01 6.134884177961585688e-06
2.929687500000000000e-01 5.589561139920555812e-06
2.807617187500000000e-01 5.180568861389782134e-06
2.685546875000000000e-01 4.362584304328238166e-06
2.563476562500000000e-01 4.089922785307723228e-06
2.441406250000000000e-01 5.316899620900040026e-06
2.319335937500000000e-01 5.725891899430812857e-06
2.197265625000000000e-01 5.589561139920554965e-06
2.075195312500000000e-01 4.362584304328238166e-06
1.953125000000000000e-01 3.544599747266693774e-06
1.831054687500000000e-01 4.498915063838496058e-06
1.708984375000000000e-01 4.089922785307723228e-06
1.586914062500000000e-01 2.999276709225663898e-06
1.464843750000000000e-01 9.543153165718020723e-07
1.342773437500000000e-01 8.179845570615446032e-07
1.220703125000000000e-01 -4.089922785307723016e-07
1.098632812500000000e-01 -6.816537975512872399e-07
9.765625000000000000e-02 -4.089922785307721957e-07
8.544921875000000000e-02 5.453230380410298766e-07
7.324218750000000000e-02 8.179845570615448149e-07
6.103515625000000000e-02 1.635969114123089418e-06
4.882812500000000000e-02 2.590284430694891490e-06
3.662109375000000000e-02 1.499638354612831949e-06
2.441406250000000000e-02 6.816537975512873458e-07
1.220703125000000000e-02 -2.726615190205147265e-07
