0.000000000000000000e+00 6.680207216002614718e-06
1.220703125000000000e-02 1.213343759641291264e-05
2.441406250000000000e-02 1.813199101486424297e-05
3.662109375000000000e-02 2.017695240751810374e-05
4.882812500000000000e-02 2.276723683821299608e-05
6.103515625000000000e-02 2.753881342107200792e-05
7.324218750000000000e-02 3.176506696588998481e-05
8.544921875000000000e-02 3.776362038434131514e-05
9.765625000000000000e-02 4.171721241013878133e-05
1.098632812500000000e-01 4.689778127152856600e-05
1.220703125000000000e-01 5.248734241144911673e-05
1.342773437500000000e-01 5.821323431087992959e-05
1.464843750000000000e-01 6.448444924835177740e-05
1.586914062500000000e-01 6.857437203365950571e-05
1.708984375000000000e-01 7.307328709749799330e-05
1.831054687500000000e-01 7.757220216133648089e-05
1.953125000000000000e-01 8.343442482027756265e-05
2.075195312500000000e-01 8.943297823872889299e-05
2.197265625000000000e-01 9.488620861913918837e-05
2.319335937500000000e-01 1.012937543161212915e-04
2.441406250000000000e-01 1.062016616584905520e-04
2.563476562500000000e-01 1.120638843174316202e-04
2.685546875000000000e-01 1.177897762168624398e-04
2.807617187500000000e-01 1.214707067236393817e-04
2.929687500000000000e-01 1.296505522942548519e-04
3.051757812500000000e-01 1.345584596366240988e-04
3.173828125000000000e-01 1.431472974857703282e-04
3.295898437500000000e-01 1.495548431827524178e-04
3.417968750000000000e-01 1.565077119177755560e-04
3.540039062500000000e-01 1.634605806527986670e-04
3.662109375000000000e-01 1.695954648307602865e-04
3.784179687500000000e-01 1.754576874897013548e-04
3.906250000000000000e-01 1.807745871106013744e-04
4.028320312500000000e-01 1.858188252124808970e-04
4.150390625000000000e-01 1.944076630616271536e-04
4.272460937500000000e-01 2.016331933156707617e-04
4.394531250000000000e-01 2.081770697721631270e-04
4.516601562500000000e-01 2.134939693930631467e-04
4.638671875000000000e-01 2.215374842041683277e-04
4.760742187500000000e-01 2.256274069894760831e-04
4.882812500000000000e-01 2.332619295220504912e-04
5.004882812500000000e-01 2.387151599024608137e-04
5.126953125000000000e-01 2.486673053467096102e-04
5.249023437500000000e-01 2.546658587651609270e-04
5.371093750000000000e-01 2.609370737026327951e-04
5.493164062500000000e-01 2.693895807922686947e-04
5.615234375000000000e-01 2.774330956033739027e-04
5.737304687500000000e-01 2.835679797813355223e-04
5.859375000000000000e-01 2.895665331997868391e-04
5.981445312500000000e-01 2.970647249728509986e-04
6.103515625000000000e-01 3.057898935815075037e-04
6.225585937500000000e-01 3.135607468735921604e-04
6.347656250000000000e-01 3.188776464944921801e-04
6.469726562500000000e-01 3.246035383939229997e-04
6.591796875000000000e-01 3.308747533313948137e-04
6.713867187500000000e-01 3.370096375093564332e-04
6.835937500000000000e-01 3.445078292824205928e-04
6.958007812500000000e-01 3.503700519413616610e-04
7.080078125000000000e-01 3.571865899168745234e-04
7.202148437500000000e-01 3.641394586518976887e-04
7.324218750000000000e-01 3.705470043488797512e-04
7.446289062500000000e-01 3.777725346029234136e-04
7.568359375000000000e-01 3.860887109330491188e-04
7.690429687500000000e-01 3.918146028324799384e-04
7.812500000000000000e-01 3.971315024533799581e-04
7.934570312500000000e-01 3.989038023270132980e-04
8.056640625000000000e-01 4.008124329601568865e-04
8.178710937500000000e-01 4.025847328337902264e-04
8.300781250000000000e-01 4.021757405552594264e-04
8.422851562500000000e-01 4.049023557454646148e-04
8.544921875000000000e-01 4.027210635933005291e-04
8.666992187500000000e-01 4.021757405552594806e-04
8.789062500000000000e-01 3.997217868840748436e-04
8.911132812500000000e-01 3.975404947319107038e-04
9.033203125000000000e-01 3.907239567563978956e-04
9.155273437500000000e-01 3.800901575145977478e-04
9.277343750000000000e-01 3.659117585255310286e-04
9.399414062500000000e-01 3.525513440935258008e-04
9.521484375000000000e-01 3.473707752321359755e-04
9.643554687500000000e-01 3.431445216873179986e-04
9.765625000000000000e-01 3.364643144713153847e-04
9.887695312500000000e-01 3.248761999129434969e-04
1.000976562500000000e+00 3.111067932024074692e-04
1.013183593750000000e+00 2.970647249728509444e-04
1.025390625000000000e+00 2.695259115517789975e-04
1.037597656250000000e+00 2.576651354743865583e-04
1.049804687500000000e+00 2.539842049676096299e-04
1.062011718750000000e+00 2.482583130681788102e-04
1.049804687500000000e+00 2.314896296484171513e-04
1.037597656250000000e+00 2.179928844569016750e-04
1.025390625000000000e+00 2.111763464813887854e-04
1.013183593750000000e+00 2.072227544555913328e-04
1.000976562500000000e+00 1.991792396444861518e-04
9.887695312500000000e-01 1.957709706567297206e-04
9.765625000000000000e-01 1.922263709094630137e-04
9.643554687500000000e-01 1.897724172382783767e-04
9.521484375000000000e-01 1.882727788836655340e-04
9.399414062500000000e-01 1.828195485032552386e-04
9.277343750000000000e-01 1.686411495141884652e-04
9.155273437500000000e-01 1.600523116650422357e-04
9.033203125000000000e-01 1.540537582465909190e-04
8.911132812500000000e-01 1.550080735631627132e-04
8.789062500000000000e-01 1.530994429300191247e-04
8.666992187500000000e-01 1.510544815373652606e-04
8.544921875000000000e-01 1.441016128023421224e-04
8.422851562500000000e-01 1.351037826746651202e-04
8.300781250000000000e-01 1.293778907752343276e-04
8.178710937500000000e-01 1.258332910279676207e-04
8.056640625000000000e-01 1.233793373567829837e-04
7.934570312500000000e-01 1.165627993812701213e-04
7.812500000000000000e-01 1.138361841910649736e-04
7.690429687500000000e-01 1.077013000131033947e-04
7.568359375000000000e-01 1.049746848228982470e-04
7.446289062500000000e-01 9.774915456885459818e-05
7.324218750000000000e-01 9.584052393571098260e-05
7.202148437500000000e-01 9.175060115040325429e-05
7.080078125000000000e-01 8.902398596019812016e-05
6.958007812500000000e-01 8.179845570615447133e-05
6.835937500000000000e-01 7.729954064231598374e-05
6.713867187500000000e-01 7.430026393309031179e-05
6.591796875000000000e-01 7.320961785700825543e-05
6.469726562500000000e-01 7.061933342631335632e-05
6.347656250000000000e-01 6.530243380541332307e-05
6.225585937500000000e-01 6.093984950108508405e-05
6.103515625000000000e-01 5.616827291822607221e-05
5.981445312500000000e-01 5.466863456361324301e-05
5.859375000000000000e-01 5.316899620900040704e-05
5.737304687500000000e-01 5.030605025928499722e-05
5.615234375000000000e-01 4.648878899299779317e-05
5.493164062500000000e-01 4.321685076475161730e-05
5.371093750000000000e-01 3.980858177699517252e-05
5.249023437500000000e-01 3.817261266287208797e-05
5.126953125000000000e-01 3.599132051070796847e-05
5.004882812500000000e-01 3.435535139658487714e-05
4.882812500000000000e-01 3.135607468735921198e-05
4.760742187500000000e-01 2.890212101617457838e-05
4.638671875000000000e-01 2.890212101617457499e-05
4.516601562500000000e-01 2.835679797813354681e-05
4.394531250000000000e-01 2.835679797813354681e-05
4.272460937500000000e-01 2.658449810450020013e-05
4.150390625000000000e-01 2.235824455968221986e-05
4.028320312500000000e-01 1.935896785045655808e-05
3.906250000000000000e-01 1.690501417927192448e-05
3.784179687500000000e-01 1.690501417927192448e-05
3.662109375000000000e-01 1.717767569829243857e-05
3.540039062500000000e-01 1.690501417927192448e-05
3.417968750000000000e-01 1.649602190074115165e-05
3.295898437500000000e-01 1.540537582465909190e-05
3.173828125000000000e-01 1.363307595102574522e-05
3.051757812500000000e-01 1.336041443200523113e-05
2.929687500000000000e-01 1.158811455837188445e-05
2.807617187500000000e-01 8.861499368166733377e-06
2.685546875000000000e-01 7.361861013553902487e-06
2.563476562500000000e-01 5.316899620900040026e-06
2.441406250000000000e-01 7.361861013553902487e-06
2.319335937500000000e-01 7.770853292084673624e-06
2.197265625000000000e-01 8.861499368166733377e-06
2.075195312500000000e-01 7.498191773064159533e-06
1.953125000000000000e-01 5.862222658941069903e-06
1.831054687500000000e-01 5.862222658941070750e-06
1.708984375000000000e-01 4.907907342369268889e-06
1.586914062500000000e-01 3.953592025797466182e-06
1.464843750000000000e-01 5.453230380410298766e-07
1.342773437500000000e-01 0.000000000000000000e+00
1.220703125000000000e-01 5.453230380410296648e-07
1.098632812500000000e-01 2.726615190205149383e-07
9.765625000000000000e-02 9.543153165718022841e-07
8.544921875000000000e-02 -1.090646076082059330e-06
7.324218750000000000e-02 -5.453230380410295590e-07
6.103515625000000000e-02 -4.089922785307721957e-07
4.882812500000000000e-02 6.816537975512871340e-07
3.662109375000000000e-02 8.179845570615446032e-07
2.441406250000000000e-02 1.090646076082059541e-06
1.220703125000000000e-02 8.179845570615446032e-07
