0.000000000000000000e+00 9.406822406207764948e-06
1.220703125000000000e-02 1.649602190074115165e-05
2.441406250000000000e-02 2.085860620506939066e-05
3.662109375000000000e-02 2.344889063576427961e-05
4.882812500000000000e-02 2.835679797813354681e-05
6.103515625000000000e-02 3.421902063707461502e-05
7.324218750000000000e-02 3.899059721993363364e-05
8.544921875000000000e-02 4.198987392915929880e-05
9.765625000000000000e-02 4.703411203103882135e-05
1.098632812500000000e-01 5.303266544949015169e-05
1.220703125000000000e-01 5.998553418451328304e-05
1.342773437500000000e-01 6.489344152688255023e-05
1.464843750000000000e-01 6.939235659072105137e-05
1.586914062500000000e-01 7.525457924966211958e-05
1.708984375000000000e-01 8.166212494664420920e-05
1.831054687500000000e-01 8.711535532705451813e-05
1.953125000000000000e-01 9.297757798599558634e-05
2.075195312500000000e-01 9.979411596150846234e-05
2.197265625000000000e-01 1.056563386204495305e-04
2.319335937500000000e-01 1.102915844437982803e-04
2.441406250000000000e-01 1.145178379886162571e-04
2.563476562500000000e-01 1.216070374831496438e-04
2.685546875000000000e-01 1.297868830537651005e-04
2.807617187500000000e-01 1.349674519151548716e-04
2.929687500000000000e-01 1.405570130550754426e-04
3.051757812500000000e-01 1.446469358403831710e-04
3.173828125000000000e-01 1.506454892588344877e-04
3.295898437500000000e-01 1.581436810318986473e-04
3.417968750000000000e-01 1.638695729313294669e-04
3.540039062500000000e-01 1.724584107804756693e-04
3.662109375000000000e-01 1.792749487559885588e-04
3.784179687500000000e-01 1.869094712885629940e-04
3.906250000000000000e-01 1.953619783781988936e-04
4.028320312500000000e-01 2.001335549610579190e-04
4.150390625000000000e-01 2.047688007844066958e-04
4.272460937500000000e-01 2.096767081267759698e-04
4.394531250000000000e-01 2.171748998998401293e-04
4.516601562500000000e-01 2.261727300275171045e-04
4.638671875000000000e-01 2.321712834459684213e-04
4.760742187500000000e-01 2.370791907883376952e-04
4.882812500000000000e-01 2.432140749662992877e-04
5.004882812500000000e-01 2.482583130681788102e-04
5.126953125000000000e-01 2.553475125627121698e-04
5.249023437500000000e-01 2.624367120572455836e-04
5.371093750000000000e-01 2.692532500327584461e-04
5.493164062500000000e-01 2.771604340843534056e-04
5.615234375000000000e-01 2.845222950979073165e-04
5.737304687500000000e-01 2.917478253519509247e-04
5.859375000000000000e-01 2.999276709225663813e-04
5.981445312500000000e-01 3.060625551005279467e-04
6.103515625000000000e-01 3.135607468735921062e-04
6.225585937500000000e-01 3.209226078871460714e-04
6.347656250000000000e-01 3.263758382675563396e-04
6.469726562500000000e-01 3.318290686479666621e-04
6.591796875000000000e-01 3.348283453571922934e-04
6.713867187500000000e-01 3.385092758639692218e-04
6.835937500000000000e-01 3.454621445989923870e-04
6.958007812500000000e-01 3.510517057389129581e-04
7.080078125000000000e-01 3.578682437144258205e-04
7.202148437500000000e-01 3.608675204236515060e-04
7.324218750000000000e-01 3.627761510567950945e-04
7.446289062500000000e-01 3.630488125758155916e-04
7.568359375000000000e-01 3.631851433353258402e-04
7.690429687500000000e-01 3.589588897905078633e-04
7.812500000000000000e-01 3.533693286505872923e-04
7.934570312500000000e-01 3.443714985229102900e-04
8.056640625000000000e-01 3.357826606737640877e-04
8.178710937500000000e-01 3.265121690270665882e-04
8.300781250000000000e-01 3.160147005447767974e-04
8.422851562500000000e-01 2.991096863655048356e-04
8.544921875000000000e-01 2.823410029457431225e-04
8.666992187500000000e-01 2.632546966143071293e-04
8.789062500000000000e-01 2.563018278792839641e-04
8.911132812500000000e-01 2.518029128154454900e-04
9.033203125000000000e-01 2.519392435749557386e-04
9.155273437500000000e-01 2.418507673711966935e-04
9.277343750000000000e-01 2.257637377489863316e-04
9.399414062500000000e-01 2.094040466077554184e-04
9.521484375000000000e-01 2.050414623034271929e-04
9.643554687500000000e-01 1.941350015426066022e-04
9.765625000000000000e-01 1.935896785045655808e-04
9.887695312500000000e-01 1.885454404026860582e-04
1.000976562500000000e+00 1.908630633143604195e-04
9.887695312500000000e-01 1.889544326812168311e-04
9.765625000000000000e-01 1.894997557192578525e-04
9.643554687500000000e-01 1.987702473659553790e-04
9.521484375000000000e-01 1.911357248333809167e-04
9.399414062500000000e-01 1.779116411608859646e-04
9.277343750000000000e-01 1.597796501460217386e-04
9.155273437500000000e-01 1.535084352085498976e-04
9.033203125000000000e-01 1.498275047017729421e-04
8.911132812500000000e-01 1.481915355876498508e-04
8.789062500000000000e-01 1.449195973594036681e-04
8.666992187500000000e-01 1.458739126759754623e-04
8.544921875000000000e-01 1.413749976121369612e-04
8.422851562500000000e-01 1.385120516624215514e-04
8.300781250000000000e-01 1.316955136869086889e-04
8.178710937500000000e-01 1.281509139396420091e-04
8.056640625000000000e-01 1.243336526733548051e-04
7.934570312500000000e-01 1.175171146978419155e-04
7.812500000000000000e-01 1.136998534315547115e-04
7.690429687500000000e-01 1.085192845701649404e-04
7.568359375000000000e-01 1.067469846965315869e-04
7.446289062500000000e-01 1.033387157087751557e-04
7.324218750000000000e-01 1.006121005185700080e-04
7.202148437500000000e-01 9.734016229032382535e-05
7.080078125000000000e-01 9.379556254305711845e-05
6.958007812500000000e-01 8.943297823872889299e-05
6.835937500000000000e-01 8.616104001048271034e-05
6.713867187500000000e-01 8.138946342762369850e-05
6.591796875000000000e-01 7.934450203496983434e-05
6.469726562500000000e-01 7.661788684476468665e-05
6.347656250000000000e-01 7.443659469260057392e-05
6.225585937500000000e-01 6.952868735023129995e-05
6.103515625000000000e-01 6.543876456492357164e-05
5.981445312500000000e-01 6.162150329863636759e-05
5.859375000000000000e-01 6.066718798206456657e-05
5.737304687500000000e-01 5.889488810843121990e-05
5.615234375000000000e-01 5.548661912067478190e-05
5.493164062500000000e-01 5.207835013291834390e-05
5.371093750000000000e-01 4.785209658810036701e-05
5.249023437500000000e-01 4.539814291691573003e-05
5.126953125000000000e-01 4.171721241013878133e-05
5.004882812500000000e-01 3.994491253650543465e-05
4.882812500000000000e-01 3.830894342238234333e-05
4.760742187500000000e-01 3.599132051070796847e-05
4.638671875000000000e-01 3.271938228246178582e-05
4.516601562500000000e-01 3.040175937078741096e-05
4.394531250000000000e-01 2.890212101617457838e-05
4.272460937500000000e-01 2.835679797813355358e-05
4.150390625000000000e-01 2.712982114254123170e-05
4.028320312500000000e-01 2.603917506645917195e-05
3.906250000000000000e-01 2.453953671184634275e-05
3.784179687500000000e-01 2.181292152164118829e-05
3.662109375000000000e-01 2.085860620506938727e-05
3.540039062500000000e-01 2.004062164800784500e-05
3.417968750000000000e-01 2.058594468604887657e-05
3.295898437500000000e-01 1.976796012898733091e-05
3.173828125000000000e-01 1.649602190074115165e-05
3.051757812500000000e-01 1.322408367249497239e-05
2.929687500000000000e-01 1.077013000131033879e-05
2.807617187500000000e-01 1.145178379886162571e-05
2.685546875000000000e-01 1.145178379886162571e-05
2.563476562500000000e-01 1.063379924180008005e-05
2.441406250000000000e-01 1.036113772277956596e-05
2.319335937500000000e-01 9.543153165718020300e-06
2.197265625000000000e-01 1.049746848228982470e-05
2.075195312500000000e-01 8.452507089635962240e-06
1.953125000000000000e-01 7.089199494533387549e-06
1.831054687500000000e-01 4.907907342369268042e-06
1.708984375000000000e-01 5.453230380410297072e-06
1.586914062500000000e-01 6.543876456492357672e-06
1.464843750000000000e-01 7.089199494533387549e-06
1.342773437500000000e-01 6.952868735023129656e-06
1.220703125000000000e-01 5.589561139920555812e-06
1.098632812500000000e-01 2.999276709225663898e-06
9.765625000000000000e-02 2.453953671184634445e-06
8.544921875000000000e-02 1.772299873633346887e-06
7.324218750000000000e-02 1.499638354612831949e-06
6.103515625000000000e-02 0.000000000000000000e+00
4.882812500000000000e-02 1.363307595102574427e-07
3.662109375000000000e-02 -9.543153165718022841e-07
2.441406250000000000e-02 -2.726615190205151501e-07
1.220703125000000000e-02 -4.089922785307726192e-07
