-9.427810047934538318e+01
1.724703799481362410e+02
3.577269969166943753e+01
-2.675882801164924629e+01
7.736626915281276240e+01
2.533918986056058884e+02
5.903005926080095378e+01
-7.417731764029102237e+01
7.106651999896270411e+01
3.223893465554570525e+02
2.465699163436979191e+01
1.080863212755634066e+02
6.764951753354300479e+01
6.343104696952939747e+01
-9.797381322519429148e+01
1.944246837425577894e+02
3.258396659640622062e+01
7.957047863234171459e+00
-1.062238477316078331e+02
6.362725177510763075e+01
4.305919256879794688e+01
3.664479807992957916e+01
3.812002246887738721e+01
6.278506994594951607e+01
1.142211914838909381e+00
-1.003605585747870492e+02
1.412406464701950597e+02
8.811380766158575284e+01
-3.705068493920664707e+01
-7.586643840994724997e+01
2.205283524168968654e+02
1.118464280730965186e+02
8.718649307804862758e+01
9.622125356295197207e+01
8.737655187017061564e+01
7.935383927399290371e+01
4.083647186456172307e+01
9.282143103439621257e+01
7.312190136765194381e+01
-5.825942822141018240e+01
1.386485527503489266e+02
8.067581034297367637e+01
1.373916931051766710e+02
2.068292440129487773e+02
6.647092783209569689e+01
7.293699965735162039e+01
1.174421089683596477e+02
6.567211791667985210e+01
5.256007284046629735e+01
-9.581888841148628444e+01
2.083241897688761242e+02
2.801679793494314481e+02
9.853182195775617913e+01
1.016320871596293358e+02
2.559711134490476923e+02
3.946163268219501674e+01
8.562465438040392485e+01
3.452435020020291034e+01
1.090624811865269805e+02
1.745758693552089937e+02
7.101908153843127991e+01
1.591753541614406231e+02
1.373966945254904601e+02
1.589300121292097856e+02
4.758728070938008869e+01
-1.432232511913503004e+02
1.535105592055287502e+02
1.485315601137045576e+02
2.997092695501726780e+02
1.107256364689722261e+02
1.422334261820643349e+02
1.349601100016918451e+02
7.447872376757563018e+01
8.754032609606676374e+01
2.344072674119405519e+02
1.177209077221933882e+02
5.500545649612690369e+01
2.133810157046948763e+00
1.157833904350207943e+00
1.407341180388807516e+02
1.731997704540069947e+02
2.038090467109758563e+01
-7.730452327436736937e+01
1.671118663341945165e+01
2.174665905571993960e+02
-4.097922553317796002e+01
4.205287740946358355e+01
-2.097659458404434929e+01
1.744353791662058484e+01
-1.705794069545793548e+02
1.279156064079995758e+02
-1.498513971813333967e+01
-1.016733893635477131e+02
-5.565778467920609529e+01
1.208562324219921713e+01
4.105060049561787139e+01
-1.519418456972689668e+01
-4.881375814496509946e+01
3.533902508386301378e+01
7.386303715958281657e+01
6.332092313108721555e+02
4.910650683918246955e+02
3.440455082626874628e+02
4.101304985631625755e+02
5.391891520601523098e+02
1.243485531464665996e+02
3.381490342076619413e+02
4.324299950800777310e+02
3.169848243518088680e+02
4.159691019052542629e+02
3.679448258678139609e+02
3.517149746973316837e+02
3.163969683093355911e+02
3.975012276757176437e+02
3.682765657839892128e+02
2.025183809843294682e+02
3.639994985020994136e+02
3.801700645767437550e+02
4.917900785061711986e+02
3.647014543087176435e+02
3.855241410460014322e+02
4.014839828659601153e+02
3.425769675998453181e+02
3.472911297581664485e+02
5.878583988370919542e+02
-2.130127512174456399e+02
-2.249054880098646834e+02
-6.213153104342588051e+01
-1.518048896814716819e+01
2.674698158110166091e+01
3.046539552088432288e+02
-8.090224963953983206e+01
-8.956316935994664163e+01
-5.453124059326346895e+01
1.687271346458466326e+02
-1.222431134549037353e+02
-4.066269964386146540e+01
-6.957237203708039885e+01
-1.006086883877813563e+02
-6.735699659232106740e+01
6.457362799413458276e+01
-9.705491654651477518e+01
-1.824816309968369694e+02
-2.296542030296579640e+02
-5.616260212551399178e+01
-7.959046089976062888e+01
-1.279886606108759679e+02
-9.259517008941833183e+01
-1.273639990332118543e+01
7.132478845994077687e+01
8.300020942738068186e+01
2.463678974370917842e+02
1.140960842797456536e+02
9.944506756252339130e+01
2.473470866775709567e+02
-5.963655099881560773e+01
8.301490439203168137e+01
2.417955396267834089e+02
6.561339593963636219e+01
6.096862848547398528e+01
1.140819965054996743e+02
8.949269366063528253e+01
5.733602519638788664e+01
1.228095548271166564e+02
2.048702415833973589e+02
4.539508452993657528e+01
1.345177658418481315e+02
2.040540718704940275e+02
1.306289962187045148e+02
9.188628259142640786e+01
1.452463142918344658e+02
1.011753937231226388e+02
1.119697029613890180e+02
1.234175089223235773e+02
1.838961182890644466e+02
2.235303350074802040e+02
2.606333312480032873e+02
1.060629166296865833e+02
2.379991914497649930e+02
4.931943426122765004e+02
6.750350027951041909e+01
1.109765114103057471e+02
2.125248948918287226e+02
1.458270917800496989e+02
7.071651966774453513e+01
7.553374197852717487e+01
1.103453601446668131e+02
8.373157338131032645e+01
1.635111432992313496e+02
3.149158282238387940e+01
-1.219333084466901056e+02
9.775189978921864054e+01
1.050330317946910554e+02
2.275472837358078664e+02
1.565799128879045554e+02
1.227751904731323407e+02
8.008229043808999847e+01
4.604596773468358606e+01
1.496078523854910998e+02
3.709650474526814037e+02
-3.947261868187646883e+02
-2.139815071636713242e+02
-1.939256878022080173e+02
-2.035214707424476046e+02
-5.624365285745675891e+01
-3.677164357331225801e+02
-1.477615588654575447e+02
-2.225319529208730671e+02
-1.991269817792717447e+02
-2.959814231707603653e+02
-1.776345242391570309e+02
-2.059200815298113127e+02
-1.522551156891885284e+02
-1.881787726762705688e+02
-2.636545295185139253e+02
-3.923683662858858838e+02
-2.340121237378264425e+02
-5.923580075963216274e+01
-6.566565132499393087e+01
-1.395178565459762581e+02
-1.855436927600097192e+02
-1.447916411938680881e+02
-1.678287457870707158e+02
-1.494284664713598261e+02
-2.099131674603952149e+02
6.665360329588129673e+01
2.233632789492255881e+02
5.083488903553025295e+01
1.156547422234263252e+02
2.642201825348080888e+02
1.442696989056454129e+02
-2.647032131063284055e+01
1.228366373065190089e+02
3.025604316787520887e+01
-7.302056667446304061e+01
5.973243043819159936e+01
7.142038270780797404e+01
7.341808104415521896e+00
4.722089052176077217e+01
-1.551835220191916562e+02
1.910816348818260622e+02
5.732687171239382451e+01
-2.387114358970251615e+01
-7.549794136296092972e+00
1.635113732768129324e+01
-1.883055068606324101e+00
2.252314418571281252e+01
1.119697029613890393e+01
-2.188508152401668738e+01
2.491291098698644362e+02
2.379761729841540898e+02
-1.851936046984085920e+02
-3.188163411117205470e+01
6.754031108709547482e+01
2.349734830489305537e+01
-4.174558569917092399e+01
-3.877342839867346669e+01
-2.889538005886547367e+01
-3.395009494999950306e+01
1.907041984022384327e+02
-2.760888499904785576e+01
-5.995141614159062726e+01
-2.080178962917730701e+01
-3.065833936860588693e+01
-1.077711945477137334e+02
-1.868588363209017587e+02
-4.931156442129925210e+01
-1.273127658117467433e+02
-9.762059394838668425e+01
1.475156954562551626e+01
-9.779332656295507320e+01
-7.328959615985915832e+01
-4.403302925447882643e+01
-3.480086734146915717e+01
1.684128012212480598e+02
-5.206837565452018453e+02
-1.148945750176108760e+02
-1.641778638480828647e+02
-2.264208524062628669e+02
-1.899785607629651452e+02
1.226990315230951012e+02
-1.695094754352263067e+02
-1.632401340987854326e+02
-1.750276915816037047e+02
-2.736498906441041754e+02
-1.677369994281775973e+02
-1.861100483699812855e+02
-1.713088557696954979e+02
-1.735543924027401772e+02
-2.755513496958589599e+02
2.269754226496829119e+01
-1.690184363556899712e+02
-1.540130819750436046e+02
-1.941877282498483339e+02
-1.862607817327173336e+02
-2.051274654735155707e+02
-1.884078886646134947e+02
-1.968905450950267664e+02
-2.217209898662674163e+02
-2.242542726133725921e+02
-2.738373321718621582e+02
-2.470104845456914688e+02
-2.401164017900478029e+02
-3.247080860644360882e+02
-2.730941810967623837e+02
1.027778857639162595e+02
-1.865349872641310185e+02
-3.301078267330995573e+02
-2.015896829673546335e+02
-3.994863040879604910e+02
-1.922203502763898086e+02
-1.350210154841040833e+02
-1.786506638741110464e+02
-2.341662817291794170e+02
-4.324844040940718628e+02
-1.917854346419800748e+01
-2.300044700922792060e+02
-1.419890985372675232e+02
-1.192165167103499783e+02
-2.074106224065659489e+02
-1.654577720282090070e+02
-1.254860890346856621e+02
-2.418042349345951720e+02
-1.960688041454937434e+02
-4.502853193164946219e+02
6.449939938707905185e+01
2.721998992027962458e+02
8.384618734749184910e+01
1.483313879684210690e+02
3.905809226212276712e+02
-1.386867026419265301e+02
4.759686883555107784e+01
1.744980743814603272e+02
4.591178643497343614e+01
4.094114296553632215e+01
2.917165207446566910e+01
7.593846044601480116e+01
5.383992609904714044e+01
1.088899639643588273e+02
1.816014609424137518e+02
-1.485017493925056726e+02
6.795586616362794530e+01
3.094407502368844121e+01
6.847487705012734516e+00
1.011282297766375677e+02
7.933938689061311322e+01
6.488810586836309824e+01
6.504307464161585983e+01
1.151657568722844900e+02
3.129660646658612109e+02
-3.801536309651023959e+00
1.387988154575164934e+01
-7.706820214275448677e+01
-8.387863395959284674e+01
4.836954145741282218e+01
-3.311731874615079363e+01
-1.028987138272488266e+02
-1.205850492499840527e+02
-9.217538732538726265e+01
-3.222121121703249287e+02
-1.116510254992941924e+02
-1.471850709331225175e+02
-1.190421742644516598e+02
-1.102995427859038955e+02
9.517456141876016318e+01
-8.938256953956505413e+01
-1.155249724781674985e+02
-1.089231440833833346e+02
-2.616091456530507031e+01
-1.180125563650041300e+02
-1.030658807550528024e+02
-1.512268252469288825e+02
-1.226634386374767303e+02
-4.968989821436574772e+01
-5.076497399284041023e+01
-1.257041339724605535e+02
1.882780228196867540e+02
9.413868339913012306e+00
-1.878263889279226362e+01
3.849565573354819037e+01
-8.704398720252659416e+01
-1.888961896345630365e+01
7.555328811928460198e+01
6.332660197927372003e+00
-2.410387637797809646e+02
2.448335084821225749e+01
-4.170533296806303802e+00
-1.695608062210251177e+01
-2.343424790818724901e+01
4.181382385860971596e+01
-1.759499400385138301e+00
-2.578837998004341969e+01
-1.027343290786456436e+02
-2.085850100911571872e+02
-1.421838028494025297e+00
-8.285442301867826487e+00
-1.108281698027138340e+01
4.139104749921010296e+01
7.354822479382654876e+00
-6.485225427585365310e+01
3.473337008251152724e+02
2.179655472369888400e+02
9.501731111085533144e+01
-2.328532629859862269e+01
1.462334974293876257e+02
-1.292971180165810665e+02
1.220368804086453167e+02
-2.276605701607583043e+01
3.025604316787520887e+01
-3.651028333723152031e+01
5.782238179045872073e+01
4.882999401677381002e+01
9.352065085386439591e+01
9.761333339199801173e+01
4.251363681021823737e+01
-1.500852988528523326e+02
7.771363156148220241e+01
1.937983212912145348e+02
3.834593114807131542e+02
1.160575290758248173e+02
1.334458358619014859e+02
9.992410793502746458e+01
7.334644587246044978e+01
1.189328610690414649e+02
1.554677328530737839e+02
2.668678489375018330e+02
5.442712809838725434e+02
3.386482237478039679e+02
4.109023878327294028e+02
5.991823817747728071e+02
1.785289941602841282e+02
2.956473915398851773e+02
3.172237395207050668e+02
2.844419872235711182e+02
4.042716324865296542e+02
3.127270558697182423e+02
3.042751584461599350e+02
2.653539214881610064e+02
2.960115525244705736e+02
4.279356199086164452e+02
1.426954013712347660e+02
3.519765375654574768e+02
3.218183802463597090e+02
3.555426308371996811e+02
2.385133292798727496e+02
3.414606524406133872e+02
3.278368764809309255e+02
3.249637558980538188e+02
2.916814963774683633e+02
4.778253177076105089e+02
1.018811730986474657e+02
2.763124566978337882e+01
-1.171085221485178067e+02
-3.023232972469987345e+01
2.664699286491062935e+02
-3.505867881058032367e+02
-8.450619009967293493e+01
-1.777503682408997179e+02
-1.275327400971484195e+02
-4.129561173580070772e+02
-1.578394746171981637e+02
-1.765525762314669009e+02
-1.351242301122189815e+02
-7.699824312690095951e+01
-4.468305696020469213e+02
-3.742455224619189380e+02
-1.367829613806357543e+02
-6.489414590682088146e+01
8.462792496964456745e+01
-9.526314790909970043e+01
-7.356468468022039531e+01
-6.024047294115251816e+01
-1.809128459084016356e+02
-8.413199372757235039e+01
1.218359375828169959e+02
7.666431557796231289e+01
-3.457118644265921148e+01
4.920315185661198853e+01
-3.859446347834026292e-01
-6.499266552417226706e+01
3.258439637552307886e+02
9.096842816611851390e+01
-6.442043606197280781e+01
6.367841643471410862e+01
1.228234288966089309e+02
5.608597392888338362e+01
6.811871051450295056e+01
5.995809951939342142e+01
2.378664261357352316e+01
-3.988933824168624653e+01
2.920769004639329864e+02
4.704636888251165772e+01
-6.365638290587337877e+00
-1.281709237092127474e+01
2.097211092028687318e+01
4.356134058709297108e+01
3.038836913945379337e+01
3.459738012851907740e+01
6.924296285467573853e+01
-6.497916671083575579e+01
-1.736034914740633894e+01
-2.048567702215567579e+02
-5.183903499178763497e+01
-8.580835713350985827e+01
-2.677197876014942040e+02
4.111115430556650807e+01
-4.101035696013540566e+00
-1.397235477305312941e+02
-8.795361386010236426e-01
2.874741726844151231e+02
8.161116949404087606e+00
-6.168913834859324652e+01
4.719733781409978235e+00
-3.964440435595587786e+01
2.297136013655002102e+02
1.184143096459198148e+02
-4.408419010102017666e+01
3.359642431143316088e+01
9.059752963555310146e+01
-2.843676056988050149e+01
-6.314511330059874439e+01
-3.146089981496393051e+01
5.283963510537460273e+00
-1.381271538810889332e+01
-2.700696616419109546e+02
8.490097758220619184e+00
1.369995715534375904e+02
1.794910896810080487e+02
2.378705432381704838e+02
1.479832999627306833e+02
1.692662958136596103e+02
1.313574160814034144e+02
2.650619495443114033e+02
1.489934218790133968e+02
1.332802576194083031e+02
1.495047168816365399e+02
1.049584213029586834e+02
1.503322611856511344e+02
1.386673165694990075e+02
2.172919214744487704e+02
1.164788603054961555e+02
1.245857546333178902e+02
1.195325412343622133e+02
8.252100567579448764e+00
1.564021831343427777e+02
1.023126587276102697e+02
1.598070706510099228e+02
1.705965361973522363e+02
1.576802185213989276e+02
3.713457847576277686e+02
-4.599858934677738631e+01
-1.229911725859660123e+02
-1.832566370169731584e+01
1.260752473625782244e+01
-1.271106554578522747e+02
-6.395068447532566580e+01
1.851679753654597960e+01
-6.954905330185802370e+01
1.794253722746088187e+01
2.699279685563281532e+02
2.274694298663691683e+01
4.900376623747407479e+01
3.146489187606651683e+01
8.809867634656860957e+00
-5.581008289078031481e+01
-1.177105098857657453e+02
3.746284929533335628e+01
1.441109779674632989e+02
1.982259902297276426e+02
7.820109156717140131e+00
4.519332164655177841e+00
3.074587936462383908e+01
9.435649125959747252e+00
-2.995744765992447967e+01
-5.203409834266141232e+00
-3.243977650902206733e+01
-3.119117825142523657e+02
-1.659351192715333241e+02
-3.042530204209157887e+02
-4.023295967736740977e+02
-2.427334511930515930e+02
-1.445304398322347481e+02
-1.452274296465056977e+02
-2.058114564326395453e+02
-1.075812717752404382e+02
-1.644378244911843865e+02
-1.628245707961461051e+02
-1.321525458794793622e+02
-1.240429362959685875e+02
-1.483603457410085014e+02
-3.131908932685546461e+02
-1.289418999002171233e+02
-2.387114358970250905e+01
-3.511532156416787398e+00
-1.093037984404781895e+02
-1.333202988573277423e+02
-1.531931314853641197e+02
-1.719804314024930534e+02
-1.524780270115916494e+02
-3.212153729396977155e+02
6.614673178792781982e+01
-1.954749984360023802e+02
-5.447491812696328140e+01
-1.599097270119231666e+02
-3.359620864018750694e+02
2.668418441500195968e+02
-5.455620213787709361e+01
-7.642890569682599278e+01
1.125806257409310440e+01
-1.728035255038870730e+02
3.038713757756840295e+01
-2.363302201523573132e+01
-4.020513961941833259e+01
-1.141758845451529396e+02
-1.292904428096760228e+02
1.988234322435206707e+02
-9.043357574082794770e+01
-1.455255642542605301e+02
-2.914571689825933163e+02
-3.963373504427095639e+01
-6.063437320912364470e+01
-5.023018663639126657e+01
-5.661389475575849595e+00
-5.865919392092996532e+01
-3.320029299131762741e+02
5.841694129163740712e+01
-2.054993573301563856e+02
-3.527062671354073586e+01
1.685291571887524356e+02
1.587320869532668723e+02
-1.903294180813263958e+00
3.168982128737734527e+01
-1.269645487434997904e+02
-3.993094069248647315e+01
7.089375405287673004e+01
-5.174495427494505151e+01
-1.841985539422785223e+01
-2.254983917784767300e+01
-1.621015644776862530e+01
-3.528806808486016848e+02
1.643372439959719316e+02
-1.289418999002170985e+01
8.098506491913887828e+01
7.497121153949838401e+01
-3.732324824796815932e+01
2.774367801079984730e+01
1.020691692860477389e+02
-7.422710645755002723e+00
1.453025904463402718e+01
2.445602622105086539e+02
-3.963735192196134562e+02
-1.360999496013981229e+02
-1.890304762654532169e+02
-2.903590135687131806e+02
-2.777186592205976581e+02
-2.895544880410578799e+02
-2.149936895182855778e+02
-6.492078896342502503e+01
-1.824157951458522859e+02
-3.893839441354255086e+02
-1.743353493021638201e+02
-1.723820429346605749e+02
-2.155345093510556751e+02
-2.054461132401980024e+02
-3.339857311551710950e+02
-4.229836558525872761e+02
-2.033448610588559120e+02
-2.788503217848953000e+02
-4.673849300190745453e+02
-1.743528882440798782e+02
-1.910673209612549783e+02
-2.196900333669923953e+02
-1.867000440389901996e+02
-2.154424828716724676e+02
-3.755338951120369870e+02
-3.112191058834304727e+02
-3.071566379106152453e+02
-1.556426232198950572e+02
-2.497061787048614576e+02
-3.355871287161587588e+02
-3.793899733754440007e+01
-1.247709042059876765e+02
-2.254089821042233552e+02
-1.169783064339361545e+02
-2.256193722732802200e+02
-1.864902043331912012e+02
-1.487490209194248223e+02
-9.352065085386438170e+01
-1.097709507278244985e+02
-2.582309791435478132e+02
-1.483257994524671801e+02
-1.643137994674387699e+02
-7.479624991440120141e+01
1.053459646925036175e+01
-8.140022713128296061e+01
-1.247837825463124091e+02
-1.177996191935296935e+02
-1.635512515166356593e+02
-1.695196888540636166e+02
-1.816116944593865981e+02
3.530360052895917420e+02
3.261772163251637835e+02
2.162679353289348967e+02
2.846984922585566551e+02
4.731965993740696490e+02
2.030180459534148270e+02
1.554665350216041872e+02
2.305375993441085711e+02
1.929702288090645368e+02
2.008065583547733866e+02
1.691261257174378159e+02
2.062676259712118281e+02
2.006760881873576068e+02
2.089700602940607439e+02
3.635528283606317927e+02
1.836917374002084955e+02
2.291332410388993424e+02
2.820331409301890062e+02
4.031238915566471519e+02
1.853721329649085874e+02
2.168024068988747786e+02
2.098585021748161807e+02
1.863226180739519009e+02
2.084464322205523388e+02
4.972429202598719939e+02
-3.066572623118491947e+01
-7.196975616315671687e+01
5.020729781286937765e+01
1.200287814176382426e+02
2.633452812681365458e+02
7.537044956020524467e+01
-2.361202370432038400e+00
-4.628264338432997249e+01
-1.372076376217597016e+01
-2.126812621586302754e+01
-1.632223389880817521e+01
6.881379939730402384e+01
2.097659458404434574e+01
4.387314082059116771e+01
1.051468959791817355e+02
-8.498382103860221548e+01
8.712290533798453751e+00
-8.116188820498851442e+01
1.193920933181707689e+01
5.118616902578492756e+01
4.607208067856807077e+01
-1.519418456972689668e+01
-5.913006785601442772e+00
1.829736324139100034e+01
3.907633873098893105e+02
3.053900835419655380e+01
-1.754262806476944832e+02
1.167319674149213071e+01
1.413843845423198218e+02
2.309739344012891138e+02
3.755833850138174768e+01
1.065814103640150239e-16
-9.581758062809934984e+01
1.055443366321228460e+01
-5.901905024901986963e+01
-1.944776804964378059e+01
-1.511818320092285717e+01
2.045217971944324375e+01
-3.664904936017254755e+01
7.365531315679785962e+01
-2.019905311642139338e+02
-2.003826822773644878e+01
2.457843673310109978e+01
1.207967061807375302e+02
2.417124648439843071e+01
1.067064538876917190e+01
7.328959615985914944e+00
6.919476025703815480e+00
-1.255701398918990286e+01
2.807303061804075242e+02
-1.064430166702286584e+01
1.470239304475915674e+02
1.253927262876412954e+02
8.323539290162048587e+01
1.618567343342367337e+02
4.085738174812473744e+01
3.777923792691260729e+01
1.030726976991564925e+02
7.053879831580208304e+01
-1.167974598021144459e+02
1.349188908444037054e+02
5.386938841708142967e+00
6.747471257867597672e+01
8.510332135078527926e+01
2.556066805750158437e+02
-1.215814085666130495e+02
7.753938575080626094e+01
1.842498638553334729e+02
1.455530078834758285e+02
1.061046628763666320e+02
5.121909786609202087e+01
2.574073621224321329e+01
6.919476025703816902e+01
2.421709840772338040e+01
2.308537192324417333e+02
-6.906124295866027296e+01
-4.498109760197292673e+01
-1.168574856594534737e+02
-2.953762938208975015e+02
-2.315988638774830974e+02
-2.788960406285036697e+02
-1.088638566578139688e+02
-1.698698100430273428e+02
-1.340413075227960178e+02
-4.670126048233254892e+02
-1.380444249952392965e+02
-1.000927991233513126e+02
-5.698641528665380918e+01
-6.448823108568824125e+01
-1.413622162249232019e+02
-4.110190599299683640e+02
-8.712290533798453396e+01
-1.200630110919111502e+02
-1.157049845539331727e+02
-1.050382843549961365e+02
-8.498855209643210173e+01
-9.688527102108209021e+01
-1.473219350199848634e+02
-1.200091765538291924e+02
-2.957059735082954717e+02
-2.846083517158733116e+02
-2.468819671239714637e+02
-1.551405502417663627e+02
-2.668163908469256853e+02
-4.368257038595809263e+02
4.301444848637977003e+01
-1.430391541245934661e+02
1.501058704356647766e+01
-1.280604617803090548e+02
-2.268600129692055418e+02
-2.097580696783007568e+02
-1.278963544353933486e+02
-1.089034868821635484e+02
-1.481819736149284381e+02
-2.286638819380874565e+02
-1.627536945356253284e+02
-1.364344697592837576e+02
-7.179025405495717393e+01
-2.180661469134825268e+02
-9.632952643047023855e+01
-1.146152851758382667e+02
-1.476517229952284254e+02
-1.358733474138203690e+02
-1.036850583678823199e+02
-3.204538983298051562e+02
-1.932447624072603958e+02
-4.241074916757449387e+01
-3.903617404950594505e+01
5.982141839142741446e+01
2.595957044109726439e+02
-3.179770144745359630e+02
-4.635413074585000714e+01
-3.214767391830487497e+01
-1.421330399979254082e+02
-1.256591790587240069e+02
-1.250213660334242860e+02
-5.265298287217960649e+01
-1.059318026494239149e+02
-5.937850785758726602e+01
-8.852633837847912446e+01
-2.648046597579634067e+02
-4.495541915440002612e+01
-2.493208330480040047e+01
-2.036688650721737304e+01
-8.904260653443834883e+01
4.519332164655177841e+00
-2.806455267584849977e+01
-5.736874668583526926e+01
-3.013683357405576047e+01
2.823801678351748592e+02
3.673551253892773616e+02
1.029424547976580726e+02
1.184892228383717168e+02
1.527054271626329580e+02
2.539713391252269616e+02
-1.763719274220291666e+01
9.656074956977332135e+01
3.377382084802457030e+01
5.734575623678674816e+01
2.571670928268104035e+02
6.598349873986281011e+01
1.251159989041891407e+02
1.171193197609142658e+02
1.818356679793176625e+02
2.783506015022931024e+02
-8.920661959952653319e+01
1.874884922873427229e+02
2.261569826017000935e+02
3.572983969154080910e+02
1.057492033692431619e+02
1.860458407783048074e+02
1.149395373921693420e+02
8.844348447399605107e+01
1.144482132157593526e+02
3.401253257520308466e+02
-9.415138260235703171e+01
8.019487115323173043e+01
3.338785304555813838e+01
1.530913717974163468e+01
1.273606272483298625e+02
1.763719274220291666e+01
1.727405944684490535e+01
-9.932005093826485620e+01
1.917388782150231563e+01
-3.526964264130618432e+01
6.771990660143815433e+01
-4.431191627856699000e+01
5.069343691144050368e+00
-7.400288813111765229e+00
8.572708657204501037e+01
1.812284382396693161e+01
2.787932970815505840e+00
1.062707947956385937e+02
1.896227364465065435e+01
-2.310486796302791301e+00
2.573508593761976826e+01
2.413194019897801113e+01
3.120054644317357173e+01
-1.237762807505861851e+01
-2.385953777663499054e+01
-2.346815081824566391e+02
-3.200083800826074309e+01
-2.472709417283816791e+01
-1.206720224756105608e+02
-2.710944067729416815e+02
-2.943761666324515502e+01
-4.275019028571690427e+01
1.481044588298559006e+02
7.739918019689008943e+00
2.179982937125959808e+01
3.194990465298620563e+01
2.971504973974492714e+01
-2.796879277872579284e+00
-1.550536703699607699e+01
2.375864970710961757e+02
-2.788806549610445131e+02
1.515938552880930956e+01
4.243758860391557697e+00
-8.585696122439041744e+01
-1.244108274932272273e+00
3.640573132638893483e+00
-5.720163602720713669e+00
-2.440687907248254973e+01
-5.543024746656685409e+01
-2.891065268892261884e+02
-2.042692177052482805e+02
-2.094833974034739654e+01
-3.853410107137725049e+01
-9.404184267555574195e+01
-1.352347386483738774e+02
1.180042392104224014e+01
-5.082798786877386021e+01
4.678299628578218972e+01
2.286793960362661693e+00
-1.346981327004657487e+02
-1.302305896181503364e+01
-3.301672193304991509e+00
-4.405084862649312782e+01
-7.699824312690095951e+01
2.384612632606068985e+02
-1.516688483131989358e+02
-4.390994429034420676e+01
-5.021781318130010163e+01
-2.256159410497786268e+02
-5.029752025797615289e+01
-2.661384496963605173e+01
-6.238553429217279245e+01
-3.321348492337832425e+01
-2.242323926641053689e+01
-2.439257000355981404e+02
-3.795200415801605232e+02
-2.570348434398453730e+00
-1.093263909875230695e+02
-2.387710807193317351e+02
-1.843541954772194060e+02
2.030180459534148607e+00
-1.378196541478489507e+02
-1.652415457045943583e+02
-1.233109666318635220e+02
-3.128186897583186123e+02
-1.571449114725680545e+02
-7.993522152212084109e+01
-1.284816418272716305e+02
-1.598109988926754852e+02
-1.399625903217061484e+01
-2.392919184523788800e+01
-1.643137994674388835e+02
-2.252728661724518133e+02
-2.361505375190290010e+02
-1.277876928109005235e+02
-1.236539495051486028e+02
-1.739287245452267143e+02
-1.264376982878606555e+02
-8.502892329822878992e+01
-2.236197104384620786e+02
1.091040920869843802e+02
-2.489382458714902100e+02
-9.690008477883793603e+01
-8.387863395959286095e+01
-2.765937861634485557e+02
6.217427657323329981e+01
-2.162364276079865988e+01
-5.628970141337429567e+01
-4.415271415777137776e+01
-5.937351901928426656e+01
-2.222602062816431712e+01
3.475444414005252614e-01
-5.244148646011087322e+00
-3.788243082902449999e+01
-9.045082399540260099e+01
6.246222871367240259e+01
-2.509139673733954368e+01
3.589512702747859407e+01
-9.551367465453660088e+01
-3.536822095878888206e+01
-2.046253174552205678e+01
2.895832823877361051e+01
-4.856214083493951961e+01
-3.211007862949988834e+01
-3.252765708591248881e+02
-1.602981143902848942e+02
2.228492092623458802e+02
2.271880226032339678e+01
-4.039553844066281130e+01
-4.374506333357749099e+01
-9.046991672799049411e+01
4.846678549834183336e+00
1.198345198978057056e+02
2.550654801942969030e+01
-1.059861623090507265e+02
2.326786534510952009e+01
-1.216405544901838720e+00
-1.066310224688921160e+01
8.986064987350001587e+00
6.648223040281040142e+01
-4.891408333070685899e+01
2.613687160139535948e+00
2.422479016140180974e+01
-4.600107124905991896e+01
3.199135564111557972e+00
1.857947667691573201e+01
3.735981853026966348e+01
2.289717521232899244e+01
-8.610523878301645340e+00
-6.574064132072835775e+01
1.340675138536927875e+02
5.321906433421999054e+02
2.593206932034704550e+02
1.268471366321450233e+02
2.244746678488719454e+02
3.543933764674297322e+02
2.351260465714429699e+02
3.770159112442448190e+02
2.570004596992191068e+02
2.117950902329692724e+02
2.884173458076635939e+02
2.521434922360812152e+02
2.569632836545432610e+02
2.281755717376126711e+02
2.965457382441149434e+02
3.518998800770277171e+02
2.934299451783319910e+02
2.905206586509721092e+02
2.665252906720342025e+02
2.306932201231556689e+02
2.650086166551967040e+02
2.793942409703898875e+02
2.945180613849569795e+02
2.332016883706696149e+02
1.307198080315640532e+01
3.467001114401733730e+02
1.319873921063606019e+02
1.512494846612690083e+02
1.972177083743187609e+02
2.888424038968502714e+02
2.221778740402684207e+02
1.895175586794136109e+02
1.269645487434998330e+02
1.468825351463709410e+02
1.139617096399993557e+02
1.095673360654038078e+02
1.148634378828736686e+02
1.337257904732826717e+02
2.033317450078803859e+02
1.492351119305191673e+02
3.666796750402628504e+02
1.592606709578357425e+02
2.010480760110500569e+02
2.863654473557890583e+02
1.325863961570678384e+02
1.980973932173852461e+02
1.664210098166557543e+02
1.365023906888843896e+02
1.847674915552229038e+02
2.724809979065709058e+02
-2.268249998091777186e+01
-1.097538781488139961e+02
-1.499943022159473003e+02
-1.413843845423197934e+02
-1.733554366962056292e+02
-2.105043363979470428e+02
-1.381924755747592997e+02
-2.571813913464389998e+02
-1.982474456406706906e+02
-1.166202254169822368e+02
-1.812809807484651685e+02
-1.663000152101514288e+02
-1.667639269431525406e+02
-1.383149218641127334e+02
-2.393360294501175645e+02
2.991148980654735556e+00
-9.862312884259849000e+01
-1.179411316617153744e+02
-4.740568411162661988e+01
-2.116761364920481014e+02
-1.363331869670978733e+02
-1.376414366904672022e+02
-1.451831878847673352e+02
-1.445850467898151805e+02
-1.809771322844760562e+02
-2.150402372492595759e+02
-3.088273643929742889e+02
-1.317941567587821510e+02
-6.702571824071759465e+01
-1.127372775053911056e+02
-2.596093262629292440e+02
-1.159474637691100725e+02
-2.317884815977390360e+02
-1.321063280178737500e+02
-1.086446780860335934e+02
-1.552348628248351474e+02
-1.308504821872978141e+02
-1.186925643547176037e+02
-1.305622383456146736e+02
-1.504597845958341296e+01
-3.341289361331378132e+02
-1.209265926091225083e+02
-9.654551407390793827e+01
-9.007079981209058417e+01
-1.316977473892590922e+02
-1.178792472947558849e+02
-1.605220911013500427e+02
-1.171278578169136892e+02
-1.253907539777677300e+02
-1.203129883630317778e+02
4.490881560467742588e+02
1.151516098610507441e+02
2.239245482453974603e+02
3.325556269716985867e+02
2.121010642202313932e+02
3.815470401136990972e+02
2.340075822907119516e+02
3.521233543969969446e+02
2.672030789069909815e+02
3.362136285957679434e+02
2.229547694262733160e+02
2.007069149088034123e+02
2.223519025908701110e+02
2.167227438125587753e+02
3.544552599897209006e+02
2.757135560403512500e+02
2.066555314616993257e+02
1.699271777015119369e+02
1.664466242141556620e+02
2.498880335078250141e+02
2.132873707708096447e+02
2.177237271285571580e+02
2.131198615916775339e+02
2.732047472219460360e+02
3.498975832456525836e+02
6.342229743267791946e+02
4.701167286514772741e+02
3.796926897098246627e+02
5.142069017430867461e+02
5.298152099172426688e+02
6.088003653028026747e+02
3.684718435963678758e+02
5.541408383583293471e+02
4.603492149437757348e+02
6.407023022528735510e+02
4.078822066840467642e+02
4.389486294888636735e+02
3.747818232349255823e+02
3.966202409122518020e+02
5.612499871900415656e+02
6.422172811405757784e+02
3.993713980693211738e+02
3.250011993916535289e+02
4.061086938896014544e+02
4.128662175239526846e+02
3.896668621969355399e+02
3.902224107731036611e+02
4.145395182671648513e+02
4.403924191923029525e+02
4.718604332634518528e+02
1.877958936967606292e+02
3.077992250192147594e+02
1.855159654185523834e+02
1.770199391539873091e+02
3.828317971164223650e+02
3.235600107382549027e+02
1.708764873338975008e+02
3.214767391830487497e+01
2.045801058385981150e+02
-2.339493883744932745e+01
1.366552987059790496e+02
8.028276596352137062e+01
1.421164283069004455e+02
1.656255115315489945e+02
2.855236842562805464e+02
4.423381492568237832e+02
1.322525703030605086e+02
1.333247575306347414e+02
1.920808089559982363e+02
1.441388301385818806e+02
1.793923795358957989e+02
1.165483334054345335e+02
1.621673563114948422e+02
1.698784606823262777e+02
2.121975912900730066e+02
-4.131002789820780663e+01
-2.171944427066692995e+01
-1.694496301184341647e+01
-5.133063642619254807e+01
2.887174180016114278e+01
-1.583540758436635656e+02
-6.946905921428997033e+01
-6.104305397717034509e+01
-6.842791158315962718e+01
-2.484826079553329521e+02
-6.442073166444500032e+01
-7.159415492850823171e+01
-3.758306529641279070e+01
-3.171552348476470495e+00
-7.348035991889573459e+00
-2.399957182125328927e+02
-5.209949739211476327e+01
-1.761159927062496138e+02
-1.373009073158964100e+02
-8.175568663840646622e+00
-5.649165205818973590e+01
-9.241639320645653299e+01
-7.624004493775478863e+01
-7.480392619274556409e+01
9.328063971184424474e+01
3.023488544942447902e+02
4.549516728885262751e+01
4.681830521050069649e+01
2.341397451019309628e+01
-8.749012666715497488e+00
-6.978745329648636364e+00
4.598130931893968665e+01
5.403811335683932526e+01
1.723890831658006562e+01
4.785328398569180131e+00
6.077427515513680589e+01
1.390177765602101712e+00
7.813781482556517233e+01
1.309146330510009477e+02
-2.256896768937511766e+01
-1.353055038896171709e+02
7.056955332376746526e+01
6.630873219361809845e+01
2.440514848709668172e+02
9.153082308430289515e+01
-1.004296036590039698e+01
4.468877814625558997e+00
-5.535580820563052562e+00
-1.255701398918990286e+01
8.591971848288243052e+01
1.899500976055628882e+02
-1.552490454376666094e+02
-1.016697780710605237e+01
1.125671851451591152e+02
1.408591039341195312e+02
-2.322018900592182789e+01
6.922051159634975193e+01
-1.289659603493086877e+02
-9.498990296891054896e+00
1.632328687067487181e+02
9.202961666349290581e+00
-1.390177765602101267e+00
1.223634684069253575e+00
8.809867634656862734e+00
-2.661038748491438355e+02
3.853303686843454301e+01
-4.530391077575194991e+00
9.707598393145686089e+01
1.278197704935710846e+02
-3.199135564111557972e+00
1.079618239334292618e+01
3.271218560305908341e+01
-4.403302925447882821e+00
3.785042788170098760e+01
1.008953858107703496e+02
-6.145817033935822593e+01
1.272322475027234816e+02
4.794796941129026635e+01
2.778801370440499241e+01
3.962052879069733535e+01
2.381655451590998211e+02
3.815205935382292779e+01
4.290526129952753109e+01
2.708971306891153219e+01
-1.240640695925342873e+00
2.708796264057526315e+01
5.664974394828563931e+01
5.296590132471197876e+01
4.704469316906764220e+01
-3.464074110462227907e+01
1.574751963344698993e+02
2.317469281990388907e+01
8.257647449178570298e+01
1.148271015148289820e+02
8.264433540621523377e+01
1.092171939791668045e+01
1.036779652993129375e+01
1.534865591156119358e+01
6.493770091552491408e+01
1.024183350305555535e+02
-2.991809075695355773e+02
-3.962192111625218445e+02
-3.195694505789134610e+02
-2.938325152817639605e+02
-4.213274528499705980e+02
-6.429327742787207853e+02
-2.721596416445349291e+02
-3.393643554099655830e+02
-3.723956010836733412e+02
-3.266429717986296168e+02
-3.056077836372593879e+02
-2.622222810366964154e+02
-2.718217048182413578e+02
-2.716963178528176854e+02
-4.706242099567368768e+02
-5.943588974500999029e+02
-2.885510624794047772e+02
-2.226205168847070865e+02
-1.204455529650958567e+02
-2.856117139737374373e+02
-3.056826061370933303e+02
-2.375655446254946241e+02
-3.141442115669532882e+02
-3.053148258514459599e+02
-3.118238527510222298e+02
-8.984297478475254195e+01
-2.387853695556163416e+02
-1.340534851603612765e+02
-6.136519693056102653e+01
1.416090193055522946e+02
-2.937417352388470704e+02
-1.727405944684491317e+02
-2.740683017704512849e+02
-1.435402978196870549e+02
-2.717003124076500171e+02
-1.548875812525200502e+02
-1.779427539970689622e+02
-1.414172084874322763e+02
-1.224571601217303964e+02
-5.598503612868245938e+00
-4.175292077113933829e+02
-1.761625145934047509e+02
-6.666237876531738493e+01
4.529876481777655073e+01
-1.133915827723985501e+02
-1.186324693221984177e+02
-1.540869070482892482e+02
-1.713513881274290327e+02
-1.732867930508206484e+02
1.682858887862659572e+02
-3.183153069947791209e+02
-2.236203137926654847e+02
-7.468335549664320183e+01
-4.991550609865339538e+01
-5.624365285745678733e+00
-5.950966472009470465e+01
-8.574892818937402694e+01
-1.004458449665323627e+02
-4.749495148445527803e+01
-2.415704669351774783e+02
-1.331824829828283328e+02
-8.879760477783422346e+01
-8.128430401317184817e+01
-9.514657045429410687e+01
-1.983969717810184932e+02
-3.193491411699026798e+02
-1.094263691045085807e+02
-1.474706203986066555e+02
-3.014650356283810879e+02
-4.958660124372914169e+01
-4.456563662368301237e+01
-9.223763809387152435e+01
-9.020480564417519531e+01
-8.682278243954162633e+01
6.332930505606843496e+01
5.540105581931426286e+02
4.535379812496070713e+02
1.659351192715333241e+02
1.271044330553339705e+02
3.830817689068999243e+02
4.567906033951833678e+01
1.326001541711044354e+02
1.721213980995622705e+02
1.231350594041433055e+02
5.086626853293905981e+01
1.364816579198215436e+02
1.626507985754458616e+02
1.433400629909696704e+02
1.901169435558951193e+02
3.831475910056705914e+01
1.717271414775895266e+02
1.817383805350357591e+02
6.365638290587335746e+01
2.047223247190987365e+02
1.629781840161276705e+02
1.653322350236352634e+02
1.564107235118945312e+02
1.659416159618787390e+02
1.494284664713598829e+02
2.934215496786176800e+02
-4.016956700531248714e+01
3.771986327479731926e+02
8.083374947871969596e+01
3.422042428412836301e+01
1.664812124580720081e+02
-9.186566579392021481e+01
9.457236862625164520e+01
9.619284530418850920e+01
7.493647900880719703e+01
2.233153252665617217e+01
1.040108309083627063e+02
6.603344386609981598e+01
3.129008692119948165e+01
1.087137666116656760e+02
-4.023924471749052145e+01
5.894322991290214020e+01
7.213776561985119429e+01
5.888215418793286204e+01
1.917296557403565771e+02
5.829535916825505382e+01
8.272888601410450349e+01
9.974535282244244172e+01
5.938168516604001468e+01
6.206752628942435734e+01
-2.500174969147391124e+01
3.434054466384758939e+02
2.383998172904565536e+02
1.238865073532552259e+02
2.086673992062262926e+02
2.625953658967037541e+02
2.778809503987366369e+01
9.382672577243097578e+01
2.773205956298908177e+02
1.452993700968891062e+02
5.299308115452536327e+01
1.543666588940475037e+02
1.251159989041891549e+02
1.387951341644267416e+02
1.918789170828264048e+02
3.194646124092943751e+02
4.504318464985955472e+01
1.895794420154543332e+02
2.282788620318958976e+02
3.334199782517738981e+02
1.519589392952989897e+02
1.590553847949474857e+02
1.607008462139350513e+02
1.274441675279629749e+02
1.142688273016280647e+02
1.922723389978830255e+02
2.204891059597593639e+01
-1.805669775164913915e+02
-2.219162563328827389e+02
-2.928033295890080581e+02
-2.873425731539846879e+02
-3.381519327911566393e+02
-1.298661303737620756e+02
-2.485503037963882775e+02
-2.024692191059556592e+02
-3.762685996356433407e+02
-1.857956411885611203e+02
-1.711656373897587571e+02
-1.929846701732080021e+02
-1.788403129835342895e+02
-2.897225619659316749e+02
-3.698467739609560567e+02
-1.810413972923318511e+02
-4.137664888881768377e+01
-3.107705958428857329e+01
-1.859053222255938067e+02
-1.216453574319685629e+02
-1.658847444789007000e+02
-2.317395425335714378e+02
-1.305929454875749798e+02
-4.358173017285349147e+02
7.577729043904372475e+01
-3.611339550329827119e+01
-1.594081705558602948e+02
-6.792625572187887428e+01
-5.849339897175503467e+01
-2.177368542850373672e+02
-1.043899995348900944e+02
-1.564853699291805356e+02
-1.069515944538845105e+02
-4.026765230203398573e+02
-1.217221910964311320e+02
-1.026993824338552344e+02
-1.478849918175126277e+02
-1.231619495325029021e+02
-3.471072239978312837e+02
-1.351295539495786500e+02
-1.446240228610543568e+02
-2.215595771696091845e+02
-2.545860813402171345e+02
-1.670659683480480169e+02
-1.434887962278018847e+02
-1.102919044649587619e+02
-1.466928917449208711e+02
-9.130743029282372447e+01
-1.904955649081336162e+02
-2.327807400276310545e+02
2.903208556653053165e+02
6.338671348874760270e+01
7.204299849290181612e+01
2.148507539154848303e+02
1.952779829514409187e+02
-1.130891661627975786e+01
1.447270767450534663e+02
8.003778861269313438e+01
2.357217322258152237e+01
5.382864370883546634e+00
1.238995933592872944e+02
6.904795717247930043e+01
4.211116729365979694e+01
7.802914410435116110e+01
6.422172811405755510e+01
6.481944157146048724e+01
1.838962172836341225e+01
-1.223768956511250821e+02
5.776216990756978475e+01
6.188974325486119454e+01
7.346835127244416697e+01
6.001072844110399984e+01
5.094559961328474884e+01
9.823022467614619302e+01
9.123687143162456437e+01
-1.594901203544240502e+02
-1.301624195798638937e+02
-1.124385369335646487e+02
-2.011023054392176448e+02
-4.156794490896167531e+02
-1.359555470132973767e+02
6.379499493515752739e+00
-1.120529040577704620e+02
8.684484871477401668e+01
-8.734131543723947289e+01
-1.082600934962636785e+02
-1.134484157087064915e+02
-9.408938633813528440e+01
8.537718009624076387e+01
-4.203444067520095473e+02
-1.010625701920620827e+02
-1.195325412343622133e+02
-1.141247950835455960e+01
-1.016614190373228297e+02
-1.606873658544062948e+02
-1.460429269819632339e+02
-1.128503635464785901e+02
-1.187534751549101912e+02
-2.322497560172448630e+02
-1.317865920679021485e+02
-4.270633923753031809e+02
-3.137956113304335872e+02
-1.943874477192404413e+02
-1.798547032486228829e+02
-2.947568254686141813e+02
-2.881909630016787673e+02
-4.022837327675815686e+02
-3.351032688069898882e+02
-2.486598423404651612e+02
-3.351267172840401827e+02
-3.068817417566639278e+02
-3.263608507367566176e+02
-3.708954274190538172e+02
-2.522825690548753528e+02
-2.299665716303375973e+02
-3.406505598715195333e+02
-3.281840185369470646e+02
-4.062842704974223693e+02
-3.543931286021359028e+02
-3.056826061370932734e+02
-3.022748953812727564e+02
-2.829436651237797378e+02
-2.326635306282757654e+02
-2.174010011243390750e+02
3.307336589396390281e+01
1.867358137590476304e+02
4.217413016281027893e+01
-1.286482115944675986e-01
1.708557187914297799e+02
1.193999882763521043e+02
-1.267592851495093775e+01
5.053564304667380469e+01
4.292136356372994754e+01
1.010235995253493826e+02
4.167378867780809770e+01
6.064650502439167923e+01
3.216411169553466465e+01
1.673874850584804008e+01
7.155587430197223853e+01
-9.378131804052789278e+01
8.886536344474423643e+00
4.261441188976522909e+01
2.530058918698296111e+02
8.246660565265347032e+01
2.083914275924332316e+01
1.090406186768636054e+01
-7.548519300767797979e+00
-4.484647853282107910e+00
1.337657064711345072e+02
3.281993013998717146e+01
-4.832255056669091431e+01
2.962230570959293274e+01
1.622253948206235350e+02
1.229861209149721049e+02
2.599899850990918821e+02
1.042657257259199781e+02
1.951376315663642558e+01
4.380089970233098029e+01
-3.704198649262809795e+01
6.598349873986281366e+00
3.683971078845569025e+01
4.859577745303607088e+01
4.422553552597743476e+01
8.397755419302368907e+00
2.651565596380403917e+02
2.056100565976435135e+01
5.516886518509024029e+01
1.933098452107441290e+02
4.478789789756179829e+01
4.481671063283052092e+01
7.597092284863448697e+01
2.553915696759771947e+01
9.417760491892427410e+01
1.558484701580200920e+02
-2.438051953256189961e+02
2.341587423736991411e+02
5.246662621444851737e+01
-2.765936549281051882e+01
-9.698905470530327477e+01
2.335976391251479640e+02
6.785349969767857203e+01
1.418500475617032350e+02
1.238386883150241289e+02
2.860562976033576774e+02
8.716767465108195267e+01
1.093027268204652245e+02
6.327939366186711112e+01
4.052539111942154904e+01
-8.240297505190449101e+01
2.461539661138809265e+02
4.478117334372404201e+01
7.621083620119838997e+01
-2.194707597760491780e+01
6.984779314976898945e+01
3.364391722576632304e+01
8.955631140509618149e+01
7.384968049251163791e+01
5.704472069374840970e+01
-2.622010906730208148e+02
8.971625690776417628e+01
-3.077992250192148163e+02
-2.509109708198147644e+02
-3.816992438007851547e+02
-4.333260987928948111e+02
-4.432137715720488700e+02
-1.979681776893809229e+02
-3.666335885391112583e+02
-2.684344295010324117e+02
-4.586825887221125981e+02
-2.163564195522870364e+02
-2.695207143061074362e+02
-2.029485526006290286e+02
-2.110844285263784172e+02
-4.120148752595225687e+02
-3.805797203033054643e+02
-2.371485483299939290e+02
-3.120930995246290536e+02
-2.024398288174277809e+02
-2.445561409009723661e+02
-2.411565857861832569e+02
-2.195112782544073866e+02
-2.477172417201966539e+02
-2.484494910718288168e+02
-4.779522301425926685e+02
-3.094450556055933248e+02
-5.307769517032806306e+01
-9.664904828977357809e+00
1.262038955741726909e+02
1.543575806199091289e+02
5.176960171812078215e+01
3.131699986046702122e+01
2.889538005886547367e+01
-2.779334197979234489e+01
3.324917065079919212e+02
-5.400228449499297767e+01
1.355423321462049202e+01
-2.936723241766208403e+01
-3.929200965056960371e+01
-2.748515367442504385e+02
-3.518998800770277313e+01
-3.990229064479692056e+01
-7.532671977195015245e+01
-1.302778430030627987e+02
-1.955027289179285477e+00
-4.305919256879794688e+01
1.733924592074716386e+01
-2.641981755268729870e+01
6.996050651120088837e+00
1.154903158337119180e+02
1.485133518303666733e+02
-4.523813244541278777e+01
-5.020729781286937810e-01
-4.374039194211895420e+01
-1.436087936293729967e+02
-1.256174159336754173e+02
4.796969026246140544e+01
-1.090769325165830992e+02
-1.442439267305678641e+01
3.135276272988473920e+02
-1.163393267255476182e+01
-2.641337754643993918e+01
1.730569053183658568e+01
1.902931409085882564e+01
-1.049719427412796113e+00
-2.764173558005053337e+02
3.084150848964652525e+01
3.766335988597507622e+01
8.199427585233198101e+01
-3.199135564111557972e+00
-3.138425114343873545e+01
-3.968363499387495352e+01
-1.761321170179153484e+01
1.506841678702788201e+01
-7.919335942883104451e+01
-4.153812007678685632e+02
-4.746148384116744410e+02
-3.938762513419603692e+02
-3.975229738269047175e+02
-5.401890392220627746e+02
-1.022703406490327183e+02
-3.236089985581593282e+02
-3.930272040907157702e+02
-3.546289710839327540e+02
-2.254421378881480678e+02
-3.778423506787933093e+02
-3.588396357460422905e+02
-3.118520394827926907e+02
-3.677238750705773782e+02
-5.579258756699010746e+02
-2.264475728295673491e+02
-3.495370962159939268e+02
-2.539182384800948853e+02
-2.832050684150138977e+02
-3.325323689140402053e+02
-3.832644749636737629e+02
-3.412435099248075971e+02
-3.629579697119183379e+02
-3.386806058798647996e+02
-5.901428226667699164e+02
2.721899997710133334e+02
1.159227143913702918e+02
2.761401379707816073e+00
-4.026689022906834481e+01
1.149870236196893991e+01
3.172156968022106938e+01
-1.006617852657868717e+01
5.578934851192207844e+01
-1.266532039585474045e+01
-1.488768835110411359e+01
-5.035582798568479568e+00
-5.213166621007877533e-01
-3.426177115393910100e+01
1.110043321966764474e+01
-1.628814644868855055e+02
2.070930794253308420e+02
-1.045474864055814557e+01
-1.366843999617780980e+02
-2.826783385915514302e+01
-2.221621919521914990e+01
4.895943178376443328e+00
6.077673827890758496e+00
-4.529111580460681630e+00
-3.659472648278199358e+01
-5.076497399284040313e+00
1.397698183181693139e+02
1.638597126929014678e+02
6.213153104342588051e+01
-5.145928463778702167e+00
1.153619813054057346e+02
2.006072066577180806e+02
7.468855919103445729e+01
-5.879146592063538890e+01
6.772428267227880383e+01
2.406842950095164895e+02
5.452320685346558093e+01
1.002665713440515702e+02
7.778820491583111618e+01
7.611725636343530255e+01
4.583774833035874963e+01
1.601144454350476209e+01
7.335748629458298353e+01
7.161343076910752359e+01
2.240357515793910750e+02
9.348585037348216531e+01
7.670310979456425571e+01
4.290122702040535785e+01
1.245505684626686893e+01
5.901796574919253402e+01
3.883520510452292029e+01
3.749581980085793589e+02
2.321024636261803948e+02
9.501731111085531722e+01
4.219661340298534924e+01
8.861499972430414118e+01
7.689308490485586844e+01
1.235281661162865987e+02
1.023221683469781453e+02
1.146915124735735247e+02
9.074400518768224799e+01
1.722516598682734070e+02
1.305029377458972704e+02
1.036593382361524647e+02
9.549896515968039523e+01
5.056148575371633314e+01
1.346017041294630872e+02
1.153507266674915286e+02
2.075905375874870344e+02
2.930373584529808682e+02
1.325863961570679237e+02
1.733666033163555937e+02
1.692810916180161485e+02
1.279474021480142198e+02
1.393828552800079024e+02
-6.599446619069252229e+00
5.917724855356760827e+01
1.600041900413037297e+02
8.773725292798924613e+01
1.480740915452321360e+02
1.332349643245531468e+02
2.198939210232924495e+02
1.072482971412025847e+02
1.299666661522130937e+02
9.604534633523179821e+01
1.634101030918808704e+02
6.806718817375320896e+01
9.922393801984999584e+01
5.908407474505823131e+01
5.215441639716863165e+01
-1.081211010235180083e+02
3.253314391312121643e+02
6.725888292092406573e+01
1.538362586891939898e+01
2.914571689825933731e+01
7.980065934922717474e+01
8.310549702782576276e+01
9.581274034557196728e+01
8.454341616859935016e+01
1.397416271082705066e+02
1.255163981972979457e+02
-3.646940499725216114e+02
-9.433178754242325681e+01
-6.100186684263630355e+01
-1.442146451973981129e+02
-3.255882570970553047e+02
7.207140631346227622e+01
-3.864915458970335038e+01
4.353070242634278486e+01
-5.048537435569875242e+01
5.547436254637605657e+01
-1.892684569117118087e+01
-5.925632725878955398e+01
-8.006066932910259482e+01
-1.280954754079107829e+02
-1.096956801646372099e+02
1.066256636633393811e+02
-8.712290533798453396e+01
-2.281020387460462118e+01
-1.067505775550703646e+02
-6.895914438196024321e+01
-9.164201333884109602e+01
-5.023018663639126657e+01
-5.132993124522103301e+01
-7.085743608185730125e+01
-3.122045900559685947e+02
-7.489026530012516503e+01
-1.314733224194809225e+02
-6.514396891219801944e+01
6.947003426101245793e+01
-6.386779246702314339e+01
-2.195132621871298184e+01
-3.342965461295884921e+01
-1.255885782645061681e+02
-4.503225029637241761e+01
1.105942563224877375e+02
-2.778252578520539728e+01
-4.014138298176068531e+01
-7.936144950963443989e+01
-1.053660169104960858e+02
-3.784238535823129723e+02
-1.530764478335070855e+01
-6.307698346470080963e+01
-1.612628366948792120e+02
-2.568685772418880333e+02
-1.109033662225340038e+02
-9.628688250807002191e+01
-2.216563396054276680e+01
-5.875264189097603662e+01
-7.552146984927068729e+01
-2.792073569606223060e+01
2.509013964369676444e+02
4.543090857799266473e+02
2.462667957721243397e+02
3.597003996181313710e+02
4.745714442216963107e+02
2.127882894149229287e+02
2.594837131295839185e+02
2.110238361874720567e+02
2.489087272240896596e+02
3.539370671089871507e+02
2.448335084821225678e+02
2.142611481234238795e+02
1.788254688289780461e+02
1.948742720786097493e+02
2.589307920951563915e+02
2.324298707908768051e+02
2.401107271114853745e+02
2.077673608733367416e+02
2.786400766116721570e+02
1.690209956372272586e+02
2.574763963807713480e+02
2.445369940163105014e+02
2.238135972677652603e+02
2.715902739947644022e+02
2.566169435338083531e+02
3.488543153489757174e+02
1.634741604277416798e+02
4.468449505345375172e+01
-3.666474030442324761e+01
4.974438630503955494e+01
-1.275207101144887076e+02
3.765496411794250520e+01
1.668676926343140110e+02
3.254283712823786345e+01
-3.704198649262809795e+01
3.854825452697248522e+01
5.578088284478432257e+01
4.877058240790309895e+01
5.321160051332745411e+01
1.679551083860473852e+02
-1.506131486729678954e+02
2.892480457221086709e+01
4.508993789166029842e+01
1.541562616666969348e+02
1.144579612937690598e+02
6.565585339207385118e+01
3.414222650373926626e+01
5.107831393519543894e+01
1.209061061244856177e+02
-4.441935224373535718e+00
-1.289987987741581037e+02
-2.182225820804287366e+02
-1.681944476731124283e+01
5.634791667837679086e+01
6.761736932418692447e+01
3.908097384603235724e+01
-2.721596416445348510e+01
-1.050741093049653614e+02
-3.342237326683889620e+01
-9.216188026873973982e+00
-1.121719478577668241e+02
-3.058391084324624387e+01
1.608205584776733588e+01
-5.391638992409999531e+01
-2.571812597161350311e+01
-1.662726933363955766e+02
-3.850832415938917563e+01
-1.136973728013238230e+02
-9.446021500761156631e+01
-7.642379403155387330e+00
-1.707303262203067362e+01
-1.144032720544142734e+01
-1.409056936143322858e+01
-4.305261939150822670e+00
2.549670818790409612e+02
-3.933322901718926232e+02
-7.454010459755515683e+00
-1.331748574486360894e+02
-1.480740915452321360e+02
-1.692309021533254736e+02
-1.631757544350572005e+02
-1.199242256561535100e+02
1.175829318412707991e+01
-1.236627810873039266e+02
2.339493883744932390e+01
-1.014062191159996758e+02
-8.306312149472556428e+01
-1.372218895706234321e+02
-1.198141998313333261e+02
-3.329360117277583981e+02
-3.622809265393000828e+02
-9.653217911448685129e+01
-1.027343290786456436e+02
-1.351939880220463124e+02
-1.274322333037770392e+02
-1.737432143300768530e+02
-1.614158666642751427e+02
-1.636770601716484919e+02
-1.585771480920553529e+02
-2.436718751656339634e+02
4.362896504709493115e+02
3.913355491371645485e+02
1.758510605895750132e+02
2.099538813221710143e+02
3.362120581923527425e+02
-1.827162413580733613e+01
1.554665350216042157e+02
2.923311826734571355e+02
1.547983603937801433e+02
1.582703059230472888e+02
1.984714185780610194e+02
1.763788040107666006e+02
1.512062859599863316e+02
1.948742720786097777e+02
3.523558211348953932e+02
-6.545337769432714481e+01
2.066555314616992689e+02
2.121879430195778866e+02
3.211296157043150856e+02
1.780852130688766977e+02
1.957121901304839184e+02
1.735712143200566686e+02
1.651867640318019994e+02
1.793859141312842951e+02
2.336457928020480210e+02
1.644798043309009472e+02
1.957320332794422768e+02
1.004145956257387340e+00
1.058774781422468010e+02
3.519602809924405165e+02
-5.354600962021316946e+01
4.200454743189624907e+01
-2.751940957987188074e+00
-7.036289108808191362e-01
-3.314283001971987375e+01
8.682039307876689982e-01
4.153156074736278924e+01
-1.922854503537398285e+00
4.316835140981861230e+01
-9.709904703568362550e+01
4.205203566920481961e+01
4.234173199426049194e+01
1.117523166569776834e+02
2.287763199905537590e+02
-6.398271128223115944e+00
6.691122343781138682e+01
6.435184053060804388e+01
1.937453287197068263e+01
8.700216835367290003e+01
8.972709153234542612e+01
-9.605215075718255946e+01
3.161528574310097994e+01
-4.192309367374593165e+01
-1.200287814176382568e+02
-1.536076652484763656e+02
-1.787827667177259627e+02
7.456428538206437695e-01
-9.706846288172990000e+01
-4.819858039533610139e+01
2.038195429020206717e+01
-1.753771940191090906e+01
-1.216405544901838498e+00
-4.614850808489756417e+01
-3.453468112785489552e+01
-1.898242631238139495e+02
7.231542535582920550e+01
-3.850832415938916142e+01
5.711392132943637989e+01
8.585696122439044586e+01
-4.887568222948211627e+01
-2.485632690560348124e+01
-1.948430727176743460e+01
-1.107116164112610868e+01
-1.094254076200834191e+01
-1.718394369657648042e+02
-1.406568434570878523e+01
-1.014002457370189916e+02
-3.150507937757554089e+01
3.910905632471813220e+01
4.624478123835335452e+01
-2.631621420671140186e+02
2.112654752491824439e+00
-1.534832525204672606e+02
-5.312398277150180803e+01
2.151625435504809900e+02
-3.160262308067114034e+01
-5.543333840338380725e+01
-5.908407474505823131e+01
-1.920551144355195561e+01
-5.458541022546540233e+01
-1.708473917773969504e+02
-4.495541915440002612e+01
-5.835168433038391811e+01
-1.861112042900897023e+01
-6.362725177510763075e+01
-6.778998246982767739e+01
-6.810569789489349546e+01
-5.862683323596323959e+01
-2.242323926641053689e+01
-2.766691082609802876e+01
-7.603072619302047919e+00
1.569197719200256245e+02
1.907877316889036479e+01
1.054915335074633731e+01
5.274404779077057270e+01
3.337109130359256426e+01
5.666885689036891449e+01
2.239079233998666751e+01
3.588507445492177084e+01
3.133503929137150976e+02
-4.410475968401355829e+01
5.108903288587724489e+01
4.684772790436570489e+01
6.114048138451862968e+01
-8.467736714463221404e+01
7.724202367690757853e+01
4.042502807682482313e+01
5.905897747378251239e+01
1.890960066230439907e+02
3.785643750865342128e+01
4.205489653220791268e+01
6.077673827890758673e+01
3.484899743854467857e+01
7.749471490471484003e+01
1.129520671340699067e+01
-1.328003350838091592e+02
-3.759134585307739940e+02
-2.133810157046949314e+02
-3.007795187078651225e+02
-3.957053443260181780e+02
-3.019893433557046336e+01
-1.835524158488483977e+02
-2.796972719117887891e+02
-1.961365589080282632e+02
-1.233551320520055015e+02
-2.210447207785404373e+02
-2.392843479042617219e+02
-1.901877908953353824e+02
-2.181323226341038719e+02
-1.095207269267350654e+02
-2.604059112570005396e+01
-2.235573750972683342e+02
-2.753138560679022930e+02
-3.795966261086547320e+02
-1.640445625374982228e+02
-2.070105205421218955e+02
-2.788579756326348047e+02
-1.822967411135423106e+02
-1.618060945464184783e+02
-4.620881757698297747e+02
3.038694690181052351e+02
1.515220402077888480e+02
1.686965206512411726e+02
2.350402825830921643e+02
1.162368825720773060e+02
1.124212429467034866e+02
1.695094754352262783e+02
2.125248948918287226e+02
1.604273916808267302e+02
2.642564682320980864e+02
1.512411247432119126e+02
2.168677314339277871e+02
1.935090850378090863e+02
1.790165103362274976e+02
2.407356553533345505e+02
1.509650485530449089e+02
2.228603918545644262e+02
2.082978307308855790e+02
2.888235198652807867e+02
1.420060730958408328e+02
1.991016892539753655e+02
2.565135865595070186e+02
1.819193151485040119e+02
2.009122238270383889e+02
2.752730714761771083e+02
-1.181010613531585136e+02
-3.649894776845805211e+01
-9.915941318041703312e+00
-2.585829053048797732e+01
-1.779799148200409888e+02
4.364887987998419305e+01
1.528567850332319011e+01
-2.289114524143888119e+01
2.093296009870435981e+01
2.683328590901384700e+02
1.910048647732871174e+01
8.514838814312872728e+01
3.356255133447094607e+01
7.576486165804901418e+01
1.644560436280047355e+01
6.351792835390351399e+01
6.359972089672871221e+01
9.053352235501989753e+01
1.165828675930373777e+02
3.110270687330680417e+01
2.046253174552205678e+01
1.859053170884232031e+01
-8.680797195882970385e+00
-2.529341389251108652e+01
-1.409997152651142187e+02
7.121544686746248942e+01
-5.693321782192574432e+01
4.719485994409722451e+01
1.726458999597754769e+02
1.517328768198944999e+02
2.210358975317804209e+02
6.735640446179814944e+01
2.264096879071277968e+01
4.239364188056932647e+01
2.424566388608384386e+02
4.914034248258202808e+01
5.126280510657749545e+01
8.128430401317184817e+01
1.039564380889509749e+02
-7.522989229791704702e+00
1.214054586265745286e+02
8.102430196432561615e+01
1.414586286797186290e+02
1.044680816533994374e+02
6.007265670387256762e+01
-8.410979306441580761e+00
2.717077711292338904e+01
1.421637801644602384e+01
6.960173468293831434e+01
2.199392498239810436e+02
-8.236662004243886770e+01
-1.101394304139737415e+02
2.886919624239989712e+00
3.177610826383347842e+01
-6.774235521942571836e+01
-5.316535078405050996e+01
-8.699166627907507277e+00
1.466034001254992631e+02
1.864616613834170522e+01
-8.684484871477399892e+00
5.382864370883546634e+00
2.815109975344256910e+01
1.975295989997509238e+01
1.391959086275784507e+01
6.735699659232106740e+01
-2.741300065800045900e+02
-2.404592187328373498e+01
-6.984519791061104854e+01
-1.959434943280567438e+02
6.309406251442237590e+01
-2.397756787358719777e+01
-3.396347139115424962e+00
-1.006469240102372931e+00
1.399210130224017945e+01
1.285622966368683535e+02
5.009157677350166864e+02
2.314598765175807671e+02
2.114982420367122984e+02
2.699039479251929379e+02
4.680721776692790854e+02
3.863687187050926468e+02
2.092770943056606257e+02
2.444223923594075529e+02
2.038764769277172775e+02
1.595109466189726932e+00
1.720780190821158726e+02
1.928871649772915760e+02
1.805735183776484121e+02
2.110844285263784172e+02
1.611319321078642020e+02
3.156541924290937686e+02
2.066555314616993257e+02
2.090051238742841804e+02
2.925106286295183509e+02
2.164748398382154164e+02
2.785666131491622650e+02
1.925192562540690346e+02
1.869516613490158363e+02
2.556249276370801340e+02
4.287102053695372774e+02
-2.057898322291088107e+02
1.100109129922538216e+02
9.677456653430573397e+01
-1.157833904350207810e+01
-7.136694618135071266e+01
2.575791458033950789e+02
8.935286864950711561e+01
1.692443689162120393e+02
1.433643905919668384e+02
4.126016485877426021e+02
1.078309282038284778e+02
1.275488099939928190e+02
1.286564467821386586e+02
7.717444047959408238e+01
2.456343460145942856e+02
9.272561840029682401e+01
7.893335223621399166e+01
2.395955523262733777e+02
2.164859574430949749e+02
1.516034797881754912e+02
1.112257860523468764e+02
1.163695782928495248e+02
1.089502952410819177e+02
1.158833005288096274e+02
-7.373612472460069966e+01
-6.860505860150216222e+02
-2.498378678235297059e+02
-2.342170442970356135e+02
-3.397599268209887100e+02
-3.664586448401406074e+02
-2.230660779913145291e+02
-2.241899513820735592e+02
-2.070210129758543189e+02
-2.209394780165771408e+02
-1.907041984022384611e+02
-2.394506441112390007e+02
-2.048774482056097099e+02
-1.919358404440057484e+02
-2.607720819858430445e+02
-2.905973281554423693e+02
-2.248640233692207460e+02
-2.265195538787597798e+02
-1.448182711108619003e+02
-2.510745491838003716e+02
-2.452670599152193631e+02
-2.415331967999045446e+02
-1.842965210751579832e+02
-1.953808412348732020e+02
-2.288964264315188473e+02
-5.387432864990189501e+02
-2.045226534592250971e+02
-1.566627370765857847e+02
-7.782131160994753216e+00
-3.190475647542795201e+01
-1.126122916101523117e+02
7.283272398578756679e+01
-2.547613083887198471e+01
-3.052152698858517255e+01
1.512802158393760976e+01
2.389119511581946256e+02
2.778252578520539640e+00
1.876739983562837111e+01
3.006645223713023540e+01
-2.995354995783333418e+00
1.954227667366822061e+02
-1.159510104853806070e+02
1.655335201421706159e+01
9.583822093050936530e+01
-1.474843505695050361e+01
2.434897623796017641e+01
6.778998246982768094e+00
2.091434817244761035e+01
2.591658293263611412e+01
-1.130131259027091239e+01
-2.436718751656340132e+01
4.034697203309620477e+02
2.605048138262832822e+02
1.525046671065907731e+02
2.187019597105948066e+00
-1.874788428581892319e+01
3.455113369569677957e+02
1.222854280265855351e+02
1.275899898703150939e+02
1.650009796015520180e+02
6.929864458668700422e+01
1.144292780778147147e+02
1.065223712892610166e+02
1.438644778555708115e+02
1.370815403952607312e+02
2.199162200429808252e+02
2.611097110171545523e+02
1.383511736767194407e+02
1.575495476920365832e+02
2.322878521469705504e+02
1.507148310203667165e+02
1.485102764107521409e+02
8.490867847788560141e+01
1.124729375814402061e+02
1.659319705714380007e+02
5.304939782251824454e+01
3.828147063818581159e+02
4.075287442738749064e+02
3.026244875670701617e+02
3.371869625890993802e+02
4.526989125549075652e+02
4.447364069166994227e+02
2.519030107824073639e+02
4.031593503451229594e+02
2.932373486095812041e+02
3.521647232576651732e+02
2.566410819408348516e+02
2.974980418388496446e+02
2.723461196828424136e+02
2.810347775455538795e+02
3.985434759410584320e+02
4.405786498564388012e+02
3.186955877263473553e+02
2.408333153272209302e+02
2.475630170273835802e+02
2.518430607970042274e+02
3.196172136447801222e+02
3.072800385336533964e+02
3.097409086415053707e+02
3.096200877905967559e+02
4.080234784674547086e+02
2.247975137773638892e+02
1.238907945380054940e+02
8.472481505921706457e+01
1.034331621219518951e+02
1.969777708963375176e+02
2.796573583008289461e+02
-1.615559516611394963e+00
1.180832847427230092e+02
9.252720178082766722e+01
-9.127570834307880432e+01
4.080558474702043981e+01
3.180031638814807593e+01
6.992198194681446921e+01
5.497357404025881777e+01
1.674302486723409800e+02
1.444549007716198901e+02
3.641737443127752982e+01
-6.118085690397829524e+01
6.022277648254790705e+01
8.495482220251801664e+01
1.719856962660442790e+01
2.145061351020267626e+00
4.730405428481154928e+01
7.785348673297740163e+01
2.823801678351748592e+02
-5.315814939662014922e+02
-5.417009325494740324e+02
-2.997375679428302533e+02
-2.608985731135801984e+02
-4.623228264882945382e+02
-2.901889194346622958e+02
-2.519030107824074207e+02
-3.877734986254674823e+02
-3.162811954409281157e+02
-4.065756794932481171e+02
-3.149843860897662466e+02
-3.028849806805578737e+02
-3.186694327226070413e+02
-3.220887607230549179e+02
-4.538286991181321923e+02
-4.539508452993658807e+02
-3.150364257021520871e+02
-3.849442932946842006e+02
-5.237450211295639519e+02
-3.351983152174665861e+02
-3.128382153977973417e+02
-3.398134690241274143e+02
-3.476093138003571426e+02
-3.169749102699793752e+02
-3.553548179498827722e+02
-1.900768154825511758e+01
-3.157673051658499617e+02
-2.593206932034704550e+02
-1.093509798552974104e+02
2.549712262871373980e+01
-2.280146428614290244e+02
-2.465592369966928175e+02
-2.395439515702483959e+02
-2.256889731650227304e+02
-3.695336930006200760e+02
-2.717478303365403463e+02
-2.366777645937577574e+02
-2.602845777970169365e+02
-2.507288328823343306e+02
-3.857718895742025325e+02
-3.811075701234209987e+02
-2.643308947954450332e+02
-3.294217815378946170e+02
-4.087423430069140409e+02
-2.481107359722073795e+02
-2.097723346427445108e+02
-2.341691974863792325e+02
-2.604239158764890476e+02
-2.163394124423288929e+02
-7.792423507901004598e+01
