2.400000000000000000e+02 2.031241415540052344e+02 1.620500274578675848e+00
2.410000000000000000e+02 2.033547024411267046e+02 1.923491423908172404e+00
2.420000000000000000e+02 2.034930389733995639e+02 1.780551140532830257e+00
2.430000000000000000e+02 2.007724205053663411e+02 3.169352718106241529e+00
2.440000000000000000e+02 2.029396928443080412e+02 1.583333981549133629e+00
2.450000000000000000e+02 2.034008146185509531e+02 1.922938617049822163e+00
2.460000000000000000e+02 2.036313755056724801e+02 2.033123501127611643e+00
2.470000000000000000e+02 1.998040647794562403e+02 3.158263393994029666e+00
2.480000000000000000e+02 2.010952057473364221e+02 3.174380513638772605e+00
2.490000000000000000e+02 2.035852633282481179e+02 1.975302732240094672e+00
2.500000000000000000e+02 2.035852633282481179e+02 1.975302732240093784e+00
2.510000000000000000e+02 2.026169076023379887e+02 2.105060041374285262e+00
2.520000000000000000e+02 2.028935806668837358e+02 1.867400858725128954e+00
2.530000000000000000e+02 2.028474684894594873e+02 1.855406418045477235e+00
2.540000000000000000e+02 2.034469267959752301e+02 1.921279242125166320e+00
2.550000000000000000e+02 2.033085902637023423e+02 1.471982755346926908e+00
2.560000000000000000e+02 2.031702537314295114e+02 2.043555193522696101e+00
2.570000000000000000e+02 2.036774876830967287e+02 1.682304698609399018e+00
2.580000000000000000e+02 2.033547024411267330e+02 1.472704846513904986e+00
2.590000000000000000e+02 2.036313755056724801e+02 1.969373306922859612e+00
2.600000000000000000e+02 2.032624780862780653e+02 1.783534140011568514e+00
2.610000000000000000e+02 2.036774876830967003e+02 1.896214372220249356e+00
2.620000000000000000e+02 2.028013563120351819e+02 2.385386102630315808e+00
2.630000000000000000e+02 2.031702537314295398e+02 1.626394212997219313e+00
2.640000000000000000e+02 2.034930389733995639e+02 1.630963661893946925e+00
2.650000000000000000e+02 2.028474684894594304e+02 1.922938617049820387e+00
2.660000000000000000e+02 2.028474684894594589e+02 1.785321547314999924e+00
2.670000000000000000e+02 2.030319171991566805e+02 1.756504781599064202e+00
2.680000000000000000e+02 2.026169076023380171e+02 1.776366525721840173e+00
2.690000000000000000e+02 2.028474684894595441e+02 2.051344150203890049e+00
2.700000000000000000e+02 2.032624780862780653e+02 1.921279242125166542e+00
2.710000000000000000e+02 2.031241415540051776e+02 1.841602830786519762e+00
2.720000000000000000e+02 2.032624780862780938e+02 2.170703508425216643e+00
2.730000000000000000e+02 2.033085902637024276e+02 2.172172350484641523e+00
2.740000000000000000e+02 2.034930389733995355e+02 2.338119309061638340e+00
2.750000000000000000e+02 2.036774876830967855e+02 1.756504781599066867e+00
2.760000000000000000e+02 2.032624780862780938e+02 1.921279242125164544e+00
2.770000000000000000e+02 2.036313755056724233e+02 2.213384516366005084e+00
2.780000000000000000e+02 2.030319171991566805e+02 1.962342705602602821e+00
2.790000000000000000e+02 2.034008146185509815e+02 1.785321547315001034e+00
2.800000000000000000e+02 2.032163659088538168e+02 2.108592447140598125e+00
2.810000000000000000e+02 2.038158242153696165e+02 1.649759412979960649e+00
2.820000000000000000e+02 2.034008146185509815e+02 2.286624721690073692e+00
2.830000000000000000e+02 2.035391511508238409e+02 1.703032026970710211e+00
2.840000000000000000e+02 2.032624780862780653e+02 1.783534140011566294e+00
2.850000000000000000e+02 2.034930389733995639e+02 1.983895715632281176e+00
2.860000000000000000e+02 2.033085902637024276e+02 2.286624721690075468e+00
2.870000000000000000e+02 2.034469267959752585e+02 2.394283508016134654e+00
2.880000000000000000e+02 2.033547024411266761e+02 1.785916952216433540e+00
2.890000000000000000e+02 2.034469267959752585e+02 1.853686590932760225e+00
2.900000000000000000e+02 2.034469267959752870e+02 1.554192453377454264e+00
2.910000000000000000e+02 2.033085902637023707e+02 2.286624721690078132e+00
2.920000000000000000e+02 2.032624780862780653e+02 1.921279242125164544e+00
2.930000000000000000e+02 2.033085902637023707e+02 2.230132881473008144e+00
2.940000000000000000e+02 2.034930389733995639e+02 1.780551140532830035e+00
2.950000000000000000e+02 2.038158242153695880e+02 1.797783640583658027e+00
2.960000000000000000e+02 2.036313755056724517e+02 1.690500348048405987e+00
2.970000000000000000e+02 2.036774876830967571e+02 1.756504781599066867e+00
2.980000000000000000e+02 2.029858050217323466e+02 2.257142805565306887e+00
2.990000000000000000e+02 2.032163659088537884e+02 1.918510427828580944e+00
3.000000000000000000e+02 2.030319171991566805e+02 1.896214372220245803e+00
3.010000000000000000e+02 2.037697120379452826e+02 1.661958617398569427e+00
3.020000000000000000e+02 2.038158242153695880e+02 1.934514387639564736e+00
3.030000000000000000e+02 2.040002729250667812e+02 2.194086985745187679e+00
3.040000000000000000e+02 2.029396928443080412e+02 2.009454202023766456e+00
3.050000000000000000e+02 2.034930389733995639e+02 2.047193727843374500e+00
3.060000000000000000e+02 2.031702537314295398e+02 2.164818174029365494e+00
3.070000000000000000e+02 2.033085902637023707e+02 2.499858478616884927e+00
3.080000000000000000e+02 2.030319171991566805e+02 2.026314102761188174e+00
3.090000000000000000e+02 2.033547024411267046e+02 2.051862362704314435e+00
3.100000000000000000e+02 2.033547024411266761e+02 1.855979339602455092e+00
3.110000000000000000e+02 2.032624780862780653e+02 1.853686590932764000e+00
3.120000000000000000e+02 2.027091319571865995e+02 2.135148180384506489e+00
3.130000000000000000e+02 2.029396928443080697e+02 1.808984893131945437e+00
3.140000000000000000e+02 2.029858050217323466e+02 1.818948598227931868e+00
3.150000000000000000e+02 2.033547024411267330e+02 1.923491423908171072e+00
3.160000000000000000e+02 2.033085902637023707e+02 1.636170263045073181e+00
3.170000000000000000e+02 2.030319171991566520e+02 1.827694995505951603e+00
3.180000000000000000e+02 2.027091319571865426e+02 2.135148180384505601e+00
3.190000000000000000e+02 2.026630197797622657e+02 1.722275937531224210e+00
3.200000000000000000e+02 2.027552441346109049e+02 2.026314102761184177e+00
3.210000000000000000e+02 2.032624780862780938e+02 2.228702239041068012e+00
3.220000000000000000e+02 2.027552441346108765e+02 2.374217457595576342e+00
3.230000000000000000e+02 2.028935806668837643e+02 2.062199266224947536e+00
3.240000000000000000e+02 2.035852633282481179e+02 1.770971777737808006e+00
3.250000000000000000e+02 2.033547024411266761e+02 1.988712952304937387e+00
3.260000000000000000e+02 2.034008146185510100e+02 2.172172350484642411e+00
3.270000000000000000e+02 2.032163659088537884e+02 2.338119309061634787e+00
3.280000000000000000e+02 2.026169076023380171e+02 1.914627360960700075e+00
3.290000000000000000e+02 2.033547024411267046e+02 2.172661743833305792e+00
3.300000000000000000e+02 2.033547024411267046e+02 1.855979339602455980e+00
3.310000000000000000e+02 2.032624780862780938e+02 1.710506965717965011e+00
3.320000000000000000e+02 2.033547024411267046e+02 1.785916952216433540e+00
3.330000000000000000e+02 2.031241415540052060e+02 1.975302732240092896e+00
3.340000000000000000e+02 2.031241415540052060e+02 1.620500274578673183e+00
3.350000000000000000e+02 2.028013563120351819e+02 2.438283578142413255e+00
3.360000000000000000e+02 2.034008146185509815e+02 1.636170263045072071e+00
3.370000000000000000e+02 2.029858050217323466e+02 1.818948598227933200e+00
3.380000000000000000e+02 2.030780293765809290e+02 1.613267329965699659e+00
3.390000000000000000e+02 2.033547024411267046e+02 1.712991363491630947e+00
3.400000000000000000e+02 2.031241415540052060e+02 2.160393651732605225e+00
3.410000000000000000e+02 2.033085902637023707e+02 1.922938617049821941e+00
3.420000000000000000e+02 2.034008146185510100e+02 2.051344150203891825e+00
3.430000000000000000e+02 2.032163659088537884e+02 1.918510427828580944e+00
3.440000000000000000e+02 2.034008146185509531e+02 2.051344150203894934e+00
3.450000000000000000e+02 2.023863467152165470e+02 2.132657048769261543e+00
3.460000000000000000e+02 2.031702537314295114e+02 2.043555193522696101e+00
3.470000000000000000e+02 2.033547024411266761e+02 2.051862362704315768e+00
3.480000000000000000e+02 2.029858050217323466e+02 2.141115070957415156e+00
3.490000000000000000e+02 2.030319171991565952e+02 1.756504781599065312e+00
3.500000000000000000e+02 2.031702537314295114e+02 1.703032026970711765e+00
3.510000000000000000e+02 2.032624780862780938e+02 1.783534140011568514e+00
3.520000000000000000e+02 2.031702537314295114e+02 1.703032026970709101e+00
3.530000000000000000e+02 2.036774876830967571e+02 1.604677272895125739e+00
3.540000000000000000e+02 2.030780293765809574e+02 2.213384516366002419e+00
3.550000000000000000e+02 2.038158242153696165e+02 1.797783640583659137e+00
3.560000000000000000e+02 2.038158242153695880e+02 1.867400858725132284e+00
3.570000000000000000e+02 2.035852633282481463e+02 2.275438557307317478e+00
3.580000000000000000e+02 2.041847216347640028e+02 2.007866328048399929e+00
3.590000000000000000e+02 2.040002729250667812e+02 1.947659596990168884e+00
