0.000000000000000000e+00 1.217822605775545952e+02 1.636170263045078732e+00
1.000000000000000000e+00 1.211366900936144901e+02 1.827694995505964037e+00
2.000000000000000000e+00 1.208139048516444376e+02 1.934514387639575839e+00
3.000000000000000000e+00 1.209061292064930342e+02 1.975840888559104558e+00
4.000000000000000000e+00 1.208600170290687572e+02 1.785321547315014579e+00
5.000000000000000000e+00 1.216439240452817074e+02 1.818948598227940305e+00
6.000000000000000000e+00 1.214594753355845285e+02 1.727822734298971152e+00
7.000000000000000000e+00 1.212289144484630583e+02 1.855406418045489003e+00
8.000000000000000000e+00 1.210444657387659078e+02 1.931764543481029772e+00
9.000000000000000000e+00 1.212750266258873637e+02 2.031030733201788951e+00
1.000000000000000000e+01 1.210905779161901989e+02 1.626394212997231747e+00
1.100000000000000000e+01 1.210905779161901989e+02 1.846791266635798179e+00
1.200000000000000000e+01 1.209983535613416166e+02 2.012097874002422238e+00
1.300000000000000000e+01 1.212289144484630725e+02 2.051344150203901151e+00
1.400000000000000000e+01 1.213672509807359461e+02 2.111111975398855201e+00
1.500000000000000000e+01 1.210444657387659078e+02 1.722275937531236867e+00
1.600000000000000000e+01 1.215978118678574162e+02 1.850816661063409585e+00
1.700000000000000000e+01 1.209061292064930342e+02 1.771572005437730413e+00
1.800000000000000000e+01 1.215055875130088197e+02 1.909623244301892120e+00
1.900000000000000000e+01 1.210444657387658935e+02 1.864552038059905437e+00
2.000000000000000000e+01 1.211366900936145043e+02 1.604677272895137286e+00
2.100000000000000000e+01 1.216439240452817074e+02 2.018428559411198364e+00
2.200000000000000000e+01 1.215055875130088197e+02 1.841602830786529532e+00
2.300000000000000000e+01 1.209522413839173112e+02 1.896214372220259792e+00
2.400000000000000000e+01 1.215978118678574162e+02 1.780551140532835364e+00
2.500000000000000000e+01 1.210905779161901847e+02 1.703032026970723090e+00
2.600000000000000000e+01 1.210444657387658793e+02 2.120658882965820613e+00
2.700000000000000000e+01 1.205833439645229817e+02 1.841602830786535527e+00
2.800000000000000000e+01 1.211366900936145186e+02 1.962342705602615478e+00
2.900000000000000000e+01 1.209983535613416450e+02 1.665154080101733269e+00
3.000000000000000000e+01 1.213672509807359461e+02 2.049788726638755332e+00
3.100000000000000000e+01 1.213672509807359461e+02 1.783534140011577618e+00
3.200000000000000000e+01 1.211828022710387813e+02 1.876488021191806466e+00
3.300000000000000000e+01 1.214594753355845285e+02 1.800147591165095928e+00
3.400000000000000000e+01 1.210444657387659078e+02 1.722275937531236645e+00
3.500000000000000000e+01 1.209983535613416166e+02 1.586687795901363440e+00
3.600000000000000000e+01 1.215516996904331251e+02 1.811921082198030053e+00
3.700000000000000000e+01 1.211366900936145043e+02 1.604677272895137063e+00
3.800000000000000000e+01 1.210444657387659078e+02 1.722275937531236867e+00
3.900000000000000000e+01 1.207216804967958694e+02 1.954199043247555778e+00
4.000000000000000000e+01 1.212289144484630583e+02 1.785321547315012136e+00
4.100000000000000000e+01 1.210444657387658935e+02 1.996715853662607065e+00
4.200000000000000000e+01 1.213672509807359603e+02 1.783534140011577618e+00
4.300000000000000000e+01 1.210444657387659078e+02 1.864552038059905881e+00
4.400000000000000000e+01 1.212750266258873779e+02 1.687982847994783153e+00
4.500000000000000000e+01 1.210444657387659078e+02 1.864552038059905659e+00
4.600000000000000000e+01 1.211366900936144901e+02 1.962342705602615256e+00
4.700000000000000000e+01 1.213211388033116549e+02 1.808984893131958094e+00
4.800000000000000000e+01 1.216900362227059844e+02 2.172172350484648629e+00
4.900000000000000000e+01 1.209061292064930200e+02 1.771572005437730191e+00
5.000000000000000000e+01 1.210905779161901847e+02 1.914627360960711844e+00
5.100000000000000000e+01 1.214594753355845285e+02 2.064260435421362505e+00
5.200000000000000000e+01 1.213211388033116691e+02 1.878186969499246572e+00
5.300000000000000000e+01 1.214133631581602373e+02 1.604677272895134621e+00
5.400000000000000000e+01 1.216439240452816932e+02 1.594708172846686089e+00
5.500000000000000000e+01 1.213211388033116691e+02 1.944928338323520300e+00
5.600000000000000000e+01 1.213211388033116549e+02 2.009454202023776670e+00
5.700000000000000000e+01 1.214133631581602515e+02 1.827694995505962039e+00
5.800000000000000000e+01 1.210905779161901989e+02 1.545961897089886738e+00
5.900000000000000000e+01 1.214133631581602373e+02 1.962342705602613702e+00
6.000000000000000000e+01 1.209061292064930342e+02 2.101015734004931357e+00
6.100000000000000000e+01 1.212750266258873779e+02 2.211462341000083320e+00
6.200000000000000000e+01 1.210444657387659078e+02 1.794824323942659339e+00
6.300000000000000000e+01 1.212750266258873779e+02 1.687982847994782931e+00
6.400000000000000000e+01 1.211828022710387813e+02 1.807220889891221205e+00
6.500000000000000000e+01 1.213211388033116407e+02 1.878186969499247017e+00
6.600000000000000000e+01 1.209061292064930342e+02 1.975840888559104780e+00
6.700000000000000000e+01 1.215516996904331251e+02 1.947659596990174879e+00
6.800000000000000000e+01 1.209983535613416166e+02 1.881015140005741992e+00
6.900000000000000000e+01 1.215055875130088197e+02 2.100509648068644264e+00
7.000000000000000000e+01 1.209983535613416308e+02 1.504133708433263550e+00
7.100000000000000000e+01 1.210905779161901989e+02 1.914627360960712066e+00
7.200000000000000000e+01 1.211828022710387813e+02 2.070431631357991353e+00
7.300000000000000000e+01 1.214133631581602515e+02 1.896214372220256461e+00
7.400000000000000000e+01 1.213672509807359319e+02 2.049788726638755776e+00
7.500000000000000000e+01 1.212750266258873779e+02 1.967212721185249702e+00
7.600000000000000000e+01 1.209061292064930342e+02 1.771572005437730635e+00
7.700000000000000000e+01 1.211366900936144901e+02 1.682304698609410121e+00
7.800000000000000000e+01 1.210444657387659078e+02 1.646534073799257092e+00
7.900000000000000000e+01 1.211366900936144901e+02 1.962342705602615478e+00
8.000000000000000000e+01 1.209061292064930342e+02 1.910179904638541926e+00
8.100000000000000000e+01 1.214594753355845285e+02 1.652335151336812746e+00
8.200000000000000000e+01 1.215055875130088197e+02 1.697404220781458806e+00
8.300000000000000000e+01 1.210905779161901989e+02 2.105060041374295476e+00
8.400000000000000000e+01 1.212289144484630725e+02 1.785321547315012358e+00
8.500000000000000000e+01 1.215978118678574162e+02 2.108592447140605231e+00
8.600000000000000000e+01 1.213211388033116691e+02 2.071971558407145864e+00
8.700000000000000000e+01 1.213211388033116691e+02 1.878186969499246572e+00
8.800000000000000000e+01 1.215978118678574162e+02 1.850816661063408475e+00
8.900000000000000000e+01 1.215978118678574020e+02 1.780551140532835364e+00
9.000000000000000000e+01 1.209061292064930342e+02 1.975840888559104558e+00
9.100000000000000000e+01 1.209522413839173112e+02 1.896214372220259570e+00
9.200000000000000000e+01 1.210905779161901989e+02 1.846791266635798401e+00
9.300000000000000000e+01 1.214133631581602515e+02 1.827694995505961595e+00
9.400000000000000000e+01 1.213672509807359461e+02 1.554192453377465144e+00
9.500000000000000000e+01 1.213211388033116549e+02 1.944928338323520300e+00
9.600000000000000000e+01 1.215055875130088197e+02 1.841602830786530198e+00
9.700000000000000000e+01 1.214133631581602373e+02 1.962342705602613702e+00
9.800000000000000000e+01 1.211828022710387813e+02 1.943287740529812568e+00
9.900000000000000000e+01 1.212750266258873779e+02 2.092903673852984703e+00
1.000000000000000000e+02 1.213672509807359603e+02 1.853686590932771994e+00
1.010000000000000000e+02 1.214133631581602515e+02 1.962342705602614146e+00
1.020000000000000000e+02 1.211366900936145043e+02 1.756504781599077303e+00
1.030000000000000000e+02 1.209983535613416308e+02 1.881015140005741548e+00
1.040000000000000000e+02 1.214133631581602515e+02 1.604677272895134177e+00
1.050000000000000000e+02 1.214594753355845427e+02 1.800147591165095040e+00
1.060000000000000000e+02 1.215516996904331251e+02 1.947659596990174879e+00
1.070000000000000000e+02 1.212750266258873779e+02 1.967212721185249480e+00
1.080000000000000000e+02 1.216439240452817074e+02 1.887785462337421505e+00
1.090000000000000000e+02 1.214594753355845569e+02 1.869676789927773086e+00
1.100000000000000000e+02 1.213672509807359603e+02 1.710506965717974559e+00
1.110000000000000000e+02 1.219205971098274546e+02 1.947659596990171771e+00
1.120000000000000000e+02 1.213211388033116549e+02 1.737028035111269464e+00
1.130000000000000000e+02 1.215516996904331251e+02 1.740085647115267253e+00
1.140000000000000000e+02 1.213672509807359461e+02 1.710506965717975003e+00
1.150000000000000000e+02 1.210444657387659078e+02 1.931764543481029550e+00
1.160000000000000000e+02 1.213211388033116691e+02 2.071971558407145864e+00
1.170000000000000000e+02 1.214133631581602515e+02 1.756504781599073972e+00
1.180000000000000000e+02 1.209522413839173112e+02 1.962342705602616810e+00
1.190000000000000000e+02 1.216900362227060128e+02 1.785321547315008361e+00
