3.600000000000000000e+02 2.369243676060111170e+02 2.080676283871138565e+00
3.610000000000000000e+02 2.378466111544969692e+02 2.420779521386980271e+00
3.620000000000000000e+02 2.372932650254054465e+02 2.043555193522681890e+00
3.630000000000000000e+02 2.374316015576783059e+02 2.051344150203882055e+00
3.640000000000000000e+02 2.375699380899512221e+02 1.986573400365091446e+00
3.650000000000000000e+02 2.372010406705568357e+02 2.074535563296543206e+00
3.660000000000000000e+02 2.371549284931325587e+02 2.148550381229884731e+00
3.670000000000000000e+02 2.367399188963139522e+02 2.279639801425225709e+00
3.680000000000000000e+02 2.376621624447997476e+02 2.353076898303911424e+00
3.690000000000000000e+02 2.375238259125268598e+02 2.132657048769248664e+00
3.700000000000000000e+02 2.374316015576783343e+02 2.341754164437697128e+00
3.710000000000000000e+02 2.363710214769195943e+02 1.846791266635774642e+00
3.720000000000000000e+02 2.376621624447997760e+02 2.125166133285354420e+00
3.730000000000000000e+02 2.363710214769195659e+02 1.776366525721832401e+00
3.740000000000000000e+02 2.360943484123738187e+02 2.457394037458898062e+00
3.750000000000000000e+02 2.372010406705568641e+02 2.012097874002401809e+00
3.760000000000000000e+02 2.373393772028297519e+02 2.148550381229883843e+00
3.770000000000000000e+02 2.367860310737382008e+02 2.160393651732595455e+00
3.780000000000000000e+02 2.373393772028297235e+02 1.827694995505940057e+00
3.790000000000000000e+02 2.375699380899511368e+02 2.170703508425206874e+00
3.800000000000000000e+02 2.382155085738912703e+02 2.459123987717131588e+00
3.810000000000000000e+02 2.388610790578313470e+02 1.867400858725128732e+00
3.820000000000000000e+02 2.380771720416183541e+02 2.226315792014380346e+00
3.830000000000000000e+02 2.366938067188896468e+02 1.780551140532816712e+00
3.840000000000000000e+02 2.385844059932855998e+02 1.914627360960694524e+00
3.850000000000000000e+02 2.383077329287398527e+02 1.986573400365100994e+00
3.860000000000000000e+02 2.383999572835884067e+02 1.832922800545279785e+00
3.870000000000000000e+02 2.381232842190426879e+02 2.194086985745182794e+00
3.880000000000000000e+02 2.375238259125268883e+02 2.249121158430427592e+00
3.890000000000000000e+02 2.388610790578313470e+02 1.999376368971479412e+00
3.900000000000000000e+02 2.378466111544968840e+02 1.818948598227926094e+00
3.910000000000000000e+02 2.378927233319212178e+02 1.988178280174730084e+00
3.920000000000000000e+02 2.378466111544969124e+02 1.954199043247529133e+00
3.930000000000000000e+02 2.383999572835884351e+02 2.431297077884568392e+00
3.940000000000000000e+02 2.386766303481341822e+02 2.666544063084376415e+00
3.950000000000000000e+02 2.394605373643471751e+02 2.226315792014394113e+00
3.960000000000000000e+02 2.392760886546499535e+02 1.988178280174752732e+00
3.970000000000000000e+02 2.379388355093455232e+02 2.525667975096494544e+00
3.980000000000000000e+02 2.385382938158613229e+02 2.427358334644622584e+00
3.990000000000000000e+02 2.384460694610127689e+02 2.051344150203887384e+00
4.000000000000000000e+02 2.387688547029828214e+02 2.385386102630318472e+00
4.010000000000000000e+02 2.383538451061641013e+02 2.132657048769260211e+00
4.020000000000000000e+02 2.373854893802540289e+02 1.807220889891195670e+00
4.030000000000000000e+02 2.372010406705568641e+02 1.881015140005714681e+00
4.040000000000000000e+02 2.376160502673754706e+02 2.374217457595575009e+00
4.050000000000000000e+02 2.384460694610127405e+02 2.051344150203889605e+00
4.060000000000000000e+02 2.383538451061641297e+02 2.413301852597563357e+00
4.070000000000000000e+02 2.375699380899512505e+02 2.394283508016123996e+00
4.080000000000000000e+02 2.390455277675285402e+02 2.270293145412264568e+00
4.090000000000000000e+02 2.388149668804070700e+02 2.051344150203891825e+00
4.100000000000000000e+02 2.392760886546500103e+02 2.448291744113773483e+00
4.110000000000000000e+02 2.383999572835884351e+02 2.431297077884561286e+00
4.120000000000000000e+02 2.388610790578313470e+02 2.559121988685349791e+00
4.130000000000000000e+02 2.390916399449528171e+02 2.218661911888263116e+00
4.140000000000000000e+02 2.393222008320742873e+02 1.855979339602462197e+00
4.150000000000000000e+02 2.378927233319212462e+02 2.499858478616880486e+00
4.160000000000000000e+02 2.375238259125268598e+02 1.944928338323497874e+00
4.170000000000000000e+02 2.376621624447997760e+02 2.001502234929757762e+00
4.180000000000000000e+02 2.372471528479811411e+02 1.722275937531211554e+00
4.190000000000000000e+02 2.373854893802540289e+02 1.943287740529793917e+00
4.200000000000000000e+02 2.378466111544969692e+02 1.954199043247533130e+00
4.210000000000000000e+02 2.373393772028296951e+02 1.896214372220236255e+00
4.220000000000000000e+02 2.372471528479811127e+02 2.402705525441554357e+00
4.230000000000000000e+02 2.377082746222240814e+02 2.160393651732597231e+00
4.240000000000000000e+02 2.370627041382840048e+02 1.922938617049806620e+00
4.250000000000000000e+02 2.373854893802540005e+02 2.131160972086522332e+00
4.260000000000000000e+02 2.376621624447997760e+02 2.001502234929748436e+00
4.270000000000000000e+02 2.378466111544969124e+02 2.018428559411178824e+00
4.280000000000000000e+02 2.376621624447997760e+02 2.459123987717124482e+00
4.290000000000000000e+02 2.375699380899512221e+02 1.921279242125154552e+00
4.300000000000000000e+02 2.377543867996483584e+02 2.251483433168778525e+00
4.310000000000000000e+02 2.380771720416184110e+02 2.392062259270018476e+00
4.320000000000000000e+02 2.381693963964669649e+02 2.100509648068630497e+00
4.330000000000000000e+02 2.378466111544968840e+02 2.141115070957412048e+00
4.340000000000000000e+02 2.380771720416183541e+02 2.496453834914289072e+00
4.350000000000000000e+02 2.376621624447997760e+02 2.125166133285362413e+00
4.360000000000000000e+02 2.379388355093454948e+02 1.821285077801538810e+00
4.370000000000000000e+02 2.371088163157082818e+02 1.910179904638515502e+00
4.380000000000000000e+02 2.374777137351025829e+02 2.152999242183879058e+00
4.390000000000000000e+02 2.370627041382840048e+02 2.230132881472993045e+00
4.400000000000000000e+02 2.373393772028297803e+02 2.374217457595570124e+00
4.410000000000000000e+02 2.383538451061641297e+02 2.071971558407128100e+00
4.420000000000000000e+02 2.379388355093455232e+02 2.143100342659709501e+00
4.430000000000000000e+02 2.376621624447997476e+02 1.936711451820245733e+00
4.440000000000000000e+02 2.380771720416183541e+02 2.108592447140588355e+00
4.450000000000000000e+02 2.380310598641941056e+02 1.887785462337402631e+00
4.460000000000000000e+02 2.389071912352556240e+02 2.249121158430443135e+00
4.470000000000000000e+02 2.378927233319212462e+02 2.051344150203883832e+00
4.480000000000000000e+02 2.380310598641941340e+02 1.747402087150579764e+00
4.490000000000000000e+02 2.381693963964669933e+02 2.218661911888255567e+00
4.500000000000000000e+02 2.387227425255584308e+02 2.148550381229888728e+00
4.510000000000000000e+02 2.378466111544969692e+02 2.367490980415650537e+00
4.520000000000000000e+02 2.381232842190426311e+02 2.012097874002404474e+00
4.530000000000000000e+02 2.382155085738912419e+02 2.064260435421354067e+00
4.540000000000000000e+02 2.371549284931325587e+02 2.207131325839083669e+00
4.550000000000000000e+02 2.381232842190426595e+02 2.135148180384497163e+00
4.560000000000000000e+02 2.383538451061641013e+02 2.071971558407136538e+00
4.570000000000000000e+02 2.380771720416183541e+02 2.047193727843360289e+00
4.580000000000000000e+02 2.382155085738912703e+02 1.869676789927759541e+00
4.590000000000000000e+02 2.381693963964669649e+02 1.909623244301881684e+00
4.600000000000000000e+02 2.378466111544969124e+02 2.018428559411180601e+00
4.610000000000000000e+02 2.383999572835884067e+02 2.152999242183893269e+00
4.620000000000000000e+02 2.389071912352556240e+02 1.944928338323508976e+00
4.630000000000000000e+02 2.379388355093454948e+02 2.020534380077195102e+00
4.640000000000000000e+02 2.378004989770726638e+02 2.108592447140587023e+00
4.650000000000000000e+02 2.371549284931325587e+02 2.264197128855460761e+00
4.660000000000000000e+02 2.378927233319212462e+02 2.448291744113753943e+00
4.670000000000000000e+02 2.387227425255584308e+02 2.479360488832932141e+00
4.680000000000000000e+02 2.377082746222240530e+02 2.038867536847910777e+00
4.690000000000000000e+02 2.370627041382839479e+02 2.286624721690069695e+00
4.700000000000000000e+02 2.382616207513155473e+02 1.827694995505952047e+00
4.710000000000000000e+02 2.374777137351025829e+02 2.092903673852963831e+00
4.720000000000000000e+02 2.372010406705568641e+02 2.012097874002398257e+00
4.730000000000000000e+02 2.371549284931325587e+02 2.026314102761174407e+00
4.740000000000000000e+02 2.371549284931325587e+02 2.207131325839088110e+00
4.750000000000000000e+02 2.375699380899512221e+02 2.394283508016123996e+00
4.760000000000000000e+02 2.370165919608597278e+02 2.457394037458894509e+00
4.770000000000000000e+02 2.378004989770726354e+02 2.338119309061631679e+00
4.780000000000000000e+02 2.370627041382840048e+02 2.230132881472995265e+00
4.790000000000000000e+02 2.378466111544969692e+02 2.080676283871144339e+00
