1.200000000000000000e+02 1.562741692909248172e+02 4.300810383675925053e+00
1.210000000000000000e+02 1.515246150162227536e+02 2.593784362113559006e+00
1.220000000000000000e+02 1.536457751777401768e+02 1.986573400365109654e+00
1.230000000000000000e+02 1.529079803389514893e+02 1.947659596990173103e+00
1.240000000000000000e+02 1.525390829195571598e+02 1.783534140011575841e+00
1.250000000000000000e+02 1.534152142906186782e+02 1.707396384919348753e+00
1.260000000000000000e+02 1.533691021131944296e+02 1.776366525721851941e+00
1.270000000000000000e+02 1.533229899357701242e+02 2.100509648068640267e+00
1.280000000000000000e+02 1.525851950969814652e+02 2.305147703318946473e+00
1.290000000000000000e+02 1.561819449360762349e+02 4.054464169596667666e+00
1.300000000000000000e+02 1.525851950969814368e+02 1.878186969499242132e+00
1.310000000000000000e+02 1.525390829195571598e+02 2.170703508425222417e+00
1.320000000000000000e+02 1.524007463872843289e+02 2.218661911888264449e+00
1.330000000000000000e+02 1.520318489678899425e+02 1.850816661063407587e+00
1.340000000000000000e+02 1.519857367904656655e+02 1.881015140005733777e+00
1.350000000000000000e+02 1.524007463872843289e+02 1.770971777737809560e+00
1.360000000000000000e+02 1.521701855001628303e+02 1.675338603682364536e+00
1.370000000000000000e+02 1.513401663065255889e+02 1.842180045290835899e+00
1.380000000000000000e+02 1.516168393710713644e+02 1.807220889891213211e+00
1.390000000000000000e+02 1.516168393710713644e+02 1.807220889891213211e+00
1.400000000000000000e+02 1.515707271936470306e+02 1.896214372220251576e+00
1.410000000000000000e+02 1.520318489678899425e+02 1.918510427828586717e+00
1.420000000000000000e+02 1.515246150162228105e+02 2.164818174029368159e+00
1.430000000000000000e+02 1.514785028387985051e+02 1.864552038059897221e+00
1.440000000000000000e+02 1.522162976775871357e+02 1.922938617049825272e+00
1.450000000000000000e+02 1.524468585647086059e+02 2.064260435421358952e+00
1.460000000000000000e+02 1.527235316292543530e+02 1.876488021191802913e+00
1.470000000000000000e+02 1.519396246130413886e+02 1.909623244301889899e+00
1.480000000000000000e+02 1.519857367904656940e+02 1.947659596990172215e+00
1.490000000000000000e+02 1.523546342098599951e+02 1.811921082198027166e+00
1.500000000000000000e+02 1.522162976775871073e+02 1.988178280174750068e+00
1.510000000000000000e+02 1.520318489678899425e+02 1.918510427828583831e+00
1.520000000000000000e+02 1.517090637259199184e+02 1.761943825421707688e+00
1.530000000000000000e+02 1.516629515484956698e+02 1.712370601969714023e+00
1.540000000000000000e+02 1.520779611453142195e+02 1.887785462337420617e+00
1.550000000000000000e+02 1.523546342098600519e+02 1.881015140005737329e+00
1.560000000000000000e+02 1.531846534034972365e+02 1.887785462337423725e+00
1.570000000000000000e+02 1.530463168712243771e+02 1.922938617049827714e+00
1.580000000000000000e+02 1.524468585647085774e+02 2.064260435421359396e+00
1.590000000000000000e+02 1.527696438066786300e+02 2.026314102761193947e+00
1.600000000000000000e+02 1.528618681615272124e+02 1.931764543481025997e+00
1.610000000000000000e+02 1.517551759033442238e+02 1.944928338323515415e+00
1.620000000000000000e+02 1.522624098550114127e+02 1.672798285915292338e+00
1.630000000000000000e+02 1.524468585647085774e+02 1.727822734298969820e+00
1.640000000000000000e+02 1.524929707421328828e+02 1.896214372220255351e+00
1.650000000000000000e+02 1.518012880807685576e+02 1.921279242125170317e+00
1.660000000000000000e+02 1.519396246130413601e+02 1.697404220781455475e+00
1.670000000000000000e+02 1.520779611453142763e+02 1.887785462337420617e+00
1.680000000000000000e+02 1.527235316292543530e+02 2.936733946073221357e+00
1.690000000000000000e+02 1.518935124356170832e+02 1.489930050273831963e+00
1.700000000000000000e+02 1.525851950969814652e+02 1.878186969499243908e+00
1.710000000000000000e+02 1.522162976775871357e+02 2.112622250046812589e+00
1.720000000000000000e+02 1.516168393710713644e+02 1.876488021191797362e+00
1.730000000000000000e+02 1.515707271936470875e+02 2.148550381229898942e+00
1.740000000000000000e+02 1.521701855001628587e+02 2.082719167312560682e+00
1.750000000000000000e+02 1.517090637259199184e+02 1.687982847994773605e+00
1.760000000000000000e+02 1.510173810645555932e+02 1.697404220781450146e+00
1.770000000000000000e+02 1.511557175968284241e+02 1.747402087150592420e+00
1.780000000000000000e+02 1.525390829195571598e+02 1.986573400365109210e+00
1.790000000000000000e+02 1.526774194518299907e+02 1.922938617049826160e+00
1.800000000000000000e+02 1.533691021131944012e+02 1.914627360960708069e+00
1.810000000000000000e+02 1.519857367904656940e+02 2.074535563296558305e+00
1.820000000000000000e+02 1.525390829195571598e+02 2.049788726638751779e+00
1.830000000000000000e+02 1.518474002581928062e+02 1.962342705602609927e+00
1.840000000000000000e+02 1.523085220324357181e+02 2.047193727843379385e+00
1.850000000000000000e+02 1.520779611453142195e+02 2.080676283871156773e+00
1.860000000000000000e+02 1.526774194518299907e+02 2.172172350484643744e+00
1.870000000000000000e+02 1.523546342098600519e+02 1.947659596990170883e+00
1.880000000000000000e+02 1.523546342098599666e+02 1.947659596990173769e+00
1.890000000000000000e+02 1.519396246130413886e+02 1.909623244301889233e+00
1.900000000000000000e+02 1.518012880807685008e+02 1.921279242125169207e+00
1.910000000000000000e+02 1.516629515484956414e+02 1.712370601969711137e+00
1.920000000000000000e+02 1.523546342098599666e+02 1.811921082198029609e+00
1.930000000000000000e+02 1.527235316292542961e+02 1.943287740529806573e+00
1.940000000000000000e+02 1.520318489678899141e+02 2.047193727843378053e+00
1.950000000000000000e+02 1.530463168712243771e+02 1.922938617049824828e+00
1.960000000000000000e+02 1.520779611453142195e+02 2.080676283871156329e+00
1.970000000000000000e+02 1.516629515484956130e+02 2.051344150203894046e+00
1.980000000000000000e+02 1.522162976775871357e+02 1.988178280174748291e+00
1.990000000000000000e+02 1.523546342098599951e+02 1.881015140005737774e+00
2.000000000000000000e+02 1.519857367904656655e+02 1.947659596990171771e+00
2.010000000000000000e+02 1.519396246130413317e+02 1.975302732240096892e+00
2.020000000000000000e+02 1.517551759033441954e+02 1.944928338323516082e+00
2.030000000000000000e+02 1.523085220324356897e+02 1.780551140532834475e+00
2.040000000000000000e+02 1.523085220324357181e+02 1.850816661063409141e+00
2.050000000000000000e+02 1.531385412260729595e+02 2.305147703318945140e+00
2.060000000000000000e+02 1.532768777583458188e+02 1.690500348048414425e+00
2.070000000000000000e+02 1.534152142906187066e+02 2.047193727843378941e+00
2.080000000000000000e+02 1.530002046938001001e+02 1.910179904638537041e+00
2.090000000000000000e+02 1.526774194518300760e+02 1.922938617049829046e+00
2.100000000000000000e+02 1.528157559841029070e+02 1.914627360960708291e+00
2.110000000000000000e+02 1.532768777583458473e+02 2.094934633742673302e+00
2.120000000000000000e+02 1.527696438066786300e+02 1.682304698609407456e+00
2.130000000000000000e+02 1.523546342098599951e+02 1.740085647115265477e+00
2.140000000000000000e+02 1.524468585647086059e+02 1.936711451820258834e+00
2.150000000000000000e+02 1.521701855001628303e+02 1.821285077801557684e+00
2.160000000000000000e+02 1.524007463872842720e+02 2.038867536847924544e+00
2.170000000000000000e+02 1.527235316292543246e+02 2.131160972086532990e+00
2.180000000000000000e+02 1.529079803389514893e+02 1.586687795901355447e+00
2.190000000000000000e+02 1.519857367904656940e+02 1.665154080101725054e+00
2.200000000000000000e+02 1.516168393710713076e+02 2.247702601898002861e+00
2.210000000000000000e+02 1.527696438066786300e+02 1.756504781599073084e+00
2.220000000000000000e+02 1.534613264680429836e+02 1.921279242125172759e+00
2.230000000000000000e+02 1.522624098550114411e+02 2.312975052509723461e+00
2.240000000000000000e+02 1.524468585647086059e+02 2.001502234929768420e+00
2.250000000000000000e+02 1.530924290486486541e+02 2.351268925007168331e+00
2.260000000000000000e+02 1.525390829195572167e+02 2.170703508425221084e+00
2.270000000000000000e+02 1.517551759033441954e+02 2.132657048769267760e+00
2.280000000000000000e+02 1.519857367904656655e+02 1.740085647115264367e+00
2.290000000000000000e+02 1.523546342098599666e+02 1.740085647115265921e+00
2.300000000000000000e+02 1.520779611453143048e+02 2.018428559411195700e+00
2.310000000000000000e+02 1.527235316292543530e+02 2.007866328048403037e+00
2.320000000000000000e+02 1.530002046938001001e+02 1.842180045290842116e+00
2.330000000000000000e+02 1.523546342098599951e+02 1.740085647115266143e+00
2.340000000000000000e+02 1.522624098550114127e+02 1.747402087150597971e+00
2.350000000000000000e+02 1.522624098550114127e+02 1.818948598227939861e+00
2.360000000000000000e+02 1.523085220324356897e+02 1.983895715632287615e+00
2.370000000000000000e+02 1.523085220324356897e+02 1.780551140532835364e+00
2.380000000000000000e+02 1.522624098550114411e+02 1.887785462337422171e+00
2.390000000000000000e+02 1.522624098550114127e+02 1.954199043247548007e+00
