6.870000000000000284e+01 6.529999999999999716e+01 6.700000000000000000e+01 1.336604198533908416e+01 1.666526174580317843e+01 9.602207373735826224e+00 1.321117036829269686e+01
7.039999999999999147e+01 6.640000000000000568e+01 6.840000000000000568e+01 1.121576953170483115e+01 1.418718554334256687e+01 8.444192354497534581e+00 1.128238247651497694e+01
7.059999999999999432e+01 6.119999999999999574e+01 6.589999999999999147e+01 1.168256774235896778e+01 1.351903474563679275e+01 1.268964139025993987e+01 1.263041462608523346e+01
7.050000000000000000e+01 6.370000000000000284e+01 6.709999999999999432e+01 1.160629109563545924e+01 1.227587232887090707e+01 9.242711103752832003e+00 1.104162484275306610e+01
6.200000000000000000e+01 6.840000000000000568e+01 6.520000000000000284e+01 1.124381299078451235e+01 1.375637783933004421e+01 3.719551758146643294e+01 2.073190280386032924e+01
6.889999999999999147e+01 6.560000000000000853e+01 6.725000000000000000e+01 1.312076793959218080e+01 1.288856901632284213e+01 1.407070621553920731e+01 1.336001439048474460e+01
6.550000000000000000e+01 6.770000000000000284e+01 6.659999999999999432e+01 1.278852770537743133e+01 1.456175840943311428e+01 9.291917467625470550e+00 1.221406786081200302e+01
6.690000000000000568e+01 6.300000000000000000e+01 6.495000000000000284e+01 1.655260365886580587e+01 1.113130708820067305e+01 1.250984419286324290e+01 1.339791831330990668e+01
7.050000000000000000e+01 6.560000000000000853e+01 6.805000000000001137e+01 1.288468690813298068e+01 1.252029779528494657e+01 7.980882459492659287e+00 1.112862238763686129e+01
6.740000000000000568e+01 6.900000000000000000e+01 6.820000000000000284e+01 1.338248380026545981e+01 1.271837791049485133e+01 7.040658165139547897e+00 1.104717329196662057e+01
6.429999999999999716e+01 6.570000000000000284e+01 6.500000000000000000e+01 1.821998756715471757e+01 1.355792432204725984e+01 8.732433028497904814e+00 1.350344830589996015e+01
6.760000000000000853e+01 6.800000000000000000e+01 6.780000000000001137e+01 1.104167125304139319e+01 1.441695895163829810e+01 9.482092901232286764e+00 1.164690770197065994e+01
7.000000000000000000e+01 6.710000000000000853e+01 6.855000000000001137e+01 1.488547718771635253e+01 1.612495974243681829e+01 1.176447349729511416e+01 1.425830347581609381e+01
6.979999999999999716e+01 6.310000000000000142e+01 6.645000000000000284e+01 1.232862636174196957e+01 1.389769617701463211e+01 9.548631595694425656e+00 1.192498471148367578e+01
6.670000000000000284e+01 6.579999999999999716e+01 6.625000000000000000e+01 1.195208402726695773e+01 1.338353998088029684e+01 1.308161790313344142e+01 1.280574730376023318e+01
6.820000000000000284e+01 6.110000000000000142e+01 6.465000000000000568e+01 1.046939383112617250e+01 1.237423040156003928e+01 1.547079955529201989e+01 1.277147459599274271e+01
6.289999999999999858e+01 7.229999999999999716e+01 6.759999999999999432e+01 1.693739175873566083e+01 1.401991549419653360e+01 1.208673880891612207e+01 1.434801535394944061e+01
6.900000000000000000e+01 6.730000000000001137e+01 6.815000000000000568e+01 1.828485982524782827e+01 1.356045055495100016e+01 6.378704420067987435e+00 1.274133826675560499e+01
6.460000000000000853e+01 6.110000000000000142e+01 6.285000000000000853e+01 1.328684454255119007e+01 1.373771577267876864e+01 1.052775131876708770e+01 1.251743721133234999e+01
6.220000000000000284e+01 6.200000000000000000e+01 6.210000000000000142e+01 1.899487922741193557e+01 1.239090761468753676e+01 9.436763238438009793e+00 1.360751669351249404e+01
6.110000000000000142e+01 6.830000000000001137e+01 6.470000000000000284e+01 1.188304870893254872e+01 1.487813272937872888e+01 3.815115925210410808e+01 2.163744689680513034e+01
6.579999999999999716e+01 6.620000000000000284e+01 6.600000000000000000e+01 1.254779501072667891e+01 1.398463012461407295e+01 9.110061278120882733e+00 1.188082880448721035e+01
6.620000000000000284e+01 6.770000000000000284e+01 6.695000000000000284e+01 1.199898656508040418e+01 1.416768998697276771e+01 8.063405611499069536e+00 1.141002738785074655e+01
6.440000000000000568e+01 6.889999999999999147e+01 6.665000000000000568e+01 1.511916383951606946e+01 1.319425475904979272e+01 8.721114032762830703e+00 1.234484421044289526e+01
6.850000000000000000e+01 6.929999999999999716e+01 6.890000000000000568e+01 1.167953660917292424e+01 1.429516363613945806e+01 9.817521885539553850e+00 1.193074071028397931e+01
6.760000000000000853e+01 5.950000000000000000e+01 6.355000000000000426e+01 1.907684026109814468e+01 1.328052547427062358e+01 8.797022864165354505e+00 1.371812953317804151e+01
5.900000000000000000e+01 6.959999999999999432e+01 6.429999999999999716e+01 1.842671036866119394e+01 1.356778328818785972e+01 3.344113093714980778e+01 2.181187486466628300e+01
6.850000000000000000e+01 6.579999999999999716e+01 6.715000000000000568e+01 1.336605355925137495e+01 1.317153936564248795e+01 9.116866673208685157e+00 1.188481986603418328e+01
6.540000000000000568e+01 7.059999999999999432e+01 6.800000000000000000e+01 1.149445013977347507e+01 1.296876473579618505e+01 8.058026113195607465e+00 1.084041366292175645e+01
5.719999999999999574e+01 6.790000000000000568e+01 6.254999999999999716e+01 1.478227824952417180e+01 1.227154214767775287e+01 3.743465612192056824e+01 2.149615883970749408e+01
6.490000000000000568e+01 7.079999999999999716e+01 6.784999999999999432e+01 1.608700249842139840e+01 1.203781887989461552e+01 1.166705014056751644e+01 1.326395717296117738e+01
7.000000000000000000e+01 6.540000000000000568e+01 6.770000000000000284e+01 1.454911142967889326e+01 1.385602234317158477e+01 9.970223183581563120e+00 1.279178565214401431e+01
6.860000000000000853e+01 6.989999999999999147e+01 6.925000000000000000e+01 1.704570661687566258e+01 1.099673182809116767e+01 7.282991145281320300e+00 1.177514319674938292e+01
6.790000000000000568e+01 6.979999999999999716e+01 6.884999999999999432e+01 1.267294842616257178e+01 1.281530942223632330e+01 1.154930761893980851e+01 1.234585515577956727e+01
6.550000000000000000e+01 6.490000000000000568e+01 6.520000000000000284e+01 1.369311751482546669e+01 1.392895767380804806e+01 9.436516577042450393e+00 1.235286392189198956e+01
6.050000000000000000e+01 6.690000000000000568e+01 6.370000000000000284e+01 1.089019188140378525e+01 1.315104507562061897e+01 3.749051102305408278e+01 2.051058266002616293e+01
5.969999999999999574e+01 6.260000000000000142e+01 6.114999999999999858e+01 1.518644370709447600e+01 1.174394807958752907e+01 3.842783688719468671e+01 2.178607622462556392e+01
6.150000000000000000e+01 6.900000000000000000e+01 6.525000000000000000e+01 1.391834347594811128e+01 1.178226111242686791e+01 1.725542564608813834e+01 1.431867674482103858e+01
6.450000000000000000e+01 6.780000000000001137e+01 6.615000000000000568e+01 1.413537499981224954e+01 1.263531534018382274e+01 8.307463422155944244e+00 1.169271792071733707e+01
6.679999999999999716e+01 6.889999999999999147e+01 6.784999999999999432e+01 1.071070814419204353e+01 1.381329808706616902e+01 1.071665655587720423e+01 1.174688759571180618e+01
7.000000000000000000e+01 6.969999999999998863e+01 6.984999999999999432e+01 1.031581149426044419e+01 1.320588157820780317e+01 1.008194921109576292e+01 1.120121409452133499e+01
6.660000000000000853e+01 6.840000000000000568e+01 6.750000000000000000e+01 1.282941366062055977e+01 1.371928876288863819e+01 1.276678245771038434e+01 1.310516162707319410e+01
6.529999999999999716e+01 6.429999999999999716e+01 6.479999999999999716e+01 1.493658841349027888e+01 1.280390116817688195e+01 9.358181491867039625e+00 1.236622369117806919e+01
6.700000000000000000e+01 7.019999999999998863e+01 6.859999999999999432e+01 1.099427733073908620e+01 1.242733023519541824e+01 8.069968148541601494e+00 1.049719190482536924e+01
6.529999999999999716e+01 6.939999999999999147e+01 6.734999999999999432e+01 1.043422234107300639e+01 1.845720184289608312e+01 1.014473622158620714e+01 1.301205346851843103e+01
6.770000000000000284e+01 6.629999999999999716e+01 6.700000000000000000e+01 1.384899456745133151e+01 1.230078501718519135e+01 9.279584838872166230e+00 1.180978814116956244e+01
6.730000000000001137e+01 6.780000000000001137e+01 6.755000000000001137e+01 1.254528511171140082e+01 1.277990151857337153e+01 8.320143691533438357e+00 1.121511010727273572e+01
6.919999999999998863e+01 6.760000000000000853e+01 6.840000000000000568e+01 1.410443992142943515e+01 1.398288153522164201e+01 1.182416901547908061e+01 1.330383015737671748e+01
6.460000000000000853e+01 6.239999999999999858e+01 6.350000000000000000e+01 1.148984019894036379e+01 1.128624066547326343e+01 8.243280442537116670e+00 1.033978710231691522e+01
6.540000000000000568e+01 6.909999999999999432e+01 6.725000000000000000e+01 1.149957058245024299e+01 1.430876133728186872e+01 8.780590330539313371e+00 1.152964075009047384e+01
6.490000000000000568e+01 6.800000000000000000e+01 6.645000000000000284e+01 9.967034947822629221e+00 1.258949955158677980e+01 7.535835186823171661e+00 1.003078989541086052e+01
7.000000000000000000e+01 6.350000000000000000e+01 6.675000000000000000e+01 1.244475417749665347e+01 1.369338776298735461e+01 1.094532829444796462e+01 1.236115674497732364e+01
6.969999999999998863e+01 6.660000000000000853e+01 6.815000000000000568e+01 1.110243863620693894e+01 2.464701434648658918e+01 1.540516819793105796e+01 1.705154039354152928e+01
6.700000000000000000e+01 6.400000000000000000e+01 6.550000000000000000e+01 9.919266292314162570e+00 1.215219430999706951e+01 7.269683792540424072e+00 9.780381464950552939e+00
6.760000000000000853e+01 6.170000000000000284e+01 6.465000000000000568e+01 1.902524317690149758e+01 1.283516159442958937e+01 8.518842492618251327e+00 1.345974908798311276e+01
6.260000000000000142e+01 5.759999999999999432e+01 6.009999999999999432e+01 1.534550433345967768e+01 1.418213799916071594e+01 1.451924259841700326e+01 1.468229497701246622e+01
7.079999999999999716e+01 6.389999999999999858e+01 6.734999999999999432e+01 1.504269247939912546e+01 1.462189708302112656e+01 9.258477294352219999e+00 1.297435561892415734e+01
7.070000000000000284e+01 6.279999999999999716e+01 6.675000000000000000e+01 1.494210150372630785e+01 1.415586306174020947e+01 1.269115479460860207e+01 1.392970645335837254e+01
6.089999999999999858e+01 6.460000000000000853e+01 6.275000000000000000e+01 1.105304380798895103e+01 1.193560262893141122e+01 3.163508965467259415e+01 1.820791203053098783e+01
7.000000000000000000e+01 6.979999999999999716e+01 6.990000000000000568e+01 1.521216221998464313e+01 1.516301140043458417e+01 1.116226522627971285e+01 1.384581294889964731e+01
5.859999999999999432e+01 6.570000000000000284e+01 6.214999999999999858e+01 1.249930173465261163e+01 1.297465820369203016e+01 4.043758618812295680e+01 2.197051537548919953e+01
7.019999999999998863e+01 6.520000000000000284e+01 6.769999999999998863e+01 1.023230985389230341e+01 1.364105300937930565e+01 9.179686554998605530e+00 1.101768313942340427e+01
7.100000000000000000e+01 6.520000000000000284e+01 6.809999999999999432e+01 1.713847340442443468e+01 1.427879885127368098e+01 9.444486418799840521e+00 1.362058622483265147e+01
6.440000000000000568e+01 6.510000000000000853e+01 6.475000000000000000e+01 1.031534732227407325e+01 1.404220405527378546e+01 3.554940675766079750e+01 1.996898604506955266e+01
6.950000000000000000e+01 6.679999999999999716e+01 6.815000000000000568e+01 1.706639490685304494e+01 1.337659191777424361e+01 1.035348746825033572e+01 1.359882476429254261e+01
5.919999999999999574e+01 6.690000000000000568e+01 6.304999999999999716e+01 2.212254172041146916e+01 1.397421007270575366e+01 3.109578517229865113e+01 2.239751232180529072e+01
6.840000000000000568e+01 6.540000000000000568e+01 6.690000000000000568e+01 1.514944289237472042e+01 1.230725105112184359e+01 1.183766981243510230e+01 1.309812125197722388e+01
6.860000000000000853e+01 6.730000000000001137e+01 6.795000000000001705e+01 1.071110316335145463e+01 1.388408415527159967e+01 1.379495264812506683e+01 1.279671332224937430e+01
6.760000000000000853e+01 6.579999999999999716e+01 6.670000000000000284e+01 1.198673964925356472e+01 1.560361658243704319e+01 8.070855784162830560e+00 1.188707067195114497e+01
6.660000000000000853e+01 6.440000000000000568e+01 6.550000000000000000e+01 1.070344596068214393e+01 1.300237107288043603e+01 1.240380898531717513e+01 1.203654200629325288e+01
6.339999999999999858e+01 6.570000000000000284e+01 6.454999999999999716e+01 1.974707499405765887e+01 1.200886316015542299e+01 8.664075732192323187e+00 1.347333796213513502e+01
5.699999999999999289e+01 6.830000000000001137e+01 6.265000000000000568e+01 1.624013187838871275e+01 1.132692619255593591e+01 3.792022249380507759e+01 2.182909352158324268e+01
6.929999999999999716e+01 6.370000000000000284e+01 6.650000000000000000e+01 1.241445936613659740e+01 1.472714682875827030e+01 1.287569314859973169e+01 1.333909978116486705e+01
6.790000000000000568e+01 7.009999999999999432e+01 6.900000000000000000e+01 1.314679824074924319e+01 1.454162858768435207e+01 9.368005205949394565e+00 1.235214401146099839e+01
5.879999999999999716e+01 7.079999999999999716e+01 6.479999999999999716e+01 1.271704870154057510e+01 1.377337652100655596e+01 3.721820976470036868e+01 2.123621166241583325e+01
6.959999999999999432e+01 6.730000000000001137e+01 6.845000000000000284e+01 1.069292451719982751e+01 1.272057847900012995e+01 9.209954266966319025e+00 1.087448575438875942e+01
6.470000000000000284e+01 6.740000000000000568e+01 6.605000000000001137e+01 1.133945074496298844e+01 1.600553308668933994e+01 9.476055553939938036e+00 1.227367979519742214e+01
6.800000000000000000e+01 6.429999999999999716e+01 6.615000000000000568e+01 1.190013184942116098e+01 1.436077468448183403e+01 9.346986047952402288e+00 1.186929752728513243e+01
5.799999999999999289e+01 6.879999999999999716e+01 6.339999999999999147e+01 1.320195592513895022e+01 1.479968676585503218e+01 3.473165243743606112e+01 2.091109837614334666e+01
6.610000000000000853e+01 6.229999999999999716e+01 6.420000000000000284e+01 1.799138677805418141e+01 1.747305998761049750e+01 9.409047274334351840e+00 1.495783134666634417e+01
6.820000000000000284e+01 6.750000000000000000e+01 6.784999999999999432e+01 1.665699102424345313e+01 1.295221634479772632e+01 1.578983104490935752e+01 1.513301280465017840e+01
6.909999999999999432e+01 6.339999999999999858e+01 6.625000000000000000e+01 1.327453962311543378e+01 1.415052549244252766e+01 1.201515327789263310e+01 1.314673946448353092e+01
6.850000000000000000e+01 6.650000000000000000e+01 6.750000000000000000e+01 1.108121114019764342e+01 1.232556859766544477e+01 1.134872331799784284e+01 1.158516768528697760e+01
6.710000000000000853e+01 7.000000000000000000e+01 6.855000000000001137e+01 1.125090751469494244e+01 1.537378225102722062e+01 7.872757132400288960e+00 1.149914896604081882e+01
5.779999999999999716e+01 6.919999999999998863e+01 6.349999999999999289e+01 9.972857409957899932e+00 1.357265951673561410e+01 3.401391203892521276e+01 1.918647632187290952e+01
6.089999999999999858e+01 6.850000000000000000e+01 6.470000000000000284e+01 1.379636827956495537e+01 1.182601516735490499e+01 3.761433778165435626e+01 2.107890707619140613e+01
6.610000000000000853e+01 6.110000000000000142e+01 6.360000000000000853e+01 1.534849314121516350e+01 1.327818710196624252e+01 1.432497065986938267e+01 1.431721696768359742e+01
6.919999999999998863e+01 6.879999999999999716e+01 6.900000000000000000e+01 1.382524661653438613e+01 1.441879056059680941e+01 7.402796491725065486e+00 1.188227788961875397e+01
6.840000000000000568e+01 6.959999999999999432e+01 6.900000000000000000e+01 1.106168517266451268e+01 1.295186908724268449e+01 8.784508250168714838e+00 1.093268750335863615e+01
6.690000000000000568e+01 6.800000000000000000e+01 6.745000000000000284e+01 1.170545209844937773e+01 1.219619841894981072e+01 9.559072367661116232e+00 1.115357429502010156e+01
6.900000000000000000e+01 6.570000000000000284e+01 6.734999999999999432e+01 1.429893124170672003e+01 1.304760893627373619e+01 1.177624784726140206e+01 1.304092934174728668e+01
6.660000000000000853e+01 6.460000000000000853e+01 6.560000000000000853e+01 1.290338514676148485e+01 1.385757443103090303e+01 1.338966639195324859e+01 1.338354198991521038e+01
5.699999999999999289e+01 6.919999999999998863e+01 6.309999999999999432e+01 1.405938443432026475e+01 1.224513933338062444e+01 3.611921807677913421e+01 2.080791394816000661e+01
6.420000000000000284e+01 6.860000000000000853e+01 6.640000000000000568e+01 1.678882143269152394e+01 1.397487671803214759e+01 1.267069780577848093e+01 1.447813198550071689e+01
6.879999999999999716e+01 7.009999999999999432e+01 6.944999999999998863e+01 1.543399021414554539e+01 1.311379693869269580e+01 9.239855342085853351e+00 1.259588083164136485e+01
6.520000000000000284e+01 6.629999999999999716e+01 6.575000000000000000e+01 1.469175277583033079e+01 2.017400348134567167e+01 9.378462385000471357e+00 1.474807288072549305e+01
6.110000000000000142e+01 6.889999999999999147e+01 6.500000000000000000e+01 1.531586695069267989e+01 1.287153705949578075e+01 3.449356655780174208e+01 2.089365685599673483e+01
6.350000000000000000e+01 6.640000000000000568e+01 6.495000000000000284e+01 1.163349737361386893e+01 1.224348076221574466e+01 3.846056020911910167e+01 2.077917944831623842e+01
6.540000000000000568e+01 6.830000000000001137e+01 6.685000000000000853e+01 1.008312367091696338e+01 1.243879280185723069e+01 1.064268057788491717e+01 1.105486568355303767e+01
6.760000000000000853e+01 6.800000000000000000e+01 6.780000000000001137e+01 1.261571512917899973e+01 1.297369037987725093e+01 1.597582175329274357e+01 1.385507575411632963e+01
