6.039999999999999858e+01 5.300000000000000000e+01 5.670000000000000284e+01 1.712250819452628647e+01 1.670962496643061712e+01 9.583173402905588389e+00 1.447176885462082829e+01
6.139999999999999858e+01 5.490000000000000568e+01 5.815000000000000568e+01 1.730217364765852750e+01 1.713130317669969216e+01 9.133812666350086928e+00 1.452242983023610456e+01
6.009999999999999432e+01 5.430000000000000426e+01 5.720000000000000284e+01 1.720443122085790577e+01 1.678596063162567731e+01 1.053810192482296770e+01 1.484283125910218359e+01
5.929999999999999716e+01 5.360000000000000142e+01 5.645000000000000284e+01 1.712313045919024290e+01 1.746551523680238560e+01 1.003741948370202941e+01 1.487535505989821871e+01
6.189999999999999858e+01 5.160000000000000142e+01 5.675000000000000000e+01 1.722548613704130815e+01 1.667168080763364202e+01 8.766461788695567137e+00 1.422120957779017125e+01
6.069999999999999574e+01 5.240000000000000568e+01 5.654999999999999716e+01 1.755269403892189573e+01 1.693181532202429551e+01 1.363074376735021787e+01 1.603841770943213518e+01
6.009999999999999432e+01 5.270000000000000284e+01 5.639999999999999858e+01 1.724535361164416258e+01 1.957920858351124949e+01 1.411485078495801559e+01 1.697980432670447470e+01
5.950000000000000000e+01 5.220000000000000284e+01 5.585000000000000142e+01 1.716066321659559080e+01 1.694052251544959020e+01 1.246749376447865210e+01 1.552289316550794496e+01
5.829999999999999716e+01 5.270000000000000284e+01 5.550000000000000000e+01 1.893439488105623170e+01 1.883265136390711092e+01 1.002389548469429847e+01 1.593031390988588036e+01
6.160000000000000142e+01 5.170000000000000284e+01 5.665000000000000568e+01 1.847131573213162525e+01 1.682079430378419360e+01 8.921764680266793590e+00 1.473795823872753807e+01
6.100000000000000000e+01 5.250000000000000000e+01 5.675000000000000000e+01 1.726456213503700710e+01 1.671813545024372161e+01 8.828908257632948064e+00 1.427053528097122559e+01
6.060000000000000142e+01 5.230000000000000426e+01 5.645000000000000284e+01 1.712842143114129811e+01 1.801040103537383885e+01 1.194252414528930117e+01 1.569378220393481094e+01
5.950000000000000000e+01 5.340000000000000568e+01 5.645000000000000284e+01 1.729289489633476862e+01 1.688116438341202397e+01 1.387860083938617350e+01 1.601755337304432203e+01
6.100000000000000000e+01 5.230000000000000426e+01 5.665000000000000568e+01 1.865015037940303699e+01 1.698412504693552094e+01 8.800216267202900511e+00 1.481149723118048733e+01
5.939999999999999858e+01 5.420000000000000284e+01 5.679999999999999716e+01 2.054220588007085979e+01 2.004433688066125185e+01 1.429940132948843079e+01 1.829531469674018140e+01
5.959999999999999432e+01 5.570000000000000284e+01 5.764999999999999858e+01 1.917969476144448038e+01 1.698623595419293508e+01 8.763629116680411002e+00 1.497651994410594334e+01
6.179999999999999716e+01 5.200000000000000000e+01 5.689999999999999858e+01 1.809931791083609554e+01 1.869063534688965689e+01 9.069968475040042222e+00 1.528664057758859940e+01
5.979999999999999716e+01 5.230000000000000426e+01 5.604999999999999716e+01 1.792679854211218071e+01 1.763085748100509775e+01 1.184852688309850777e+01 1.580206096873859423e+01
5.900000000000000000e+01 5.390000000000000568e+01 5.645000000000000284e+01 1.816734903908879417e+01 2.608097505785008252e+01 9.012821202149510214e+00 1.775371509969612660e+01
6.019999999999999574e+01 5.280000000000000426e+01 5.650000000000000000e+01 1.836918301269423992e+01 2.343821720076451243e+01 1.283668985712355415e+01 1.821469669019409920e+01
5.879999999999999716e+01 5.240000000000000568e+01 5.560000000000000142e+01 2.193763029725075953e+01 1.862322283968072156e+01 1.158005556242666678e+01 1.738030289978604870e+01
5.950000000000000000e+01 5.430000000000000426e+01 5.690000000000000568e+01 1.893935015891425167e+01 2.407904308196327392e+01 9.031462222763673608e+00 1.734995182121373247e+01
6.100000000000000000e+01 5.300000000000000000e+01 5.700000000000000000e+01 1.711886684729034158e+01 1.760463378462526052e+01 9.740379001849523988e+00 1.482129321125504084e+01
6.069999999999999574e+01 5.390000000000000568e+01 5.729999999999999716e+01 1.713331973243096940e+01 2.093246116808479940e+01 8.734350067423596542e+00 1.560004365597978904e+01
6.019999999999999574e+01 5.120000000000000284e+01 5.570000000000000284e+01 1.712666917550128431e+01 1.687979825051381866e+01 1.002045180586995876e+01 1.467563974396168902e+01
6.009999999999999432e+01 5.430000000000000426e+01 5.720000000000000284e+01 1.721130122904416382e+01 1.821340281249542414e+01 1.009032584892366913e+01 1.517167663015441725e+01
6.029999999999999716e+01 5.210000000000000142e+01 5.620000000000000284e+01 1.721625525312635929e+01 2.104690928062114352e+01 9.234971810627779831e+00 1.583271211479176088e+01
6.110000000000000142e+01 5.189999999999999858e+01 5.650000000000000000e+01 1.784748307325488881e+01 1.666299078457372929e+01 1.034875338447573867e+01 1.495307574743478618e+01
6.089999999999999858e+01 5.410000000000000142e+01 5.750000000000000000e+01 1.717718634745168771e+01 1.792527707324961028e+01 9.336979746384866274e+00 1.481314772236205535e+01
5.950000000000000000e+01 5.200000000000000000e+01 5.575000000000000000e+01 1.771890384484498782e+01 1.851296188213510518e+01 9.468442407128106808e+00 1.523343604470273327e+01
6.019999999999999574e+01 5.400000000000000000e+01 5.709999999999999432e+01 1.718365393235078287e+01 1.901809228389914708e+01 8.940870747210622582e+00 1.504753898782018418e+01
6.019999999999999574e+01 5.430000000000000426e+01 5.725000000000000000e+01 1.761932092905450276e+01 1.701835173754833974e+01 8.912616568994186750e+00 1.451676307853234249e+01
6.039999999999999858e+01 5.139999999999999858e+01 5.589999999999999858e+01 1.798462275469707450e+01 1.675527842378738441e+01 1.034741347252978194e+01 1.502910488367141362e+01
5.959999999999999432e+01 5.230000000000000426e+01 5.595000000000000284e+01 1.771968720414329468e+01 1.929900992386925296e+01 1.421883022060384860e+01 1.707917578287213090e+01
6.170000000000000284e+01 5.240000000000000568e+01 5.705000000000000426e+01 1.749667979088817305e+01 1.836483049809716661e+01 8.938705764266160259e+00 1.493340535108383449e+01
6.100000000000000000e+01 5.270000000000000284e+01 5.685000000000000142e+01 2.115915299386335136e+01 2.420276624427924617e+01 9.004553377073065690e+00 1.812215753840522225e+01
6.060000000000000142e+01 5.300000000000000000e+01 5.679999999999999716e+01 1.757062921261809407e+01 1.789490219062387766e+01 1.303010011486497000e+01 1.616521050603564547e+01
6.079999999999999716e+01 5.230000000000000426e+01 5.654999999999999716e+01 1.717790216362166333e+01 1.795546441716467001e+01 1.037748496547228427e+01 1.517028384875287195e+01
6.079999999999999716e+01 5.260000000000000142e+01 5.670000000000000284e+01 1.774609355414886380e+01 1.741325110847613189e+01 8.851549507186350141e+00 1.467029805660378194e+01
5.879999999999999716e+01 5.220000000000000284e+01 5.550000000000000000e+01 1.930093673802890208e+01 1.844257662049989221e+01 1.214923019943480753e+01 1.663091451932119824e+01
5.879999999999999716e+01 5.320000000000000284e+01 5.600000000000000000e+01 1.747811567753986495e+01 1.667650879550097187e+01 1.257133822030012915e+01 1.557532089778032258e+01
6.119999999999999574e+01 5.520000000000000284e+01 5.820000000000000284e+01 1.781610521581878714e+01 1.819219180128866853e+01 8.967900705487688029e+00 1.499206590753171220e+01
6.160000000000000142e+01 5.260000000000000142e+01 5.710000000000000142e+01 1.728663345776271854e+01 1.810595236836114452e+01 9.088805443356047675e+00 1.482713042315997143e+01
6.029999999999999716e+01 5.189999999999999858e+01 5.609999999999999432e+01 2.042462526676597889e+01 1.680392648244707487e+01 9.378682559135102181e+00 1.553574476944938532e+01
6.029999999999999716e+01 5.050000000000000000e+01 5.539999999999999858e+01 1.722564140673038935e+01 1.722489725791515980e+01 1.312443560518113195e+01 1.585832475660889429e+01
5.839999999999999858e+01 5.370000000000000284e+01 5.604999999999999716e+01 1.872600528202390535e+01 2.223836761219902058e+01 9.111553972815267244e+00 1.669197562234606380e+01
6.110000000000000142e+01 5.230000000000000426e+01 5.670000000000000284e+01 1.795374749474555998e+01 1.702525946268094259e+01 8.809542779228603848e+00 1.459618324555170510e+01
5.979999999999999716e+01 5.290000000000000568e+01 5.635000000000000142e+01 1.712310610816696510e+01 1.808020403976816937e+01 1.275619435940159541e+01 1.598650150244557722e+01
5.950000000000000000e+01 5.300000000000000000e+01 5.625000000000000000e+01 1.727046194017358260e+01 1.788455788218982434e+01 1.168892985099776638e+01 1.561464989112039170e+01
5.939999999999999858e+01 5.039999999999999858e+01 5.489999999999999858e+01 1.711698783001929058e+01 1.852061659515028680e+01 9.400494444574816200e+00 1.501269962324813179e+01
5.829999999999999716e+01 5.100000000000000000e+01 5.464999999999999858e+01 1.745627499625570778e+01 1.764472375952502148e+01 1.084512589531790461e+01 1.531537488369954580e+01
5.969999999999999574e+01 5.450000000000000711e+01 5.710000000000000142e+01 1.738730714954103007e+01 2.184677777881882577e+01 1.052863701378095662e+01 1.658757398071360356e+01
6.179999999999999716e+01 5.310000000000000142e+01 5.745000000000000284e+01 1.871528210677175963e+01 1.666259627757972694e+01 1.034301766619250174e+01 1.524029868351466455e+01
6.069999999999999574e+01 5.380000000000000426e+01 5.725000000000000000e+01 1.711813025020918033e+01 1.678990760999066367e+01 1.057025712231783920e+01 1.482609832750589440e+01
6.029999999999999716e+01 5.250000000000000000e+01 5.639999999999999858e+01 1.827150251984726026e+01 1.680152135752508258e+01 8.898912593725123443e+00 1.465731215703248758e+01
6.050000000000000000e+01 5.240000000000000568e+01 5.645000000000000284e+01 1.746257771396716052e+01 1.677642679425171934e+01 1.794538216773654327e+01 1.739479555865180771e+01
6.150000000000000000e+01 5.410000000000000142e+01 5.779999999999999716e+01 1.712100859796461805e+01 1.732877893526524460e+01 8.750547606715032956e+00 1.440011171331496520e+01
5.859999999999999432e+01 5.270000000000000284e+01 5.564999999999999858e+01 1.810678521721400713e+01 1.793325769315528362e+01 1.184642446607996114e+01 1.596215579214975122e+01
6.039999999999999858e+01 5.550000000000000711e+01 5.795000000000000284e+01 1.773144726007850736e+01 1.833921888969268821e+01 9.131040281822770055e+00 1.506723547719798972e+01
6.050000000000000000e+01 5.350000000000000000e+01 5.700000000000000000e+01 1.720575934959221343e+01 1.956851108053848876e+01 9.115330405964275684e+00 1.529653361203165751e+01
5.959999999999999432e+01 5.240000000000000568e+01 5.600000000000000000e+01 1.713610643418988033e+01 1.666277905735400822e+01 9.539570506732042432e+00 1.444615199942530914e+01
6.000000000000000000e+01 5.150000000000000000e+01 5.575000000000000000e+01 1.711863350775551140e+01 1.673071821478960430e+01 1.241501306151999451e+01 1.542145492802170281e+01
6.069999999999999574e+01 5.180000000000000426e+01 5.625000000000000000e+01 1.756085130218638213e+01 1.688222147061763323e+01 9.625590186579310981e+00 1.468955431979444093e+01
6.129999999999999716e+01 5.380000000000000426e+01 5.754999999999999716e+01 1.822998154947709892e+01 1.728297408120147693e+01 1.036869911942204325e+01 1.529388491670020755e+01
6.089999999999999858e+01 5.400000000000000000e+01 5.745000000000000284e+01 1.727660842164486610e+01 1.699538402967224826e+01 1.275086389528947173e+01 1.567428544886886321e+01
6.089999999999999858e+01 5.330000000000000426e+01 5.710000000000000142e+01 1.769582538183025378e+01 1.902179819624531376e+01 8.944025225819721925e+00 1.522054960129842982e+01
6.069999999999999574e+01 5.360000000000000142e+01 5.714999999999999858e+01 1.712686534647468051e+01 1.667352983353528018e+01 1.298821943049706107e+01 1.559620487016900547e+01
5.939999999999999858e+01 5.270000000000000284e+01 5.604999999999999716e+01 1.825969923191478372e+01 2.154143493203704196e+01 8.788952783788509748e+00 1.619669564924678085e+01
6.000000000000000000e+01 5.139999999999999858e+01 5.570000000000000284e+01 1.772022886416976917e+01 1.988892310088019499e+01 8.792025979696390436e+00 1.546705931491545094e+01
6.000000000000000000e+01 5.420000000000000284e+01 5.710000000000000142e+01 1.787693377792570004e+01 1.737594693382884969e+01 8.739988027920926328e+00 1.466428957989182358e+01
6.129999999999999716e+01 5.380000000000000426e+01 5.754999999999999716e+01 1.996676040765647997e+01 1.738117095688293645e+01 8.750154384922478101e+00 1.536602858315396780e+01
6.129999999999999716e+01 5.290000000000000568e+01 5.710000000000000142e+01 1.751013784180724642e+01 1.853473842715080977e+01 1.123292109550206597e+01 1.575926578815337287e+01
6.110000000000000142e+01 5.290000000000000568e+01 5.700000000000000000e+01 1.711790373187247027e+01 1.782703114571840786e+01 1.143239526137057460e+01 1.545911004632048424e+01
6.050000000000000000e+01 5.350000000000000000e+01 5.700000000000000000e+01 1.846178102268644849e+01 1.698629053807464828e+01 9.516316837721637611e+00 1.498812946616091146e+01
6.009999999999999432e+01 5.270000000000000284e+01 5.639999999999999858e+01 1.946625338400105676e+01 1.685177546401996196e+01 8.750362914065222597e+00 1.502279725402874533e+01
6.200000000000000000e+01 5.250000000000000000e+01 5.725000000000000000e+01 1.742837186650335468e+01 1.839506493736891812e+01 8.811270199121901570e+00 1.487823566766472361e+01
6.129999999999999716e+01 5.390000000000000568e+01 5.760000000000000142e+01 1.834542014389185738e+01 1.905978348380320497e+01 9.508671237353549799e+00 1.563795828834953738e+01
6.160000000000000142e+01 5.250000000000000000e+01 5.704999999999999716e+01 1.774772126732467115e+01 1.680867601576208514e+01 9.136154922272709200e+00 1.456418406845315339e+01
6.089999999999999858e+01 5.350000000000000000e+01 5.720000000000000284e+01 2.073035358164736763e+01 1.865512475930367131e+01 9.271110458868928816e+00 1.621886293327332496e+01
6.089999999999999858e+01 5.350000000000000000e+01 5.720000000000000284e+01 1.800987755788506561e+01 1.780537444734383357e+01 8.738967427613525629e+00 1.485140647761414101e+01
6.089999999999999858e+01 5.210000000000000142e+01 5.650000000000000000e+01 1.713091842936342601e+01 1.666474246129903491e+01 1.025064159606021796e+01 1.468210082890755963e+01
5.839999999999999858e+01 5.260000000000000142e+01 5.550000000000000000e+01 1.718883948210047663e+01 1.725741559325551933e+01 9.232038077159765876e+00 1.455943105083858491e+01
5.829999999999999716e+01 5.230000000000000426e+01 5.529999999999999716e+01 1.765275251850497540e+01 1.732711090179142133e+01 1.070189304993685475e+01 1.522725215674441834e+01
6.060000000000000142e+01 5.280000000000000426e+01 5.670000000000000284e+01 1.714508841238847126e+01 1.869035814473188850e+01 1.006985368162604644e+01 1.530176674624880206e+01
6.009999999999999432e+01 5.250000000000000000e+01 5.629999999999999716e+01 1.712619239524034498e+01 1.666652375352187931e+01 8.814719825505637374e+00 1.420247865808928545e+01
5.959999999999999432e+01 5.260000000000000142e+01 5.609999999999999432e+01 1.924079719980328917e+01 1.791807322206545194e+01 9.726929746320930548e+00 1.562860005606322567e+01
5.979999999999999716e+01 5.189999999999999858e+01 5.584999999999999432e+01 1.719234149200308082e+01 1.741166366288785383e+01 9.114906554397729010e+00 1.457297056976288729e+01
5.959999999999999432e+01 5.510000000000000142e+01 5.734999999999999432e+01 1.781962285678241997e+01 2.046260848393645304e+01 8.757315125940582590e+00 1.567984882221981913e+01
5.989999999999999858e+01 5.350000000000000000e+01 5.670000000000000284e+01 1.726828414886447405e+01 1.675629334231437895e+01 8.740359973385411152e+00 1.425497915485475353e+01
6.019999999999999574e+01 5.220000000000000284e+01 5.620000000000000284e+01 1.744050733008820231e+01 1.680491362586155901e+01 9.903490692818891716e+00 1.471630388292288494e+01
6.110000000000000142e+01 5.639999999999999147e+01 5.875000000000000000e+01 1.712772602076829997e+01 1.708032533988401624e+01 9.485411538833909972e+00 1.456448763316207540e+01
6.069999999999999574e+01 5.260000000000000142e+01 5.664999999999999858e+01 1.999280104456709495e+01 1.966994266383659351e+01 1.181574386734221704e+01 1.715949585858196613e+01
5.979999999999999716e+01 5.200000000000000000e+01 5.589999999999999858e+01 1.804238615713077820e+01 1.685352569503791287e+01 1.105620990876126974e+01 1.531737392030998812e+01
6.019999999999999574e+01 5.180000000000000426e+01 5.600000000000000000e+01 1.767578958030278713e+01 1.750399617560780996e+01 1.242926952759097503e+01 1.586968509450052522e+01
6.129999999999999716e+01 5.220000000000000284e+01 5.675000000000000000e+01 1.776600266237274184e+01 1.940595188458704357e+01 9.038967889664661470e+00 1.540364081220814718e+01
6.060000000000000142e+01 5.330000000000000426e+01 5.695000000000000284e+01 1.717890505235594745e+01 1.962117463038952536e+01 1.535587877947802760e+01 1.738531948740783406e+01
6.129999999999999716e+01 5.410000000000000142e+01 5.770000000000000284e+01 1.812913107463889517e+01 1.841203744372264239e+01 2.012483154581986611e+01 1.888866668806046789e+01
6.250000000000000000e+01 5.180000000000000426e+01 5.715000000000000568e+01 1.805438834204752396e+01 1.826841061744948647e+01 1.713360845754480621e+01 1.781880247234727221e+01
5.929999999999999716e+01 5.250000000000000000e+01 5.589999999999999858e+01 1.711705469769084687e+01 2.050739823853880850e+01 8.788837651419248331e+00 1.547109686254963634e+01
6.139999999999999858e+01 5.420000000000000284e+01 5.779999999999999716e+01 1.752168878686639175e+01 1.700988708646836756e+01 8.805096829316740425e+00 1.444555756755049991e+01
