6.000000000000000000e+01 5.410000000000000142e+01 5.704999999999999716e+01 1.830318968784524358e+01 1.672042389192094802e+01 1.486685858341943955e+01 1.663015738772854490e+01
5.900000000000000000e+01 5.590000000000000568e+01 5.745000000000000284e+01 1.626597502740427714e+01 1.748468618820529130e+01 1.154768954653060220e+01 1.509945025404672414e+01
6.079999999999999716e+01 5.610000000000000853e+01 5.845000000000000284e+01 1.405145394464083530e+01 1.806951770203707852e+01 1.507008019055325931e+01 1.573035061241039045e+01
6.100000000000000000e+01 5.590000000000000568e+01 5.845000000000000284e+01 1.461461264567475205e+01 1.929664981873983365e+01 1.173961293513142579e+01 1.521695846651533657e+01
6.079999999999999716e+01 5.699999999999999289e+01 5.889999999999999147e+01 1.405685861521926405e+01 1.852189307722570888e+01 1.207838130711804503e+01 1.488571099985433932e+01
5.869999999999999574e+01 5.600000000000000711e+01 5.735000000000000142e+01 1.506001375942393494e+01 2.685887871358355738e+01 1.228833123209628830e+01 1.806907456836792747e+01
6.050000000000000000e+01 5.590000000000000568e+01 5.820000000000000284e+01 1.460457008352788399e+01 1.905102700336974664e+01 1.459539728138113368e+01 1.608366478942625477e+01
6.079999999999999716e+01 5.560000000000000853e+01 5.820000000000000284e+01 1.403873509571903178e+01 1.683217021345939912e+01 1.352993821534667163e+01 1.480028117484170025e+01
6.089999999999999858e+01 5.420000000000000284e+01 5.754999999999999716e+01 1.404485866570986197e+01 1.857944546167204791e+01 1.478444106148323023e+01 1.580291506295504611e+01
6.009999999999999432e+01 5.639999999999999147e+01 5.824999999999999289e+01 1.629036526930051565e+01 1.831167920939866889e+01 1.358081041814176970e+01 1.606095163228031808e+01
6.050000000000000000e+01 5.490000000000000568e+01 5.770000000000000284e+01 1.433405565861400888e+01 1.952993924225561528e+01 1.527702975707468092e+01 1.638034155264810110e+01
6.119999999999999574e+01 5.550000000000000711e+01 5.835000000000000142e+01 1.484744798939809840e+01 1.710533161772557875e+01 1.184093998906657497e+01 1.459790653206341737e+01
5.939999999999999858e+01 5.450000000000000711e+01 5.695000000000000284e+01 1.583065050526881379e+01 2.152291241998186777e+01 1.150448151163298682e+01 1.628601481229455672e+01
6.279999999999999716e+01 5.500000000000000711e+01 5.890000000000000568e+01 1.441438328119958534e+01 1.869561151590640335e+01 1.812712644635209358e+01 1.707904041448602683e+01
5.919999999999999574e+01 5.560000000000000853e+01 5.740000000000000568e+01 1.521228929705816491e+01 1.693978932305964236e+01 1.352944161056315941e+01 1.522717341022698889e+01
6.009999999999999432e+01 5.649999999999999289e+01 5.829999999999999716e+01 1.400862684280047255e+01 1.752896096520269253e+01 1.506296329893396724e+01 1.553351703564571018e+01
6.009999999999999432e+01 5.719999999999999574e+01 5.864999999999999147e+01 1.590914795470390075e+01 1.666500605960225556e+01 1.461125632116426765e+01 1.572847011182347643e+01
6.160000000000000142e+01 5.470000000000000284e+01 5.815000000000000568e+01 1.406275862161506573e+01 1.867994969794724724e+01 1.257775821879643630e+01 1.510682217945291406e+01
5.929999999999999716e+01 5.620000000000000284e+01 5.775000000000000000e+01 1.432985383972926208e+01 1.782156586914897289e+01 1.165110559870769080e+01 1.460084176919530741e+01
5.939999999999999858e+01 5.590000000000000568e+01 5.765000000000000568e+01 1.505543766144094597e+01 1.699880073390493607e+01 1.327135437386553463e+01 1.510853092307047341e+01
6.189999999999999858e+01 5.480000000000000426e+01 5.835000000000000142e+01 1.882386199871969978e+01 1.944769699289820508e+01 1.384565167406112174e+01 1.737240355522634516e+01
6.189999999999999858e+01 5.639999999999999147e+01 5.914999999999999147e+01 1.445701412462028479e+01 1.788809162929066332e+01 1.543839675608188777e+01 1.592783416999761137e+01
6.029999999999999716e+01 5.819999999999999574e+01 5.925000000000000000e+01 1.408974159241181390e+01 1.741187013166587505e+01 1.214944806045888015e+01 1.455035326151219088e+01
6.019999999999999574e+01 5.679999999999999716e+01 5.850000000000000000e+01 1.400948525674431089e+01 1.948889941285709426e+01 1.360142305649970318e+01 1.569993590870037004e+01
6.110000000000000142e+01 5.669999999999999574e+01 5.889999999999999858e+01 1.423328054805762832e+01 1.868254477157466908e+01 1.175229692164098338e+01 1.488937408042442634e+01
6.229999999999999716e+01 5.600000000000000711e+01 5.915000000000000568e+01 1.428886713144436094e+01 1.890227330475961764e+01 1.166935024781881403e+01 1.495349689467426479e+01
6.100000000000000000e+01 5.769999999999999574e+01 5.934999999999999432e+01 1.406314732872128737e+01 1.692911022110412844e+01 1.181189710133123505e+01 1.426805155038555029e+01
6.160000000000000142e+01 5.510000000000000142e+01 5.835000000000000142e+01 1.411864467901591169e+01 1.753253891743194259e+01 1.167033640121080040e+01 1.444050666588621823e+01
5.879999999999999716e+01 5.510000000000000142e+01 5.695000000000000284e+01 1.509436296620148887e+01 1.667414004901105073e+01 1.212018345846108858e+01 1.462956215789120940e+01
6.029999999999999716e+01 5.620000000000000284e+01 5.825000000000000000e+01 1.438792123029553416e+01 1.824419544865796894e+01 1.153221549190511297e+01 1.472144405695287084e+01
5.879999999999999716e+01 5.709999999999999432e+01 5.794999999999999574e+01 1.413602793999302953e+01 1.672398723500289819e+01 1.694177740323388903e+01 1.593393085940994069e+01
6.139999999999999858e+01 5.580000000000000426e+01 5.860000000000000142e+01 1.592045279685115133e+01 1.870950658213428852e+01 1.337263154088705086e+01 1.600086363995749750e+01
6.200000000000000000e+01 5.520000000000000284e+01 5.860000000000000142e+01 1.401770069630671678e+01 1.667668724045816120e+01 1.595994035598172545e+01 1.555144276424886662e+01
6.079999999999999716e+01 5.560000000000000853e+01 5.820000000000000284e+01 1.496305700613719303e+01 2.167180133866257918e+01 1.191474294428286207e+01 1.618320042969421380e+01
6.039999999999999858e+01 5.600000000000000711e+01 5.820000000000000284e+01 1.614120147339283662e+01 1.674691074509443922e+01 1.564009946737907342e+01 1.617607056195545212e+01
6.179999999999999716e+01 5.550000000000000711e+01 5.865000000000000568e+01 1.528543876747599306e+01 1.668479168936914547e+01 1.912423808955931293e+01 1.703148951546814871e+01
5.889999999999999858e+01 5.600000000000000711e+01 5.745000000000000284e+01 1.448919734271061088e+01 2.246611934062051930e+01 1.152159604372499757e+01 1.615897090901870925e+01
6.039999999999999858e+01 5.620000000000000284e+01 5.829999999999999716e+01 1.403370396504817563e+01 1.698661145759447066e+01 1.157620633018387402e+01 1.419884058427550677e+01
6.079999999999999716e+01 5.699999999999999289e+01 5.889999999999999147e+01 1.406574209999464387e+01 1.880249462507388358e+01 1.293530366444484159e+01 1.526784679650445753e+01
6.100000000000000000e+01 5.689999999999999147e+01 5.894999999999999574e+01 1.410325317016986624e+01 1.772895902003980240e+01 1.250544890340629678e+01 1.477922036453865395e+01
6.110000000000000142e+01 5.560000000000000853e+01 5.835000000000000853e+01 1.433172540096309966e+01 1.672839772969273753e+01 1.532577143578063783e+01 1.546196485547882560e+01
6.019999999999999574e+01 5.590000000000000568e+01 5.804999999999999716e+01 1.479006325501413599e+01 1.793134376483910941e+01 1.191492206682845811e+01 1.487877636222723510e+01
6.170000000000000284e+01 5.430000000000000426e+01 5.800000000000000000e+01 1.406409612402786635e+01 1.704462504687786861e+01 1.371152571719502511e+01 1.494008229603358728e+01
6.079999999999999716e+01 5.500000000000000711e+01 5.790000000000000568e+01 1.527035223737374459e+01 1.857556976763122236e+01 1.260193882892130013e+01 1.548262027797542117e+01
6.029999999999999716e+01 5.610000000000000853e+01 5.820000000000000284e+01 1.432998148045518683e+01 1.759521414178200516e+01 1.432807152295807995e+01 1.541775571506508946e+01
6.079999999999999716e+01 5.679999999999999716e+01 5.879999999999999716e+01 1.446679036172343302e+01 1.814692718584048947e+01 1.150596666101926147e+01 1.470656140286106073e+01
6.019999999999999574e+01 5.550000000000000711e+01 5.785000000000000142e+01 1.563356622391204631e+01 2.242196800852634198e+01 1.786795025455016983e+01 1.864116149566285330e+01
6.089999999999999858e+01 5.669999999999999574e+01 5.879999999999999716e+01 1.633477070577092505e+01 1.725163083026519217e+01 1.294390532325410703e+01 1.551010228643007594e+01
5.919999999999999574e+01 5.739999999999999858e+01 5.829999999999999716e+01 1.406036562097868980e+01 1.759722348930857549e+01 1.332518855088431486e+01 1.499425922039052672e+01
6.119999999999999574e+01 5.610000000000000853e+01 5.865000000000000568e+01 1.557430138927146324e+01 1.669409295523918857e+01 1.172244914427238704e+01 1.466361449626101354e+01
6.089999999999999858e+01 5.610000000000000853e+01 5.850000000000000000e+01 1.445125546849762088e+01 1.944117114389614898e+01 1.361410853302076340e+01 1.583551171513817657e+01
6.210000000000000142e+01 5.570000000000000284e+01 5.890000000000000568e+01 1.658900398456135861e+01 2.335912116103141400e+01 1.655672090241401762e+01 1.883494868266892652e+01
5.950000000000000000e+01 5.649999999999999289e+01 5.800000000000000000e+01 1.491873596283885028e+01 1.687196653325475992e+01 1.468710797627122666e+01 1.549260349078827836e+01
6.170000000000000284e+01 5.789999999999999858e+01 5.979999999999999716e+01 1.649364397566917617e+01 2.025387128516069168e+01 1.725622359545781137e+01 1.800124628542922878e+01
6.139999999999999858e+01 5.590000000000000568e+01 5.865000000000000568e+01 1.402959623802405531e+01 1.706707789951832055e+01 1.300272388027473802e+01 1.469979933927237248e+01
5.950000000000000000e+01 5.719999999999999574e+01 5.834999999999999432e+01 1.434090867570462180e+01 1.671479414318038792e+01 1.151049299846421015e+01 1.418873193911640662e+01
5.989999999999999858e+01 5.590000000000000568e+01 5.790000000000000568e+01 1.457311083863714529e+01 2.293306074453243326e+01 1.297833957887681500e+01 1.682817038734879489e+01
6.170000000000000284e+01 5.759999999999999432e+01 5.964999999999999858e+01 1.458972220579711809e+01 1.724381180145014980e+01 1.159401770167102974e+01 1.447585056963943195e+01
6.239999999999999858e+01 5.739999999999999858e+01 5.989999999999999858e+01 1.411385673192523882e+01 1.667200514030355407e+01 1.153373424609651288e+01 1.410653203944176859e+01
6.009999999999999432e+01 5.520000000000000284e+01 5.764999999999999858e+01 1.476469317810677673e+01 1.818168544225128613e+01 1.331255168864415950e+01 1.541964343633407530e+01
5.989999999999999858e+01 5.430000000000000426e+01 5.710000000000000142e+01 1.418025923834512270e+01 1.891692969101119104e+01 1.239306851362030848e+01 1.516341914765887289e+01
6.250000000000000000e+01 5.600000000000000711e+01 5.925000000000000000e+01 1.784888749336802505e+01 1.756716446350752747e+01 1.189900704395294717e+01 1.577168633360949990e+01
6.100000000000000000e+01 5.450000000000000711e+01 5.775000000000000000e+01 1.431286696066687547e+01 1.754065789283948718e+01 1.178768457528053304e+01 1.454706980959563190e+01
6.139999999999999858e+01 5.440000000000000568e+01 5.790000000000000568e+01 1.406331516616387844e+01 1.878362283009202827e+01 1.152404787862623792e+01 1.479032862496071310e+01
6.179999999999999716e+01 5.639999999999999147e+01 5.909999999999999432e+01 1.440571871727117603e+01 1.666550602426303485e+01 1.401540268591332250e+01 1.502887580914917720e+01
6.279999999999999716e+01 5.610000000000000853e+01 5.945000000000000284e+01 1.407326332061260921e+01 1.707544187902491473e+01 1.257816279657127900e+01 1.457562266540293372e+01
5.919999999999999574e+01 5.629999999999999716e+01 5.775000000000000000e+01 1.693148070149785767e+01 1.883722616875741096e+01 1.210637412067797847e+01 1.595836033031108236e+01
6.050000000000000000e+01 5.580000000000000426e+01 5.815000000000000568e+01 1.466958865886046404e+01 2.084524728734803745e+01 1.165662203226263571e+01 1.572381932615704692e+01
6.189999999999999858e+01 5.620000000000000284e+01 5.904999999999999716e+01 1.602749384852442560e+01 1.723426562955384966e+01 1.534175052690836516e+01 1.620117000166221288e+01
6.029999999999999716e+01 5.510000000000000142e+01 5.770000000000000284e+01 1.431688996783803702e+01 1.667520079777450093e+01 1.309979200595410909e+01 1.469729425718888116e+01
6.100000000000000000e+01 5.560000000000000853e+01 5.830000000000000426e+01 1.414893856735865896e+01 1.689170177921600668e+01 1.588840195387566645e+01 1.564301410015011129e+01
6.229999999999999716e+01 5.600000000000000711e+01 5.915000000000000568e+01 1.492260129210403541e+01 1.763287368222574258e+01 1.521188246744962846e+01 1.592245248059313489e+01
6.210000000000000142e+01 5.749999999999999289e+01 5.979999999999999716e+01 1.419914309946281250e+01 2.125489857682782358e+01 1.350395193151037532e+01 1.631933120260033832e+01
6.029999999999999716e+01 5.759999999999999432e+01 5.894999999999999574e+01 1.538343859696308691e+01 2.063741913883418633e+01 1.573699247546055346e+01 1.725261673708594046e+01
5.939999999999999858e+01 5.550000000000000711e+01 5.745000000000000284e+01 1.403720599005653114e+01 2.231766108764546530e+01 1.419348813195589720e+01 1.684945173655263062e+01
5.869999999999999574e+01 5.480000000000000426e+01 5.675000000000000000e+01 1.401079174783266801e+01 1.949614922369842773e+01 1.454204217418558187e+01 1.601632771523889076e+01
6.260000000000000142e+01 5.649999999999999289e+01 5.954999999999999716e+01 1.580619565407014093e+01 1.979404265149377196e+01 1.790423815886472170e+01 1.783482548814287938e+01
5.989999999999999858e+01 5.550000000000000711e+01 5.770000000000000284e+01 1.488997018438238662e+01 1.755471650570297371e+01 1.224273293274249852e+01 1.489580654094262080e+01
5.939999999999999858e+01 5.560000000000000853e+01 5.750000000000000000e+01 1.583659141592526609e+01 1.667464049989033725e+01 1.322497075021259150e+01 1.524540088867606435e+01
5.959999999999999432e+01 5.560000000000000853e+01 5.760000000000000142e+01 1.404630366103000938e+01 1.726150626479374139e+01 1.206418602775272220e+01 1.445733198452549040e+01
5.909999999999999432e+01 5.600000000000000711e+01 5.754999999999999716e+01 1.689794615993733373e+01 2.608740280495604580e+01 1.457874204580607369e+01 1.918803033689981774e+01
6.079999999999999716e+01 5.629999999999999716e+01 5.854999999999999716e+01 1.446041705001218425e+01 1.709594639725364829e+01 1.312798401980888841e+01 1.489478248902490520e+01
5.789999999999999858e+01 5.570000000000000284e+01 5.679999999999999716e+01 1.518207768676469804e+01 1.931370484052528624e+01 1.667963364344233312e+01 1.705847205691077306e+01
5.939999999999999858e+01 5.580000000000000426e+01 5.760000000000000142e+01 1.436998320365403004e+01 2.085017406133849605e+01 1.850570409517028025e+01 1.790862045338760211e+01
6.000000000000000000e+01 5.560000000000000853e+01 5.780000000000000426e+01 1.400847894501766078e+01 1.682518467617328994e+01 1.960743374291598329e+01 1.681369912136898037e+01
5.939999999999999858e+01 5.659999999999999432e+01 5.800000000000000000e+01 1.400905961785565701e+01 1.804132971983198175e+01 1.166636596583298591e+01 1.457225176784020881e+01
6.029999999999999716e+01 5.729999999999999716e+01 5.879999999999999716e+01 1.438316461842807570e+01 1.671674247861804474e+01 1.172582764235371933e+01 1.427524491313327992e+01
6.069999999999999574e+01 5.580000000000000426e+01 5.825000000000000000e+01 1.534938153218732637e+01 1.685733280299678682e+01 1.685522015096113080e+01 1.635397816204841703e+01
6.160000000000000142e+01 5.420000000000000284e+01 5.790000000000000568e+01 1.480952376271506488e+01 1.720713629878024165e+01 1.169328420018839054e+01 1.456998142056123413e+01
5.969999999999999574e+01 5.580000000000000426e+01 5.775000000000000000e+01 1.420493538052208216e+01 2.172649026483160384e+01 1.966298722289966605e+01 1.853147095608445127e+01
5.869999999999999574e+01 5.719999999999999574e+01 5.794999999999999574e+01 1.454723992492622564e+01 1.988977223301654007e+01 1.851673369831740956e+01 1.765124861875339235e+01
6.119999999999999574e+01 5.610000000000000853e+01 5.865000000000000568e+01 1.424432990909520491e+01 1.671609213718848608e+01 1.169636571537604119e+01 1.421892925388657680e+01
6.009999999999999432e+01 5.639999999999999147e+01 5.824999999999999289e+01 1.711605977762326347e+01 2.765508401731982602e+01 1.243059109193295164e+01 1.906724496229201193e+01
6.069999999999999574e+01 5.610000000000000853e+01 5.840000000000000568e+01 1.413460055438688912e+01 1.805048469082397844e+01 1.763713404560409259e+01 1.660740643027165575e+01
6.110000000000000142e+01 5.590000000000000568e+01 5.850000000000000000e+01 1.412488011479897665e+01 1.855596538306603804e+01 1.154720807715735376e+01 1.474268452500745674e+01
5.789999999999999858e+01 5.689999999999999147e+01 5.739999999999999147e+01 1.415936471561143684e+01 1.997125027267732378e+01 1.168648829627850816e+01 1.527236776152242292e+01
6.150000000000000000e+01 5.620000000000000284e+01 5.885000000000000142e+01 1.471998628930175101e+01 1.977865504394591767e+01 1.530116068529916795e+01 1.659993400618227710e+01
5.959999999999999432e+01 5.629999999999999716e+01 5.794999999999999574e+01 1.400862096898955400e+01 1.991488810977859103e+01 1.167040413546163435e+01 1.519797107140992942e+01
6.079999999999999716e+01 5.590000000000000568e+01 5.835000000000000142e+01 1.400852326662618630e+01 1.820203714752394575e+01 1.157343448927882612e+01 1.459466496780965095e+01
6.129999999999999716e+01 5.590000000000000568e+01 5.860000000000000142e+01 1.497438116772571703e+01 1.666664216252814867e+01 1.351210734162536475e+01 1.505104355729307741e+01
