6.830000000000001137e+01 6.540000000000000568e+01 6.685000000000000853e+01 1.152915186865091535e+01 1.198835925396629420e+01 9.293060614368481964e+00 1.093685724566189776e+01
6.850000000000000000e+01 6.650000000000000000e+01 6.750000000000000000e+01 1.179612004297969996e+01 1.343993705704844821e+01 1.405714785868576122e+01 1.309773498623796861e+01
6.550000000000000000e+01 6.820000000000000284e+01 6.684999999999999432e+01 1.060222020823804456e+01 1.327822517219781062e+01 9.705748394588631811e+00 1.119539792500816056e+01
6.529999999999999716e+01 6.009999999999999432e+01 6.269999999999999574e+01 1.349094427779944638e+01 1.304696234153763434e+01 7.993012615879389493e+00 1.151030641173882252e+01
5.809999999999999432e+01 7.129999999999999716e+01 6.469999999999998863e+01 1.237137898417476123e+01 1.155158204114779963e+01 3.783608461392353206e+01 2.058634854641536549e+01
6.079999999999999716e+01 6.540000000000000568e+01 6.310000000000000142e+01 1.047696781147538481e+01 1.101302217124037419e+01 3.516527016225119695e+01 1.888508671498898650e+01
6.660000000000000853e+01 6.389999999999999858e+01 6.525000000000000000e+01 1.643993284028531221e+01 1.534614097813208922e+01 1.007805048900548428e+01 1.395470810247429405e+01
6.129999999999999716e+01 6.830000000000001137e+01 6.480000000000001137e+01 1.298766664023670003e+01 2.076544139633830355e+01 3.288377219178665456e+01 2.221229340945388842e+01
6.550000000000000000e+01 6.600000000000000000e+01 6.575000000000000000e+01 1.278007859033447602e+01 1.524397595217620527e+01 6.014628411899071381e+00 1.134622765146991696e+01
6.720000000000000284e+01 6.979999999999999716e+01 6.850000000000000000e+01 1.167201962600700149e+01 1.375519359984121692e+01 1.162158242210798242e+01 1.234959854931873480e+01
6.810000000000000853e+01 6.679999999999999716e+01 6.745000000000000284e+01 1.085080950434528013e+01 1.329299012316088380e+01 8.644350884596068596e+00 1.092938350403407810e+01
6.760000000000000853e+01 6.860000000000000853e+01 6.810000000000000853e+01 1.084791520944197174e+01 1.770082718430640156e+01 1.304305449776800785e+01 1.386393229717212705e+01
6.579999999999999716e+01 6.820000000000000284e+01 6.700000000000000000e+01 1.205936925747031196e+01 1.178887206838696500e+01 1.209729131943357494e+01 1.198184421509695063e+01
6.770000000000000284e+01 6.380000000000000426e+01 6.575000000000000000e+01 1.178317254595329189e+01 1.364184690192625027e+01 8.759420250373528560e+00 1.139481323275102476e+01
5.580000000000000426e+01 6.850000000000000000e+01 6.215000000000000568e+01 1.098256160343168553e+01 1.221424513047176497e+01 3.335188029767024176e+01 1.884956234385789742e+01
6.810000000000000853e+01 6.300000000000000000e+01 6.555000000000001137e+01 1.725444307060556781e+01 1.355658819673032411e+01 8.641361774228901282e+00 1.315079768052159714e+01
6.820000000000000284e+01 6.640000000000000568e+01 6.730000000000001137e+01 1.360023563265156987e+01 1.860817327677761313e+01 1.048188800025735468e+01 1.423009896989551315e+01
6.850000000000000000e+01 6.860000000000000853e+01 6.855000000000001137e+01 1.618310490650621958e+01 1.392528457406720577e+01 9.089637120063695619e+00 1.306600886687903973e+01
5.969999999999999574e+01 6.650000000000000000e+01 6.309999999999999432e+01 1.623046538962819341e+01 1.229933512478155677e+01 3.371274836386343310e+01 2.074751629275772657e+01
7.079999999999999716e+01 6.750000000000000000e+01 6.915000000000000568e+01 1.431083464613423573e+01 1.301200006710213941e+01 1.181589590816821556e+01 1.304624354046819690e+01
6.490000000000000568e+01 6.500000000000000000e+01 6.495000000000000284e+01 1.074249199093318197e+01 1.255170366976966001e+01 9.945386430535167577e+00 1.107986069707933474e+01
6.830000000000001137e+01 6.479999999999999716e+01 6.655000000000001137e+01 1.241386368937074813e+01 1.314775587819170255e+01 9.857987302063076385e+00 1.180653562320850902e+01
6.279999999999999716e+01 6.629999999999999716e+01 6.454999999999999716e+01 1.323897964254711646e+01 1.125758125053438263e+01 7.058892505178302024e+00 1.051848446608660126e+01
6.000000000000000000e+01 6.800000000000000000e+01 6.400000000000000000e+01 1.196337175855858526e+01 1.163969863852385522e+01 4.082302351988933964e+01 2.147536463899059456e+01
5.709999999999999432e+01 6.850000000000000000e+01 6.279999999999999716e+01 1.219840790774752648e+01 1.479678058371631266e+01 4.064099850280634740e+01 2.254539566475672885e+01
6.540000000000000568e+01 6.620000000000000284e+01 6.580000000000001137e+01 1.203785685500038838e+01 1.292681664940341690e+01 9.939211166496408012e+00 1.163462822363340443e+01
6.989999999999999147e+01 6.520000000000000284e+01 6.754999999999999716e+01 1.138100235715703867e+01 1.194019257931774192e+01 8.089710576694567834e+00 1.047030183772311673e+01
6.060000000000000142e+01 6.870000000000000284e+01 6.465000000000000568e+01 1.108218056203033264e+01 1.251398502500095944e+01 3.807296778134865889e+01 2.055637778945998306e+01
5.749999999999999289e+01 6.210000000000000142e+01 5.979999999999999716e+01 1.195286872845459314e+01 1.309448392600645406e+01 3.892727682981013970e+01 2.132487649475706348e+01
6.750000000000000000e+01 6.529999999999999716e+01 6.640000000000000568e+01 9.934359336501294990e+00 1.386672583429073846e+01 8.011305395213671687e+00 1.060413018866856838e+01
6.400000000000000000e+01 7.109999999999999432e+01 6.754999999999999716e+01 1.298710666859542151e+01 1.264641746101330178e+01 1.001788513499545452e+01 1.188380308820139142e+01
6.470000000000000284e+01 6.830000000000001137e+01 6.650000000000000000e+01 1.065622474206186432e+01 1.155617745040824929e+01 1.069390016790177356e+01 1.096876745345729631e+01
6.610000000000000853e+01 6.800000000000000000e+01 6.705000000000001137e+01 1.395931620860247691e+01 1.248892079050763293e+01 1.180897537573414269e+01 1.275240412494808417e+01
7.079999999999999716e+01 6.250000000000000000e+01 6.665000000000000568e+01 1.272673000168892443e+01 1.267149097912637146e+01 1.022120826618674094e+01 1.187314308233401228e+01
6.069999999999999574e+01 6.700000000000000000e+01 6.384999999999999432e+01 1.383174379157581235e+01 1.235279082405629048e+01 3.179068512421283188e+01 1.932507324661497705e+01
5.839999999999999858e+01 7.019999999999998863e+01 6.429999999999999716e+01 1.077569053433253288e+01 1.441651522109762240e+01 3.703149818513794145e+01 2.074123464685603224e+01
5.989999999999999858e+01 6.800000000000000000e+01 6.395000000000000284e+01 1.017617429729076406e+01 1.503596999547167279e+01 3.327178011604596009e+01 1.949464146960280075e+01
6.820000000000000284e+01 6.579999999999999716e+01 6.700000000000000000e+01 1.343690863666009783e+01 1.501456547927589646e+01 1.459627447040138470e+01 1.434924952877912574e+01
7.009999999999999432e+01 6.520000000000000284e+01 6.765000000000000568e+01 1.130437199150296834e+01 1.612319359946954478e+01 9.818464520987593147e+00 1.241534337065336935e+01
6.750000000000000000e+01 6.339999999999999858e+01 6.545000000000000284e+01 1.553002879032447936e+01 1.365820206218857003e+01 1.097124764706889977e+01 1.338649283319398364e+01
5.950000000000000000e+01 6.339999999999999858e+01 6.145000000000000284e+01 1.270437093729626454e+01 1.254417119186033958e+01 3.625163007412206184e+01 2.050005740109288865e+01
6.730000000000001137e+01 6.760000000000000853e+01 6.745000000000001705e+01 1.236926808448336068e+01 1.239409103733163064e+01 1.082156513509887930e+01 1.186164141897129021e+01
6.129999999999999716e+01 6.760000000000000853e+01 6.445000000000000284e+01 1.203870291849151464e+01 1.252751756383851145e+01 3.512480408061196613e+01 1.989700818764733015e+01
6.750000000000000000e+01 6.660000000000000853e+01 6.705000000000001137e+01 1.439937313451787304e+01 1.214208752422257476e+01 9.361341199533566027e+00 1.196760061942467246e+01
6.060000000000000142e+01 6.720000000000000284e+01 6.390000000000000568e+01 1.081347918922168461e+01 1.633519538512254954e+01 3.484007307254506003e+01 2.066291588229643139e+01
7.009999999999999432e+01 6.939999999999999147e+01 6.975000000000000000e+01 1.619892042436928747e+01 1.308143941817966827e+01 6.901010312713708572e+00 1.206045671842088751e+01
6.629999999999999716e+01 6.830000000000001137e+01 6.730000000000001137e+01 1.389293316414100765e+01 1.381710180351340966e+01 9.314108254420853328e+00 1.234138107402508844e+01
6.800000000000000000e+01 6.830000000000001137e+01 6.815000000000000568e+01 1.342405943654472189e+01 1.103956339506695983e+01 7.639454224252569148e+00 1.070102568528808185e+01
7.239999999999999147e+01 6.119999999999999574e+01 6.679999999999999716e+01 9.849721834255246833e+00 1.414286840059865646e+01 9.127706462949063848e+00 1.104009889926765631e+01
5.769999999999999574e+01 6.660000000000000853e+01 6.215000000000000568e+01 9.244379391116860134e+00 1.281493867766379324e+01 3.379545308038630225e+01 1.861825704972232032e+01
6.110000000000000142e+01 6.600000000000000000e+01 6.354999999999999716e+01 1.230975323514920028e+01 1.194236892448839349e+01 4.057542926512896742e+01 2.160918380825552276e+01
6.640000000000000568e+01 6.670000000000000284e+01 6.655000000000001137e+01 1.068085777367503297e+01 1.303282640169580198e+01 9.893847514561098677e+00 1.120251056331064454e+01
6.740000000000000568e+01 6.670000000000000284e+01 6.705000000000001137e+01 1.029871644777539608e+01 1.195800016245955533e+01 7.406355912896306570e+00 9.887690841043752954e+00
5.540000000000000568e+01 6.870000000000000284e+01 6.205000000000000426e+01 1.330368549098721864e+01 1.310181574442149888e+01 3.241275190609668044e+01 1.960608438050179814e+01
6.420000000000000284e+01 6.770000000000000284e+01 6.595000000000000284e+01 1.170324164075959494e+01 1.195623041681266230e+01 8.236562358766759573e+00 1.063201147211300679e+01
6.610000000000000853e+01 6.579999999999999716e+01 6.595000000000000284e+01 9.019102812892072052e+00 1.294976928725902177e+01 9.124375876871532398e+00 1.036441599234087541e+01
5.719999999999999574e+01 6.840000000000000568e+01 6.279999999999999716e+01 1.845865947773715376e+01 1.276905817094933759e+01 3.498200675969771822e+01 2.206990813612806690e+01
6.979999999999999716e+01 6.579999999999999716e+01 6.779999999999999716e+01 1.209562880175556643e+01 1.362490790603314039e+01 1.406760948223249663e+01 1.326271539667373389e+01
6.370000000000000284e+01 6.740000000000000568e+01 6.555000000000001137e+01 1.069232307507471980e+01 1.340550392644863642e+01 8.200278246830793094e+00 1.076603508278471644e+01
6.409999999999999432e+01 6.670000000000000284e+01 6.540000000000000568e+01 1.281465908055670688e+01 1.422924406818462906e+01 3.356665099338155045e+01 2.020351804737429546e+01
6.119999999999999574e+01 6.969999999999998863e+01 6.544999999999998863e+01 1.365114802072613642e+01 1.200847888598771895e+01 3.507631292734926376e+01 2.024531327802104030e+01
6.350000000000000000e+01 6.450000000000000000e+01 6.400000000000000000e+01 1.129561898461542313e+01 1.433124568738099391e+01 1.845095515894266569e+01 1.469260661031302639e+01
5.919999999999999574e+01 6.850000000000000000e+01 6.384999999999999432e+01 1.216089339851511397e+01 1.535087702914950469e+01 3.987295889610295774e+01 2.246157644125585762e+01
6.640000000000000568e+01 6.629999999999999716e+01 6.634999999999999432e+01 1.315254119390650089e+01 1.400434165937957154e+01 7.712249570634827300e+00 1.162304414130696451e+01
6.750000000000000000e+01 6.490000000000000568e+01 6.620000000000000284e+01 1.108957730439880862e+01 1.417158592474622125e+01 6.037896229555848926e+00 1.043301981956695990e+01
6.460000000000000853e+01 6.210000000000000142e+01 6.335000000000000853e+01 1.513532039418795883e+01 1.318039565131089397e+01 1.053295008619299544e+01 1.294955537723061667e+01
7.109999999999999432e+01 6.579999999999999716e+01 6.844999999999998863e+01 1.378887581684758779e+01 1.603660862725543623e+01 8.308142098473995318e+00 1.271120884752567370e+01
5.600000000000000711e+01 6.510000000000000853e+01 6.055000000000001137e+01 1.461009517859377738e+01 1.224236003350791080e+01 3.377274133342715601e+01 2.020839884850961354e+01
6.830000000000001137e+01 6.370000000000000284e+01 6.600000000000000000e+01 1.327824383578232492e+01 1.259770490889198769e+01 1.031113078109878778e+01 1.206235984192436739e+01
6.310000000000000142e+01 6.380000000000000426e+01 6.345000000000000284e+01 1.218142535585603703e+01 1.373722624921904156e+01 3.719595797814718452e+01 2.103820319440741926e+01
5.590000000000000568e+01 6.979999999999999716e+01 6.285000000000000142e+01 1.256704913586750827e+01 1.268521002292023958e+01 3.239261894337425929e+01 1.921495936738733690e+01
6.679999999999999716e+01 6.760000000000000853e+01 6.720000000000000284e+01 1.556844185805588054e+01 1.191913239050477458e+01 8.492943575333132600e+00 1.199350594129793102e+01
6.540000000000000568e+01 6.350000000000000000e+01 6.445000000000000284e+01 1.236610699807307512e+01 1.297930522242076101e+01 9.905263313439039763e+00 1.175022517797762589e+01
6.590000000000000568e+01 6.780000000000001137e+01 6.685000000000000853e+01 1.026922581922460864e+01 1.486431678902037135e+01 6.888969716219666140e+00 1.067417077482154752e+01
6.629999999999999716e+01 6.380000000000000426e+01 6.504999999999999716e+01 1.115863180651864006e+01 1.242016359578116358e+01 7.688010849909582056e+00 1.042226875073646220e+01
6.540000000000000568e+01 6.790000000000000568e+01 6.665000000000000568e+01 1.226979875279580590e+01 1.634037605654629743e+01 1.258189927450614221e+01 1.373069136128274970e+01
6.889999999999999147e+01 6.660000000000000853e+01 6.775000000000000000e+01 1.221710171812063628e+01 1.309437396489982675e+01 1.085921549478065806e+01 1.205689705926703859e+01
6.629999999999999716e+01 6.710000000000000853e+01 6.670000000000000284e+01 1.087803743872444606e+01 1.291018735295171105e+01 7.113642063581840702e+00 1.030062228508599986e+01
6.830000000000001137e+01 6.440000000000000568e+01 6.635000000000000853e+01 1.255462905130537088e+01 1.316662076181406071e+01 9.468123135385335232e+00 1.172979098283492227e+01
6.820000000000000284e+01 6.710000000000000853e+01 6.765000000000000568e+01 1.308740842197418353e+01 1.294333669379789598e+01 8.523895341994460750e+00 1.151821348592218008e+01
6.660000000000000853e+01 6.429999999999999716e+01 6.545000000000000284e+01 1.381194894766018066e+01 1.331263733306640162e+01 1.367234379026734103e+01 1.359897669033130718e+01
6.870000000000000284e+01 6.740000000000000568e+01 6.805000000000001137e+01 1.239500516209537473e+01 1.331552290145208772e+01 1.381940102943008064e+01 1.317664303099251555e+01
6.770000000000000284e+01 7.039999999999999147e+01 6.904999999999999716e+01 1.364855762327574240e+01 1.212439523052909429e+01 9.012342913099478992e+00 1.159509858896810641e+01
6.339999999999999858e+01 6.740000000000000568e+01 6.540000000000000568e+01 1.205573992522188576e+01 1.215379479871091561e+01 8.175964147650120140e+00 1.079516629052764110e+01
6.909999999999999432e+01 6.740000000000000568e+01 6.825000000000000000e+01 1.278932691176588854e+01 1.295208718196595932e+01 9.601989336187967794e+00 1.178113447663993973e+01
6.879999999999999716e+01 6.500000000000000000e+01 6.690000000000000568e+01 1.113462235911620368e+01 1.295698319790140829e+01 1.385486526497664350e+01 1.264882360733141731e+01
6.740000000000000568e+01 6.810000000000000853e+01 6.775000000000000000e+01 1.179550862758752316e+01 1.402558454360225682e+01 9.862142678226897274e+00 1.189441194980555849e+01
5.859999999999999432e+01 6.720000000000000284e+01 6.289999999999999858e+01 1.293099134812748474e+01 1.245117127513579369e+01 3.323048840043615115e+01 1.953755034123314260e+01
6.009999999999999432e+01 6.550000000000000000e+01 6.279999999999999716e+01 1.052355633788110012e+01 1.172863316615788065e+01 3.761488763657369816e+01 1.995569238020422631e+01
6.590000000000000568e+01 6.969999999999998863e+01 6.779999999999999716e+01 9.937348388298762103e+00 1.058323790533597197e+01 1.382658238819523255e+01 1.144905622727665673e+01
6.720000000000000284e+01 6.540000000000000568e+01 6.630000000000001137e+01 1.141641703307806566e+01 1.341868102720911793e+01 8.392390870839880890e+00 1.107582964370902090e+01
6.760000000000000853e+01 6.820000000000000284e+01 6.790000000000000568e+01 1.011033094646804287e+01 1.310747763976224078e+01 7.799635027702167989e+00 1.033914787131081603e+01
6.760000000000000853e+01 6.570000000000000284e+01 6.665000000000000568e+01 1.300923735872946629e+01 1.368600370642452901e+01 8.811010771425507926e+00 1.183541727885983441e+01
6.590000000000000568e+01 6.610000000000000853e+01 6.600000000000000000e+01 1.272593442126188279e+01 1.857999467698301643e+01 9.900912181420059355e+00 1.373561375988831834e+01
6.889999999999999147e+01 6.889999999999999147e+01 6.889999999999999147e+01 1.334438093148508386e+01 1.502890493028001195e+01 6.693590885096122101e+00 1.168895891562040568e+01
6.540000000000000568e+01 6.929999999999999716e+01 6.734999999999999432e+01 1.400302174860799376e+01 1.465712833074493204e+01 7.051289943618062495e+00 1.190381334099033062e+01
6.100000000000000000e+01 6.870000000000000284e+01 6.484999999999999432e+01 1.340905210567165717e+01 1.262373941358459994e+01 3.744361923643489831e+01 2.115880358523038396e+01
5.350000000000000000e+01 6.950000000000000000e+01 6.150000000000000000e+01 1.018547028220797657e+01 1.287767625550587169e+01 4.266344144741703559e+01 2.190886266171029817e+01
6.490000000000000568e+01 6.959999999999999432e+01 6.725000000000000000e+01 1.027791241472128192e+01 1.287627961075724059e+01 1.072059161013662099e+01 1.129159454520504902e+01
6.450000000000000000e+01 6.110000000000000142e+01 6.279999999999999716e+01 1.336172782377032320e+01 1.397266994005626195e+01 1.540892507131517775e+01 1.424777427838058941e+01
