7.070000000000000284e+01 6.959999999999999432e+01 7.015000000000000568e+01 7.439179160421084624e+00 1.549523614853828235e+01 7.051039562698116825e+00 9.995151623885826453e+00
6.979999999999999716e+01 7.209999999999999432e+01 7.094999999999998863e+01 7.701737957374091614e+00 1.001439908160493530e+01 5.703395438172300658e+00 7.806510825717109192e+00
6.870000000000000284e+01 7.109999999999999432e+01 6.990000000000000568e+01 1.042864241808558390e+01 9.535288200911248069e+00 9.080264714205883436e+00 9.681398444400905134e+00
7.009999999999999432e+01 7.320000000000000284e+01 7.165000000000000568e+01 7.738364715980967645e+00 1.094173359959761704e+01 6.340991320687386690e+00 8.340363212088655942e+00
6.820000000000000284e+01 7.089999999999999147e+01 6.954999999999999716e+01 7.425271859505330418e+00 1.149842111516670862e+01 5.474765547325422865e+00 8.132819507332486708e+00
6.919999999999998863e+01 7.220000000000000284e+01 7.069999999999998863e+01 7.435302367522976574e+00 9.896915853025484822e+00 4.363824071627049328e+00 7.232014097391837204e+00
6.830000000000001137e+01 7.120000000000000284e+01 6.975000000000000000e+01 8.758395803591286111e+00 9.796292433125577404e+00 4.471210511517613284e+00 7.675299582744824711e+00
6.900000000000000000e+01 7.220000000000000284e+01 7.059999999999999432e+01 7.479578599777479297e+00 1.024247287880036339e+01 6.547472155857144926e+00 8.089841211478329797e+00
6.959999999999999432e+01 6.989999999999999147e+01 6.975000000000000000e+01 9.967289400719790748e+00 9.984062507759009719e+00 1.404926925337466415e+01 1.133354038728448643e+01
6.840000000000000568e+01 7.100000000000000000e+01 6.970000000000000284e+01 1.126425803324024599e+01 1.253321880941199495e+01 4.226022111783185764e+00 9.341166318145141645e+00
6.929999999999999716e+01 6.969999999999998863e+01 6.950000000000000000e+01 1.062490429118609292e+01 9.540627610197647712e+00 4.384014133302219562e+00 8.183182011561987323e+00
6.879999999999999716e+01 7.059999999999999432e+01 6.969999999999998863e+01 1.015655126130921815e+01 9.902940356785407516e+00 4.307717921264856642e+00 8.122403179786493510e+00
6.979999999999999716e+01 7.340000000000000568e+01 7.159999999999999432e+01 8.192202403545868705e+00 9.844857500349785795e+00 5.382779949506251604e+00 7.806613284467300851e+00
6.900000000000000000e+01 6.950000000000000000e+01 6.925000000000000000e+01 7.920641858906646071e+00 1.008089861927680353e+01 8.201336664446666092e+00 8.734292380876704343e+00
6.909999999999999432e+01 7.109999999999999432e+01 7.009999999999999432e+01 7.464229422138540571e+00 1.009669166705988097e+01 4.212656854275712348e+00 7.257859314491379443e+00
6.909999999999999432e+01 7.089999999999999147e+01 7.000000000000000000e+01 7.415248036087699113e+00 9.592025972850928284e+00 6.407190017033983054e+00 7.804821341990869854e+00
7.089999999999999147e+01 6.979999999999999716e+01 7.034999999999999432e+01 9.331312907052431882e+00 9.902000914934095732e+00 5.823447735636814393e+00 8.352253852541114298e+00
7.070000000000000284e+01 7.019999999999998863e+01 7.044999999999998863e+01 7.700848557998788202e+00 1.026380016823184782e+01 4.540471277253585569e+00 7.501706667828074160e+00
6.969999999999998863e+01 6.969999999999998863e+01 6.969999999999998863e+01 8.231609919262607988e+00 1.022925181331262046e+01 8.026620372955278526e+00 8.829160701843502324e+00
6.959999999999999432e+01 7.129999999999999716e+01 7.044999999999998863e+01 7.416221250406919374e+00 9.595242982547000921e+00 4.180228127705748697e+00 7.063897453553223293e+00
6.850000000000000000e+01 7.209999999999999432e+01 7.029999999999999716e+01 8.122245032280948962e+00 9.556332404835837124e+00 4.167390087825594058e+00 7.281989174980793678e+00
6.889999999999999147e+01 7.229999999999999716e+01 7.059999999999999432e+01 9.057316052417217378e+00 1.105552248099916568e+01 4.917295756103168713e+00 8.343378096506517849e+00
7.000000000000000000e+01 7.029999999999999716e+01 7.015000000000000568e+01 1.122186108467491117e+01 9.662801522208656735e+00 4.814311374136936550e+00 8.566324660340166375e+00
7.059999999999999432e+01 6.900000000000000000e+01 6.979999999999999716e+01 7.432232328236223040e+00 9.549919204295836295e+00 8.616513593380496161e+00 8.532888375304183981e+00
7.089999999999999147e+01 7.139999999999999147e+01 7.114999999999999147e+01 9.032595807517948217e+00 9.739498218520813211e+00 4.162017750872292865e+00 7.644703925637017505e+00
7.079999999999999716e+01 7.070000000000000284e+01 7.075000000000000000e+01 8.159925064005891571e+00 1.199803596878120437e+01 4.156929017146977934e+00 8.104963349978024922e+00
7.029999999999999716e+01 7.129999999999999716e+01 7.079999999999999716e+01 1.072784606411655517e+01 9.539080570063532605e+00 5.060599953656097938e+00 8.442508862612061904e+00
6.950000000000000000e+01 7.120000000000000284e+01 7.034999999999999432e+01 8.601278516189752921e+00 1.321225473968657127e+01 4.413150169027250769e+00 8.742227808301191061e+00
6.840000000000000568e+01 7.070000000000000284e+01 6.955000000000001137e+01 8.121737136882684283e+00 9.713905184564918471e+00 4.151114207578906701e+00 7.328918843008835893e+00
7.019999999999998863e+01 7.129999999999999716e+01 7.075000000000000000e+01 7.616328819625758584e+00 9.635558567774825889e+00 4.230657358827834003e+00 7.160848248742806454e+00
6.959999999999999432e+01 7.059999999999999432e+01 7.009999999999999432e+01 1.440353250174785060e+01 1.311903420909086648e+01 5.353561191094257765e+00 1.095870930064432436e+01
6.800000000000000000e+01 6.860000000000000853e+01 6.830000000000001137e+01 8.345760409620652354e+00 1.176883438058186471e+01 4.446266985423380724e+00 8.186953925208632299e+00
6.909999999999999432e+01 6.939999999999999147e+01 6.925000000000000000e+01 8.447510462006682985e+00 9.819185833629926918e+00 4.187059328916149070e+00 7.484585208184252991e+00
6.959999999999999432e+01 7.019999999999998863e+01 6.989999999999999147e+01 1.340870465106085518e+01 9.558847326001670197e+00 4.224962420927232287e+00 9.064171465996587074e+00
6.889999999999999147e+01 7.220000000000000284e+01 7.054999999999999716e+01 7.946188868428480490e+00 9.590071245142798517e+00 1.519629389695755251e+01 1.091085133684294384e+01
6.840000000000000568e+01 7.070000000000000284e+01 6.955000000000001137e+01 7.425294808158850124e+00 1.610185197458702078e+01 4.795823505220176308e+00 9.440990095988682995e+00
6.889999999999999147e+01 7.079999999999999716e+01 6.984999999999999432e+01 7.421005743369267549e+00 1.197629234151577826e+01 5.238602383047032518e+00 8.211966822644024333e+00
6.979999999999999716e+01 7.120000000000000284e+01 7.050000000000000000e+01 9.478977679477814888e+00 1.378100068015971402e+01 7.473498534522393655e+00 1.024449229805330752e+01
6.950000000000000000e+01 7.200000000000000000e+01 7.075000000000000000e+01 7.692085955410354892e+00 9.765746961312474994e+00 1.332232695049550486e+01 1.026005328907277736e+01
6.939999999999999147e+01 7.129999999999999716e+01 7.034999999999999432e+01 7.380489307487265727e+00 9.633912610349112171e+00 1.290963648165883448e+01 9.974679466498402647e+00
6.979999999999999716e+01 7.189999999999999147e+01 7.084999999999999432e+01 7.457234425424723590e+00 1.104235270793317270e+01 5.140467776434753944e+00 7.880018303264216151e+00
6.919999999999998863e+01 7.089999999999999147e+01 7.004999999999998295e+01 7.562089180059756721e+00 9.880822141672654269e+00 8.158682242920122007e+00 8.533864521550844628e+00
6.770000000000000284e+01 7.220000000000000284e+01 6.995000000000000284e+01 8.187564487114283196e+00 1.004568612428658625e+01 1.409380320748592297e+01 1.077568460629559866e+01
7.019999999999998863e+01 6.989999999999999147e+01 7.004999999999998295e+01 7.778991474942868578e+00 9.544584854825897580e+00 7.307712071609081761e+00 8.210429467125949898e+00
7.059999999999999432e+01 7.089999999999999147e+01 7.075000000000000000e+01 9.202287481895595533e+00 1.204301303438784920e+01 4.989143789988559341e+00 8.744814768757334988e+00
6.840000000000000568e+01 7.039999999999999147e+01 6.940000000000000568e+01 7.936006480288755327e+00 1.138319754487571700e+01 1.143112467502303353e+01 1.025010956672917040e+01
6.969999999999998863e+01 7.039999999999999147e+01 7.004999999999998295e+01 1.041124432440880021e+01 1.094237972926021207e+01 6.944846099555423535e+00 9.432823384408145273e+00
7.039999999999999147e+01 7.089999999999999147e+01 7.064999999999999147e+01 7.862847578850957753e+00 1.059010071656371821e+01 7.977203948306101466e+00 8.810050747906926105e+00
6.959999999999999432e+01 6.939999999999999147e+01 6.950000000000000000e+01 9.709439056041569316e+00 1.422503476888523366e+01 4.278273458439185717e+00 9.404249094455330749e+00
6.879999999999999716e+01 7.089999999999999147e+01 6.984999999999999432e+01 8.861109908080704756e+00 9.599890580920135363e+00 4.364393096517451553e+00 7.608464528506097224e+00
7.000000000000000000e+01 7.279999999999999716e+01 7.140000000000000568e+01 8.630485040041079969e+00 9.535251450076271951e+00 4.244561958052284645e+00 7.470099482723212780e+00
6.919999999999998863e+01 7.079999999999999716e+01 7.000000000000000000e+01 7.497602854672726025e+00 9.706883717688445046e+00 4.148745014109043616e+00 7.117743862156737045e+00
6.929999999999999716e+01 7.000000000000000000e+01 6.965000000000000568e+01 9.826748214716216623e+00 1.036500222830678375e+01 5.270922737938599667e+00 8.487557726987200013e+00
6.929999999999999716e+01 7.139999999999999147e+01 7.034999999999999432e+01 7.607434825242780363e+00 1.108754639748512716e+01 6.418255524200267459e+00 8.371078915642724994e+00
6.969999999999998863e+01 6.969999999999998863e+01 6.969999999999998863e+01 7.463643925587061467e+00 1.438472007109296769e+01 6.204648820944500542e+00 9.351004272541509010e+00
6.939999999999999147e+01 7.029999999999999716e+01 6.984999999999999432e+01 7.379948570640331162e+00 9.537165911930706841e+00 1.270570614443669655e+01 9.874273542335911813e+00
6.889999999999999147e+01 6.909999999999999432e+01 6.900000000000000000e+01 8.733734979223292783e+00 1.024206938524681831e+01 6.385553898233068182e+00 8.453786087567726426e+00
7.079999999999999716e+01 7.189999999999999147e+01 7.134999999999999432e+01 8.158255627316925995e+00 1.109004982249255278e+01 4.238352496154570659e+00 7.828885981988015885e+00
6.919999999999998863e+01 7.059999999999999432e+01 6.989999999999999147e+01 8.518443459359701819e+00 1.022670608057473274e+01 6.755311432716795572e+00 8.500153657550409747e+00
7.089999999999999147e+01 7.220000000000000284e+01 7.154999999999999716e+01 7.897355232756943622e+00 9.535265557956087434e+00 4.397723002838526796e+00 7.276781264517185654e+00
7.000000000000000000e+01 7.129999999999999716e+01 7.065000000000000568e+01 7.695754731603396515e+00 1.030187028183785181e+01 1.559294736318446439e+01 1.119685745887523787e+01
7.000000000000000000e+01 7.220000000000000284e+01 7.109999999999999432e+01 9.442015215695848340e+00 1.028359466610966955e+01 7.950369563683581831e+00 9.225326481829698722e+00
6.979999999999999716e+01 7.270000000000000284e+01 7.125000000000000000e+01 7.963223954305050256e+00 1.094806744738427895e+01 5.820580154500952119e+00 8.243957185396761034e+00
6.879999999999999716e+01 7.109999999999999432e+01 6.994999999999998863e+01 8.122426677358024705e+00 9.635195229782265613e+00 4.151850059474529786e+00 7.303157322204939739e+00
7.039999999999999147e+01 7.270000000000000284e+01 7.154999999999999716e+01 7.385244357174449270e+00 1.598923717364572106e+01 5.733300254708619370e+00 9.702593928509596566e+00
6.950000000000000000e+01 6.969999999999998863e+01 6.959999999999999432e+01 7.921356042869078351e+00 9.637742966985138438e+00 5.278264822947168255e+00 7.612454610933794719e+00
6.969999999999998863e+01 6.989999999999999147e+01 6.979999999999998295e+01 7.665628552102201176e+00 1.161708817559616236e+01 9.736346592358401608e+00 9.673021106685588677e+00
6.900000000000000000e+01 7.200000000000000000e+01 7.050000000000000000e+01 7.945009996479863723e+00 1.077732199648531441e+01 4.226965563765946676e+00 7.649765852243707975e+00
6.870000000000000284e+01 7.029999999999999716e+01 6.950000000000000000e+01 9.218588431456813836e+00 2.044511906431440451e+01 7.253995133322868938e+00 1.230590087636469576e+01
6.810000000000000853e+01 7.100000000000000000e+01 6.955000000000001137e+01 8.452039708570348253e+00 1.781258358359688998e+01 5.863655171536365174e+00 1.070942615456786662e+01
7.019999999999998863e+01 7.229999999999999716e+01 7.125000000000000000e+01 7.576602581837699191e+00 1.001367306689823700e+01 4.322355113584711361e+00 7.304210254106881628e+00
6.959999999999999432e+01 7.250000000000000000e+01 7.104999999999999716e+01 7.708517843836276917e+00 9.542046435371243973e+00 5.059844211378761614e+00 7.436802830195428093e+00
7.009999999999999432e+01 7.100000000000000000e+01 7.054999999999999716e+01 1.039679033587922952e+01 9.924344456937076231e+00 4.213832006549043108e+00 8.178322266455117173e+00
7.109999999999999432e+01 7.259999999999999432e+01 7.184999999999999432e+01 1.011591030809623426e+01 9.535510436334890372e+00 4.913187353609028030e+00 8.188202699346717850e+00
6.929999999999999716e+01 7.200000000000000000e+01 7.065000000000000568e+01 7.393259944348913315e+00 9.589482307954956042e+00 4.912855951898129625e+00 7.298532734733999661e+00
7.009999999999999432e+01 7.079999999999999716e+01 7.044999999999998863e+01 9.629181555024073802e+00 1.036397253488592263e+01 4.425725616088459269e+00 8.139626568666152195e+00
7.070000000000000284e+01 7.100000000000000000e+01 7.084999999999999432e+01 1.132119972488090198e+01 9.541730181253607057e+00 4.519351436895538754e+00 8.460760447676683782e+00
7.000000000000000000e+01 7.139999999999999147e+01 7.069999999999998863e+01 1.042927297208593806e+01 9.693289513420481285e+00 4.929638300059307809e+00 8.350733595188577496e+00
6.740000000000000568e+01 7.159999999999999432e+01 6.950000000000000000e+01 1.264074896504513745e+01 1.030963825756172980e+01 4.755575538386627166e+00 9.235320920331163919e+00
6.969999999999998863e+01 7.159999999999999432e+01 7.064999999999999147e+01 8.006478541797315884e+00 1.485320212172799614e+01 4.554654188328536080e+00 9.138111617284614852e+00
7.050000000000000000e+01 7.300000000000000000e+01 7.175000000000000000e+01 7.386245813383755632e+00 9.574150091684764163e+00 8.319760929673005734e+00 8.426718944913842435e+00
6.939999999999999147e+01 7.220000000000000284e+01 7.079999999999999716e+01 8.750576074642060220e+00 9.536228553092747973e+00 4.675634652839989691e+00 7.654146426858265961e+00
6.909999999999999432e+01 7.129999999999999716e+01 7.019999999999998863e+01 7.862529666421368191e+00 9.587454412134054138e+00 5.654760090658457194e+00 7.701581389737960137e+00
6.939999999999999147e+01 7.239999999999999147e+01 7.089999999999999147e+01 7.482161395604360443e+00 9.535269485303437875e+00 9.775599237500493643e+00 8.931010039469430950e+00
6.750000000000000000e+01 7.189999999999999147e+01 6.969999999999998863e+01 8.096969267031735029e+00 1.241315453285838011e+01 8.440020304405654983e+00 9.650048034765257299e+00
6.900000000000000000e+01 6.900000000000000000e+01 6.900000000000000000e+01 7.691128760718552115e+00 1.063562258683904993e+01 4.356856096365323339e+00 7.561202481307642387e+00
6.870000000000000284e+01 7.189999999999999147e+01 7.029999999999999716e+01 7.866645289522504747e+00 1.066642413934762956e+01 4.345807171164799421e+00 7.626292200011644873e+00
6.840000000000000568e+01 7.079999999999999716e+01 6.959999999999999432e+01 7.484801829879280000e+00 1.032187353470938085e+01 4.490169770769048441e+00 7.432281711785901912e+00
6.929999999999999716e+01 7.229999999999999716e+01 7.079999999999999716e+01 8.803341577959896469e+00 9.584824861191762579e+00 5.581060233637425760e+00 7.989742224263029158e+00
6.969999999999998863e+01 7.059999999999999432e+01 7.014999999999999147e+01 1.006026822494746220e+01 1.097868749284931411e+01 5.776330951721416973e+00 8.938428889839396874e+00
6.850000000000000000e+01 7.150000000000000000e+01 7.000000000000000000e+01 7.607518199523634728e+00 1.021600969494724431e+01 6.339413780893131012e+00 8.054313891788003943e+00
6.929999999999999716e+01 7.300000000000000000e+01 7.115000000000000568e+01 1.070625786289339487e+01 1.292975433007609531e+01 4.753145742969035581e+00 9.463052645312840738e+00
6.979999999999999716e+01 7.150000000000000000e+01 7.065000000000000568e+01 9.751531012063137993e+00 9.586847787362710704e+00 7.678893025785018089e+00 9.005757275070289225e+00
7.000000000000000000e+01 7.170000000000000284e+01 7.084999999999999432e+01 8.514720667385439867e+00 1.160879949163763847e+01 4.254953848042672959e+00 8.126158002355252208e+00
6.989999999999999147e+01 7.089999999999999147e+01 7.039999999999999147e+01 9.336355140967594224e+00 1.173527435836365918e+01 7.526011417690877003e+00 9.532546972340709246e+00
6.900000000000000000e+01 7.189999999999999147e+01 7.044999999999998863e+01 7.391540772798776970e+00 9.555352534865495073e+00 5.299707577421147953e+00 7.415533628361806961e+00
7.019999999999998863e+01 6.909999999999999432e+01 6.964999999999999147e+01 7.380094622345705346e+00 1.435052658574648987e+01 4.374556653066269618e+00 8.701725953719488871e+00
7.039999999999999147e+01 7.179999999999999716e+01 7.109999999999999432e+01 7.498639540849618257e+00 9.579364793223680508e+00 4.408139671028195927e+00 7.162048001700497935e+00
6.879999999999999716e+01 7.029999999999999716e+01 6.954999999999999716e+01 7.683392245450774816e+00 1.142352546523220092e+01 6.495774898900977590e+00 8.534230869861318070e+00
6.969999999999998863e+01 7.139999999999999147e+01 7.054999999999998295e+01 9.083528571528594497e+00 9.574892390829765176e+00 4.285837746025046968e+00 7.648086236127802806e+00
