6.840000000000000568e+01 7.139999999999999147e+01 6.990000000000000568e+01 9.250666216699936939e+00 1.220701592817805903e+01 4.730375289704798369e+00 8.729352478194265075e+00
6.929999999999999716e+01 7.200000000000000000e+01 7.065000000000000568e+01 1.024742243373759898e+01 9.746515168402293483e+00 1.059526704444086498e+01 1.019640154886025307e+01
6.870000000000000284e+01 7.089999999999999147e+01 6.979999999999999716e+01 1.112016024569820161e+01 9.662085130199775662e+00 5.536431441992091251e+00 8.772892272630024024e+00
6.909999999999999432e+01 7.270000000000000284e+01 7.090000000000000568e+01 9.410534252195668969e+00 1.375829007522911596e+01 9.408312428559833407e+00 1.085904558532820552e+01
6.979999999999999716e+01 7.050000000000000000e+01 7.015000000000000568e+01 1.015301300574196119e+01 1.397451863567595964e+01 7.708885243244640861e+00 1.061213896155418723e+01
7.019999999999998863e+01 7.270000000000000284e+01 7.144999999999998863e+01 9.074798374805657986e+00 9.892340001762502055e+00 6.796873135597274462e+00 8.588003837388477280e+00
7.019999999999998863e+01 6.989999999999999147e+01 7.004999999999998295e+01 1.059756808842011111e+01 9.907453600140355476e+00 5.964634411700012073e+00 8.823218700086826516e+00
7.029999999999999716e+01 7.079999999999999716e+01 7.054999999999999716e+01 1.020040058722228871e+01 1.095744164524460551e+01 4.146346921966924448e+00 8.434729718144605926e+00
7.000000000000000000e+01 7.079999999999999716e+01 7.040000000000000568e+01 9.205281640779219288e+00 9.839056493533025360e+00 4.145582349922756649e+00 7.729973494745000728e+00
6.979999999999999716e+01 6.929999999999999716e+01 6.954999999999999716e+01 9.893115121417457303e+00 9.603096351649892171e+00 5.497599501394083710e+00 8.331270324820478024e+00
6.850000000000000000e+01 7.239999999999999147e+01 7.044999999999998863e+01 9.809073702312064214e+00 9.978094476992104944e+00 4.802552594152604826e+00 8.196573591152256810e+00
6.979999999999999716e+01 7.259999999999999432e+01 7.119999999999998863e+01 1.027103858982515483e+01 1.200247876356953469e+01 4.943956177860679091e+00 9.072491177085121095e+00
6.929999999999999716e+01 7.079999999999999716e+01 7.004999999999999716e+01 9.273185451183502792e+00 9.942388839957731150e+00 5.991603842975975702e+00 8.402392711372403511e+00
6.919999999999998863e+01 7.079999999999999716e+01 7.000000000000000000e+01 9.154195935663700823e+00 9.821153351216906913e+00 6.044255209760753367e+00 8.339868165547120071e+00
6.870000000000000284e+01 7.200000000000000000e+01 7.034999999999999432e+01 8.686978395177780143e+00 9.589780287840543593e+00 8.327408215419728421e+00 8.868055632812684053e+00
6.929999999999999716e+01 7.270000000000000284e+01 7.100000000000000000e+01 8.715888958000043374e+00 1.018511763941289239e+01 4.228535617115260159e+00 7.709847404842732566e+00
6.969999999999998863e+01 7.329999999999999716e+01 7.150000000000000000e+01 1.219898552674688830e+01 9.613467241328308432e+00 4.419906940661480377e+00 8.744119902912226294e+00
7.129999999999999716e+01 7.079999999999999716e+01 7.104999999999999716e+01 1.070299233296362296e+01 1.018328813535221222e+01 5.737517867087254864e+00 8.874599445134363052e+00
7.050000000000000000e+01 7.209999999999999432e+01 7.129999999999999716e+01 8.690631257117194863e+00 1.089772483665512404e+01 4.288130396946591816e+00 7.958828830239636609e+00
6.860000000000000853e+01 7.100000000000000000e+01 6.980000000000001137e+01 8.805245179503931041e+00 1.037670061472421779e+01 4.164391743213913699e+00 7.782112512480686917e+00
7.070000000000000284e+01 7.039999999999999147e+01 7.054999999999999716e+01 1.408688992305060772e+01 1.070440729234115373e+01 4.186154580235217360e+00 9.659150598542327160e+00
6.969999999999998863e+01 7.079999999999999716e+01 7.025000000000000000e+01 9.270168292177206837e+00 1.816098865314317123e+01 4.405169195661183146e+00 1.061210871366052011e+01
6.919999999999998863e+01 7.309999999999999432e+01 7.114999999999999147e+01 8.927671261253045998e+00 9.640382076691402347e+00 8.629984281757446141e+00 9.066012539900631495e+00
6.959999999999999432e+01 7.239999999999999147e+01 7.100000000000000000e+01 8.771458922954241899e+00 1.391015483828925703e+01 1.401687122139437314e+01 1.223282832754595795e+01
6.710000000000000853e+01 7.089999999999999147e+01 6.900000000000000000e+01 8.718327854497205820e+00 1.284155791939232749e+01 8.917502556682297410e+00 1.015912944352394298e+01
6.989999999999999147e+01 7.209999999999999432e+01 7.100000000000000000e+01 9.970268880165988890e+00 1.238367223827424368e+01 6.839211598690029703e+00 9.731050905710086241e+00
6.929999999999999716e+01 7.100000000000000000e+01 7.015000000000000568e+01 8.758502079015816122e+00 9.601304354385312934e+00 6.671827421488988108e+00 8.343877951630039647e+00
6.730000000000001137e+01 7.229999999999999716e+01 6.980000000000001137e+01 9.015717435709419192e+00 1.053285148930443604e+01 5.220666339578935222e+00 8.256411754864261709e+00
6.879999999999999716e+01 7.100000000000000000e+01 6.990000000000000568e+01 8.696179485621460259e+00 1.036628434237654872e+01 4.203225270533765823e+00 7.755229699510590713e+00
6.909999999999999432e+01 7.270000000000000284e+01 7.090000000000000568e+01 1.024478542269129377e+01 9.749887847130247920e+00 1.130036424261891526e+01 1.043167917081348506e+01
7.120000000000000284e+01 7.109999999999999432e+01 7.115000000000000568e+01 1.722376893945007126e+01 1.031336260108274772e+01 7.173172803733325331e+00 1.157010144808871388e+01
6.820000000000000284e+01 7.159999999999999432e+01 6.990000000000000568e+01 8.684821007662190340e+00 9.910534689321151447e+00 4.810538473608417576e+00 7.801964723530585566e+00
6.770000000000000284e+01 7.189999999999999147e+01 6.979999999999999716e+01 9.026983900649785397e+00 1.117399331484315361e+01 6.481136383831226588e+00 8.894037866441388829e+00
6.969999999999998863e+01 7.150000000000000000e+01 7.059999999999999432e+01 9.429465496141817837e+00 1.054250723687785474e+01 4.163614066007702341e+00 8.045195599675791343e+00
6.889999999999999147e+01 7.179999999999999716e+01 7.034999999999999432e+01 9.169026094936981508e+00 1.081062761746192535e+01 1.185857657350604732e+01 1.061274342863498532e+01
6.840000000000000568e+01 7.189999999999999147e+01 7.015000000000000568e+01 9.122068958095960411e+00 9.605552966809824511e+00 5.760908919284668528e+00 8.162843614730149966e+00
6.850000000000000000e+01 7.250000000000000000e+01 7.050000000000000000e+01 1.454251764125539026e+01 9.608105412225770081e+00 4.372388016062657812e+00 9.507670356514607235e+00
6.929999999999999716e+01 7.100000000000000000e+01 7.015000000000000568e+01 1.065300739031569854e+01 1.122514173863130971e+01 5.461676981603623027e+00 9.113275370183544055e+00
6.969999999999998863e+01 7.100000000000000000e+01 7.034999999999999432e+01 8.722185093909740061e+00 1.218943178999263033e+01 5.073673316216857465e+00 8.661763400039742322e+00
6.870000000000000284e+01 7.259999999999999432e+01 7.065000000000000568e+01 9.189271669941009080e+00 1.025039931185710529e+01 4.212948585036029314e+00 7.884206522278049079e+00
6.939999999999999147e+01 7.059999999999999432e+01 7.000000000000000000e+01 9.284717037633214431e+00 9.599880292498543355e+00 4.149091160027362335e+00 7.677896163386374262e+00
6.820000000000000284e+01 7.279999999999999716e+01 7.050000000000000000e+01 1.471038506562521420e+01 1.021111880538312100e+01 4.782760602477232226e+00 9.901421491161855215e+00
6.820000000000000284e+01 7.120000000000000284e+01 6.970000000000000284e+01 8.707666248761114502e+00 9.585222085291961847e+00 5.413498203111485552e+00 7.902128845721520634e+00
6.959999999999999432e+01 7.209999999999999432e+01 7.084999999999999432e+01 8.833704531987121911e+00 9.872376848866965204e+00 5.126451580797952268e+00 7.944177653884012535e+00
6.850000000000000000e+01 7.209999999999999432e+01 7.029999999999999716e+01 1.044434000927605943e+01 1.256396738617229225e+01 5.358540847284763764e+00 9.455616080911038779e+00
7.070000000000000284e+01 7.279999999999999716e+01 7.175000000000000000e+01 1.314605114815923592e+01 9.608583235611767748e+00 4.949254313116415283e+00 9.234629565629139947e+00
6.939999999999999147e+01 7.200000000000000000e+01 7.069999999999998863e+01 1.176508176944108541e+01 1.465516736131690401e+01 1.633062796338947820e+01 1.425029236471582372e+01
6.959999999999999432e+01 7.239999999999999147e+01 7.100000000000000000e+01 9.674270106770618938e+00 1.088374567041520002e+01 6.953423339055212260e+00 9.170479705413677962e+00
6.889999999999999147e+01 7.109999999999999432e+01 7.000000000000000000e+01 8.900157496257447676e+00 1.055842340462414519e+01 4.288897608894787439e+00 7.915826169925459510e+00
6.870000000000000284e+01 7.039999999999999147e+01 6.954999999999999716e+01 8.754767103378828352e+00 9.818164874914128148e+00 4.820991059245778310e+00 7.797974345846244937e+00
6.900000000000000000e+01 7.059999999999999432e+01 6.979999999999999716e+01 1.271380472804373518e+01 1.162908837694642905e+01 8.472064756156168386e+00 1.093831928704877754e+01
6.929999999999999716e+01 7.440000000000000568e+01 7.184999999999999432e+01 8.835881227317363695e+00 9.881194957366949083e+00 6.103599402945012464e+00 8.273558529209774193e+00
6.939999999999999147e+01 7.189999999999999147e+01 7.064999999999999147e+01 1.417721545150010520e+01 1.065540455849538404e+01 8.174055895140144301e+00 1.100222530171187607e+01
6.929999999999999716e+01 7.139999999999999147e+01 7.034999999999999432e+01 1.188224373813004320e+01 9.940729925257327793e+00 7.995800850363081302e+00 9.939591504583484394e+00
6.959999999999999432e+01 7.039999999999999147e+01 7.000000000000000000e+01 8.684008897831848373e+00 9.971971263624581638e+00 7.180910612730258435e+00 8.612296924728896741e+00
6.909999999999999432e+01 7.019999999999998863e+01 6.964999999999999147e+01 1.213203261587203485e+01 1.301858463917206166e+01 8.342629142311402290e+00 1.116441546578516686e+01
6.929999999999999716e+01 7.220000000000000284e+01 7.075000000000000000e+01 8.969175436736636087e+00 1.014816157263333807e+01 4.586356449288051529e+00 7.901231152886008857e+00
6.830000000000001137e+01 7.259999999999999432e+01 7.045000000000000284e+01 9.736694295676445066e+00 9.821305929231280984e+00 5.546475217376351630e+00 8.368158480761358931e+00
6.939999999999999147e+01 7.159999999999999432e+01 7.050000000000000000e+01 8.684936973645994485e+00 1.013215318432410328e+01 5.116923665152893541e+00 7.978004607707664064e+00
6.740000000000000568e+01 7.209999999999999432e+01 6.975000000000000000e+01 9.455926362009932973e+00 9.961018650374967365e+00 4.952710781193774281e+00 8.123218597859557022e+00
6.879999999999999716e+01 7.039999999999999147e+01 6.959999999999999432e+01 8.836214032346592973e+00 9.729026374924549359e+00 4.908813735889027363e+00 7.824684714386722639e+00
6.860000000000000853e+01 7.209999999999999432e+01 7.034999999999999432e+01 9.005858104192467906e+00 1.023769243090436021e+01 4.807930591444552704e+00 8.017160375513794790e+00
6.820000000000000284e+01 7.170000000000000284e+01 6.995000000000000284e+01 8.800796439000526661e+00 1.503079029495344798e+01 4.567361787878883028e+00 9.466316173944287371e+00
7.050000000000000000e+01 7.100000000000000000e+01 7.075000000000000000e+01 8.683455758063175267e+00 9.598391840682882759e+00 4.326489413002348350e+00 7.536112337249469384e+00
6.919999999999998863e+01 7.079999999999999716e+01 7.000000000000000000e+01 9.497748304136912623e+00 1.037926258424547932e+01 4.974619808515251762e+00 8.283876898965880642e+00
6.860000000000000853e+01 7.050000000000000000e+01 6.955000000000001137e+01 9.321646377346219481e+00 1.032606662954293952e+01 6.343861958981094062e+00 8.663858321956750430e+00
6.979999999999999716e+01 7.239999999999999147e+01 7.109999999999999432e+01 8.683428237775309810e+00 1.099661437724856405e+01 5.659345691508394616e+00 8.446462768844089197e+00
6.929999999999999716e+01 7.179999999999999716e+01 7.054999999999999716e+01 1.597078042710085377e+01 9.991093180632956816e+00 4.750608919879526937e+00 1.023749417587111310e+01
6.909999999999999432e+01 7.229999999999999716e+01 7.069999999999998863e+01 9.026500883803072028e+00 1.085310125814083193e+01 8.349287913995651067e+00 9.409630018646518934e+00
6.879999999999999716e+01 7.239999999999999147e+01 7.059999999999999432e+01 8.698103768412012826e+00 1.107355347322098815e+01 5.470011030132385876e+00 8.413889423921796507e+00
6.840000000000000568e+01 7.070000000000000284e+01 6.955000000000001137e+01 9.629411193370618349e+00 1.044991218036102865e+01 4.680033621229505059e+00 8.253118998320383426e+00
6.830000000000001137e+01 7.089999999999999147e+01 6.959999999999999432e+01 9.093780027088893547e+00 9.599396828425806660e+00 5.060351771821867572e+00 7.917842875778855927e+00
6.860000000000000853e+01 7.329999999999999716e+01 7.095000000000000284e+01 8.782121348174182884e+00 9.941128086858103785e+00 4.864464315369293246e+00 7.862571250133860268e+00
7.000000000000000000e+01 7.059999999999999432e+01 7.029999999999999716e+01 1.002490063874112103e+01 9.735341062393251477e+00 5.427472954158000462e+00 8.395904885097458248e+00
6.820000000000000284e+01 7.189999999999999147e+01 7.004999999999999716e+01 1.034383311843465236e+01 9.668416769738822580e+00 5.788211370646023646e+00 8.600153752939833751e+00
6.760000000000000853e+01 7.189999999999999147e+01 6.975000000000000000e+01 8.685899662322654535e+00 9.810620783674012912e+00 6.063031498723811197e+00 8.186517314906824438e+00
6.929999999999999716e+01 7.170000000000000284e+01 7.050000000000000000e+01 9.006346288881434958e+00 1.041424156158285008e+01 7.279122894049527837e+00 8.899903581504604588e+00
6.900000000000000000e+01 7.150000000000000000e+01 7.025000000000000000e+01 9.888463797036825653e+00 1.008479798390759363e+01 4.627733957698762168e+00 8.200331912881059893e+00
6.939999999999999147e+01 7.070000000000000284e+01 7.004999999999999716e+01 9.640627121816413236e+00 9.717720005067336686e+00 9.987235419989874075e+00 9.781860848957874666e+00
7.009999999999999432e+01 7.050000000000000000e+01 7.029999999999999716e+01 1.114538523556127991e+01 1.001400495084175013e+01 4.424425909360098608e+00 8.527938698587709254e+00
6.929999999999999716e+01 7.089999999999999147e+01 7.009999999999999432e+01 8.685305024333050739e+00 1.094024390165868610e+01 1.115649111980049923e+01 1.026068001526407869e+01
6.900000000000000000e+01 7.270000000000000284e+01 7.084999999999999432e+01 8.752014207048047112e+00 1.171743174509150975e+01 4.381057467751552359e+00 8.283501139963703963e+00
7.070000000000000284e+01 7.200000000000000000e+01 7.134999999999999432e+01 9.323235237768113137e+00 1.297279066985372076e+01 1.298427433001188902e+01 1.176010007921124156e+01
6.830000000000001137e+01 7.070000000000000284e+01 6.950000000000000000e+01 9.093965250145890522e+00 1.115089737975889861e+01 4.821759976585365592e+00 8.355540868830050982e+00
6.909999999999999432e+01 7.170000000000000284e+01 7.040000000000000568e+01 8.707429733468522670e+00 9.872860732045772636e+00 8.680406865108707848e+00 9.086899110207667718e+00
6.950000000000000000e+01 7.089999999999999147e+01 7.019999999999998863e+01 1.051835587938606764e+01 1.047983747127698706e+01 4.237219601221261733e+00 8.411804317294771849e+00
6.840000000000000568e+01 7.159999999999999432e+01 7.000000000000000000e+01 8.721536533410345626e+00 9.619378938146502023e+00 6.353922815580475891e+00 8.231612762379107551e+00
6.969999999999998863e+01 7.039999999999999147e+01 7.004999999999998295e+01 9.648782294721588215e+00 9.585415217119587439e+00 4.800024640761440864e+00 8.011407384200872173e+00
6.929999999999999716e+01 7.129999999999999716e+01 7.029999999999999716e+01 1.020343387459033124e+01 9.606332026015177661e+00 1.161330773358909418e+01 1.047435787806486651e+01
6.900000000000000000e+01 7.220000000000000284e+01 7.059999999999999432e+01 8.688806791279061414e+00 1.063569302221729984e+01 9.973504162204180901e+00 9.766001325233512276e+00
6.889999999999999147e+01 7.179999999999999716e+01 7.034999999999999432e+01 1.482783998464937092e+01 9.650873425398794225e+00 4.145779198780843444e+00 9.541497536276336788e+00
7.009999999999999432e+01 7.270000000000000284e+01 7.140000000000000568e+01 8.796022580197087493e+00 1.031282730616888799e+01 4.545110445874913196e+00 7.884653444080295337e+00
7.070000000000000284e+01 7.279999999999999716e+01 7.175000000000000000e+01 8.800980537845395801e+00 1.198609207112198760e+01 4.145093181966802653e+00 8.310721930311396832e+00
6.919999999999998863e+01 7.000000000000000000e+01 6.959999999999999432e+01 8.883534827267457246e+00 1.050754439483942093e+01 7.180489958410047890e+00 8.857189726838974764e+00
6.870000000000000284e+01 7.059999999999999432e+01 6.965000000000000568e+01 9.747976046684648566e+00 1.860396238952107595e+01 4.703365107443548077e+00 1.101843451454975842e+01
7.089999999999999147e+01 7.270000000000000284e+01 7.179999999999999716e+01 9.030225082863987396e+00 9.852867268056455075e+00 6.469863746784107583e+00 8.450985365901516388e+00
6.900000000000000000e+01 7.029999999999999716e+01 6.965000000000000568e+01 9.246265261914928146e+00 9.752086096058523168e+00 4.145634974259766459e+00 7.714662110744406220e+00
6.969999999999998863e+01 7.079999999999999716e+01 7.025000000000000000e+01 1.034815006952036320e+01 9.667174476859191401e+00 6.385933086752753951e+00 8.800419211044102852e+00
6.969999999999998863e+01 7.259999999999999432e+01 7.114999999999999147e+01 9.430481544274030625e+00 9.831846162427753555e+00 1.200405770669187433e+01 1.042212847113121832e+01
6.979999999999999716e+01 7.120000000000000284e+01 7.050000000000000000e+01 8.911029671474828717e+00 9.655978816442241097e+00 4.583255236030349344e+00 7.716754574649140608e+00
