5.909999999999999432e+01 6.800000000000000000e+01 6.354999999999999716e+01 1.182176807888926895e+01 2.248712131292019478e+01 3.490983980012527610e+01 2.307290973064491268e+01
6.540000000000000568e+01 6.650000000000000000e+01 6.595000000000000284e+01 1.703311932125429706e+01 1.294990690382273968e+01 8.118390535763129634e+00 1.270047225361338938e+01
5.679999999999999716e+01 6.650000000000000000e+01 6.164999999999999858e+01 1.593191446430086700e+01 1.534233312640322033e+01 3.798348272459690378e+01 2.308591010510032859e+01
6.560000000000000853e+01 6.810000000000000853e+01 6.685000000000000853e+01 1.171048846171210833e+01 1.281608173860450961e+01 7.779200400103309043e+00 1.076859020013997537e+01
6.889999999999999147e+01 7.150000000000000000e+01 7.019999999999998863e+01 1.594679130944454926e+01 1.647477501257686328e+01 8.101684519160972542e+00 1.350775028039412895e+01
5.719999999999999574e+01 6.879999999999999716e+01 6.300000000000000000e+01 1.368637315108257546e+01 1.248989112408907687e+01 3.607939737232840116e+01 2.075188721583335294e+01
6.600000000000000000e+01 6.129999999999999716e+01 6.364999999999999858e+01 1.779056389017766193e+01 1.320190406205690437e+01 1.083124401058554653e+01 1.394123732094003820e+01
5.749999999999999289e+01 6.570000000000000284e+01 6.159999999999999432e+01 1.690916512462695920e+01 1.428273258031554960e+01 3.595668213514230160e+01 2.238285994669493562e+01
6.700000000000000000e+01 6.710000000000000853e+01 6.705000000000001137e+01 1.554635855085763652e+01 1.514600528848390226e+01 1.067652679998234788e+01 1.378963021310796222e+01
6.409999999999999432e+01 7.209999999999999432e+01 6.809999999999999432e+01 1.382236256646731576e+01 1.807916607020158395e+01 1.055053568573427114e+01 1.415068810746772421e+01
6.889999999999999147e+01 6.710000000000000853e+01 6.800000000000000000e+01 1.438597512485372221e+01 1.293111200340514877e+01 9.101735997243141085e+00 1.213960770850066950e+01
6.470000000000000284e+01 6.879999999999999716e+01 6.675000000000000000e+01 1.112400694129851075e+01 1.054137790561567378e+01 7.998073239992829819e+00 9.887819362302339599e+00
6.360000000000000142e+01 6.640000000000000568e+01 6.500000000000000000e+01 1.418865231223731627e+01 1.411260693114019560e+01 3.585955132136165702e+01 2.138693685491305629e+01
6.129999999999999716e+01 7.029999999999999716e+01 6.579999999999999716e+01 9.045151423732180618e+00 4.025064532199984768e+01 9.560691218029880645e+00 1.961882932125396906e+01
6.529999999999999716e+01 6.520000000000000284e+01 6.525000000000000000e+01 1.079726222798616142e+01 1.460175215216131761e+01 7.487712424750089468e+00 1.096224226829918713e+01
6.540000000000000568e+01 6.700000000000000000e+01 6.620000000000000284e+01 9.227977150998688316e+00 1.993110894004241018e+01 9.631612549942689228e+00 1.293023288032792806e+01
6.950000000000000000e+01 6.529999999999999716e+01 6.740000000000000568e+01 1.221097242568349373e+01 1.406864721196823886e+01 1.001038106682734252e+01 1.209666690149302504e+01
6.590000000000000568e+01 6.800000000000000000e+01 6.695000000000000284e+01 1.039366660729569070e+01 1.505536200407077629e+01 1.218124053180550170e+01 1.254342304772398897e+01
6.900000000000000000e+01 6.620000000000000284e+01 6.759999999999999432e+01 1.143114280813618322e+01 1.865047548025752633e+01 1.228905944727358168e+01 1.412355924522243100e+01
6.560000000000000853e+01 6.780000000000001137e+01 6.670000000000001705e+01 1.378796257855479723e+01 1.251981555599828511e+01 8.613254164328733253e+00 1.164034409962727068e+01
6.350000000000000000e+01 6.220000000000000284e+01 6.285000000000000142e+01 1.286920030718332697e+01 1.450456252595348161e+01 7.072600098583491146e+00 1.148212097724010050e+01
6.670000000000000284e+01 6.909999999999999432e+01 6.790000000000000568e+01 9.016511848451136402e+00 1.515693746208712867e+01 1.464950497803048712e+01 1.294098476285625132e+01
6.679999999999999716e+01 6.770000000000000284e+01 6.725000000000000000e+01 1.247666326777761903e+01 1.357923107964821341e+01 6.594126500343016950e+00 1.088334028258961617e+01
5.550000000000000711e+01 6.959999999999999432e+01 6.254999999999999716e+01 1.375658671804277944e+01 1.263524685123022273e+01 3.496144329552800656e+01 2.045109228826700232e+01
6.550000000000000000e+01 6.529999999999999716e+01 6.540000000000000568e+01 1.450307607153656697e+01 1.281257847288114249e+01 4.419100418722316626e+00 1.057825165438000958e+01
6.870000000000000284e+01 7.100000000000000000e+01 6.984999999999999432e+01 1.449552598725788144e+01 1.566461965537724055e+01 8.031173285224324943e+00 1.273043964261981564e+01
6.770000000000000284e+01 6.510000000000000853e+01 6.640000000000000568e+01 1.078225059264060803e+01 2.106139673479253815e+01 1.124877171516263807e+01 1.436413968086526260e+01
6.750000000000000000e+01 6.550000000000000000e+01 6.650000000000000000e+01 1.290467269822439889e+01 1.252449149611953771e+01 7.541528673824792861e+00 1.099023095605624256e+01
6.720000000000000284e+01 6.690000000000000568e+01 6.705000000000001137e+01 1.282469155896873225e+01 1.634357470275444157e+01 9.673274525971491400e+00 1.294718026256489019e+01
6.720000000000000284e+01 6.860000000000000853e+01 6.790000000000000568e+01 1.381698276965447292e+01 1.213504260736531748e+01 1.044544993451907366e+01 1.213249177051295469e+01
6.710000000000000853e+01 7.019999999999998863e+01 6.865000000000000568e+01 1.098241643798661826e+01 1.838434545753624860e+01 9.459121482747278264e+00 1.294196112609004956e+01
6.900000000000000000e+01 6.440000000000000568e+01 6.670000000000000284e+01 1.578829871614375691e+01 1.329285078399511377e+01 6.641877453150652144e+00 1.190767565109650583e+01
6.029999999999999716e+01 6.860000000000000853e+01 6.445000000000000284e+01 1.465325949140930639e+01 1.314588241601900087e+01 3.669742528705511830e+01 2.149885573149447282e+01
6.909999999999999432e+01 6.760000000000000853e+01 6.834999999999999432e+01 1.199613822397251006e+01 1.185724453447419258e+01 1.109088651213538590e+01 1.164808975686069736e+01
6.790000000000000568e+01 6.780000000000001137e+01 6.785000000000000853e+01 1.177977045624218810e+01 1.234046754630840503e+01 8.153135391455748504e+00 1.075779113133544662e+01
6.889999999999999147e+01 6.479999999999999716e+01 6.684999999999999432e+01 1.103068583101489253e+01 1.519548701170162985e+01 9.186393673532911919e+00 1.180418883874981084e+01
6.520000000000000284e+01 6.389999999999999858e+01 6.454999999999999716e+01 1.657320365341408319e+01 1.267528015054935331e+01 8.322735257462300140e+00 1.252373968714191221e+01
6.969999999999998863e+01 6.550000000000000000e+01 6.759999999999999432e+01 1.224308953646839981e+01 1.312300523056243229e+01 1.034468946950777912e+01 1.190359474551286922e+01
6.160000000000000142e+01 6.790000000000000568e+01 6.475000000000000000e+01 1.661602542005416794e+01 1.223687569770081751e+01 1.009990907242222313e+01 1.298427006339240286e+01
6.429999999999999716e+01 7.029999999999999716e+01 6.729999999999999716e+01 1.203660963545773122e+01 1.167389011952536748e+01 1.030768995531162702e+01 1.133939657009823954e+01
6.590000000000000568e+01 6.770000000000000284e+01 6.680000000000001137e+01 1.230967111390151381e+01 1.416669917733049111e+01 9.847700181243892459e+00 1.210802349082529794e+01
6.500000000000000000e+01 6.820000000000000284e+01 6.659999999999999432e+01 1.638251282508224449e+01 1.317409112076972910e+01 8.467263530542467720e+00 1.267462249213148162e+01
5.789999999999999858e+01 6.679999999999999716e+01 6.234999999999999432e+01 1.137493531511105083e+01 1.187447211811465309e+01 3.614522914464158276e+01 1.979821219262242948e+01
6.919999999999998863e+01 6.289999999999999858e+01 6.604999999999999716e+01 1.120998611060134031e+01 1.426459924372922039e+01 8.373520357300014538e+00 1.128270190387685723e+01
6.189999999999999858e+01 6.600000000000000000e+01 6.395000000000000284e+01 1.498950400415542461e+01 1.293643232020924216e+01 3.399333053415573147e+01 2.063975561950680060e+01
6.000000000000000000e+01 6.929999999999999716e+01 6.465000000000000568e+01 1.219245962806809125e+01 1.392170267737831679e+01 3.271710878397061606e+01 1.961042369647234196e+01
6.620000000000000284e+01 6.730000000000001137e+01 6.675000000000000000e+01 1.480719311485652057e+01 1.500101949739840990e+01 1.412917054124429939e+01 1.464579438449974269e+01
7.070000000000000284e+01 6.300000000000000000e+01 6.684999999999999432e+01 1.230228669225343197e+01 1.236524230203892039e+01 2.053071990313376460e+01 1.506608296580870565e+01
5.550000000000000711e+01 6.560000000000000853e+01 6.055000000000001137e+01 1.763519882079276968e+01 1.365444835365947895e+01 3.985301051621705426e+01 2.371421923022309741e+01
6.870000000000000284e+01 6.560000000000000853e+01 6.715000000000000568e+01 1.103026041373484567e+01 1.527417227565195290e+01 1.004240801158222673e+01 1.211561356698967451e+01
6.660000000000000853e+01 6.950000000000000000e+01 6.805000000000001137e+01 1.537742759206580345e+01 1.264142993667180725e+01 8.498420557582345936e+00 1.217242602877332125e+01
6.760000000000000853e+01 6.470000000000000284e+01 6.615000000000000568e+01 1.161010385134353484e+01 1.238226438436963761e+01 7.356419709020893372e+00 1.044959598157802283e+01
6.089999999999999858e+01 6.750000000000000000e+01 6.420000000000000284e+01 1.097442431139733010e+01 1.285883023930995073e+01 3.935025305207260260e+01 2.106116920092662781e+01
6.600000000000000000e+01 6.860000000000000853e+01 6.730000000000001137e+01 1.236020666104695032e+01 1.716146614323339392e+01 7.438396807721675330e+00 1.232002320400067141e+01
6.770000000000000284e+01 5.889999999999999858e+01 6.329999999999999716e+01 1.669004403052587904e+01 1.887968100697884211e+01 8.203147620510234717e+00 1.459095755267165373e+01
6.660000000000000853e+01 6.810000000000000853e+01 6.735000000000000853e+01 1.061977023601087033e+01 1.288812896851259104e+01 1.150669818540833056e+01 1.167153246331059790e+01
6.529999999999999716e+01 6.760000000000000853e+01 6.645000000000000284e+01 1.181334814488370455e+01 1.221337288049015690e+01 9.263027127285788254e+00 1.109658271755321657e+01
6.229999999999999716e+01 6.929999999999999716e+01 6.579999999999999716e+01 1.306954800614077961e+01 1.507056423424172564e+01 6.751763150174358685e+00 1.163062513018562072e+01
6.260000000000000142e+01 6.820000000000000284e+01 6.540000000000000568e+01 1.306015092988937809e+01 1.334803221790506278e+01 1.592540983020025713e+01 1.411119765933156600e+01
6.470000000000000284e+01 6.900000000000000000e+01 6.684999999999999432e+01 1.249250577812826890e+01 1.740745790124197256e+01 7.626675430182965343e+00 1.250887970318440345e+01
6.800000000000000000e+01 6.500000000000000000e+01 6.650000000000000000e+01 1.309081909210783046e+01 1.411544362966512800e+01 6.986518474207020546e+00 1.139759373199332515e+01
6.679999999999999716e+01 6.860000000000000853e+01 6.770000000000000284e+01 1.192810944501304427e+01 1.201181524467251549e+01 6.550761137582415294e+00 1.016356194242265865e+01
6.720000000000000284e+01 6.479999999999999716e+01 6.600000000000000000e+01 1.299162237023372413e+01 1.459569315433383530e+01 9.954157716289566693e+00 1.251382441361904085e+01
6.740000000000000568e+01 6.440000000000000568e+01 6.590000000000000568e+01 1.119653211096585110e+01 1.310022368853721098e+01 1.221224358951007005e+01 1.216966646300437560e+01
6.550000000000000000e+01 6.820000000000000284e+01 6.684999999999999432e+01 1.518979319656212645e+01 1.257785976033962427e+01 8.105963280112211677e+00 1.195787207900465354e+01
6.800000000000000000e+01 6.760000000000000853e+01 6.780000000000001137e+01 1.199998396089650399e+01 1.437369835917419536e+01 9.928483718700032767e+00 1.210072201292357796e+01
6.560000000000000853e+01 6.500000000000000000e+01 6.530000000000001137e+01 1.599249403424559191e+01 1.133633530414857660e+01 5.367572305331873572e+00 1.089880054790867980e+01
5.779999999999999716e+01 6.460000000000000853e+01 6.120000000000000284e+01 1.352322688865242384e+01 1.435807260248891915e+01 3.930045696600540595e+01 2.239391881904891690e+01
6.690000000000000568e+01 6.870000000000000284e+01 6.780000000000001137e+01 1.298606081298751036e+01 1.394961171407312150e+01 1.582582275909252267e+01 1.425383176205105151e+01
6.670000000000000284e+01 6.529999999999999716e+01 6.600000000000000000e+01 1.210593934237703806e+01 1.422398055894138835e+01 7.210262169607660532e+00 1.118006069030869476e+01
6.560000000000000853e+01 6.690000000000000568e+01 6.625000000000000000e+01 1.389571310742504195e+01 1.265960135070235104e+01 9.201015741483558941e+00 1.191877673320365005e+01
6.629999999999999716e+01 6.810000000000000853e+01 6.720000000000000284e+01 1.111426446580725624e+01 1.288290420438928940e+01 1.203475565165374661e+01 1.201064144061676409e+01
6.350000000000000000e+01 6.950000000000000000e+01 6.650000000000000000e+01 1.022495182092783672e+01 1.316689810900454383e+01 7.936653951014919883e+00 1.044283462698243348e+01
6.009999999999999432e+01 7.000000000000000000e+01 6.504999999999999716e+01 1.000453806425697856e+01 1.406742147134357701e+01 3.848016766194713512e+01 2.085070906584923023e+01
6.540000000000000568e+01 6.730000000000001137e+01 6.635000000000000853e+01 1.227811420857611324e+01 1.306168718017810804e+01 6.647689323900962677e+00 1.066249690421839524e+01
6.750000000000000000e+01 6.889999999999999147e+01 6.819999999999998863e+01 1.322296722325992846e+01 1.243248755317390852e+01 1.039512533932172111e+01 1.201686003858518603e+01
5.829999999999999716e+01 6.730000000000001137e+01 6.280000000000000426e+01 1.300484515916872041e+01 1.283116371662622868e+01 4.493791206042012476e+01 2.359130697873835913e+01
5.769999999999999574e+01 6.790000000000000568e+01 6.279999999999999716e+01 1.298661285565824386e+01 1.092852251433132160e+01 3.242125594914146092e+01 1.877879710637700938e+01
5.869999999999999574e+01 7.079999999999999716e+01 6.475000000000000000e+01 1.496269914234462028e+01 1.335041982866195553e+01 3.371955683601559883e+01 2.067755860234072429e+01
6.320000000000000284e+01 6.720000000000000284e+01 6.520000000000000284e+01 1.398473477151389588e+01 1.453109671247947787e+01 3.788356110333672433e+01 2.213313086244336603e+01
6.939999999999999147e+01 6.540000000000000568e+01 6.740000000000000568e+01 1.181573115650847683e+01 1.306947231000531140e+01 1.104567510219164284e+01 1.197695952290180976e+01
6.889999999999999147e+01 6.400000000000000000e+01 6.644999999999998863e+01 1.187403205714962162e+01 1.205403977835304907e+01 1.014402678887874920e+01 1.135736620812713937e+01
6.629999999999999716e+01 6.710000000000000853e+01 6.670000000000000284e+01 1.283098023587197822e+01 1.525480287463017426e+01 7.872163386500528937e+00 1.198598216566755958e+01
6.679999999999999716e+01 6.790000000000000568e+01 6.734999999999999432e+01 1.177170043245288156e+01 1.330400497190134779e+01 1.231317053955045182e+01 1.246295864796822706e+01
6.170000000000000284e+01 6.679999999999999716e+01 6.425000000000000000e+01 1.549813185323392162e+01 1.704493487147208697e+01 4.273770668890824709e+01 2.509359113787141737e+01
6.000000000000000000e+01 6.790000000000000568e+01 6.395000000000000284e+01 1.293373532955922833e+01 1.252632641978160777e+01 3.650763494646845686e+01 2.065589889860309825e+01
5.709999999999999432e+01 7.200000000000000000e+01 6.454999999999999716e+01 1.528319789943968843e+01 1.222499686013361497e+01 3.034450573398900630e+01 1.928423349785410323e+01
6.870000000000000284e+01 6.870000000000000284e+01 6.870000000000000284e+01 1.171897464289757629e+01 1.929400840835670294e+01 1.343552993889703373e+01 1.481617099671710491e+01
6.629999999999999716e+01 6.760000000000000853e+01 6.695000000000000284e+01 1.128837516450491130e+01 1.292823515323406980e+01 7.140132932948183964e+00 1.045224775022905561e+01
6.100000000000000000e+01 6.770000000000000284e+01 6.434999999999999432e+01 1.187636515717089836e+01 1.392555922569881410e+01 4.062823009448543843e+01 2.214338482578505207e+01
6.919999999999998863e+01 6.560000000000000853e+01 6.740000000000000568e+01 1.387120057957717556e+01 1.235960636212282893e+01 1.001363950034288841e+01 1.208148214734763037e+01
7.000000000000000000e+01 6.409999999999999432e+01 6.704999999999999716e+01 1.508676442319489830e+01 1.531086459037163117e+01 2.465885386161509985e+01 1.835216095839387762e+01
6.529999999999999716e+01 6.800000000000000000e+01 6.665000000000000568e+01 1.789345174776989111e+01 1.413531256694565208e+01 1.282806676529816770e+01 1.495227702667123815e+01
6.750000000000000000e+01 6.600000000000000000e+01 6.675000000000000000e+01 1.181638525326876277e+01 1.282357058485414925e+01 7.258426246426810557e+00 1.063279402818324115e+01
6.679999999999999716e+01 6.670000000000000284e+01 6.675000000000000000e+01 1.376621324741463859e+01 1.275292602644444173e+01 1.302901129292945193e+01 1.318271685559617801e+01
6.460000000000000853e+01 6.770000000000000284e+01 6.615000000000000568e+01 1.451432364244731232e+01 1.388545550128304029e+01 8.550300899587782055e+00 1.231669334777271274e+01
6.720000000000000284e+01 5.659999999999999432e+01 6.189999999999999858e+01 1.672335754688596765e+01 1.191756075888619115e+01 8.219642682590849958e+00 1.228685366278767077e+01
6.830000000000001137e+01 6.840000000000000568e+01 6.835000000000000853e+01 1.126488484410449686e+01 1.375755959288619223e+01 1.008931383751970934e+01 1.170391942483679948e+01
6.710000000000000853e+01 6.870000000000000284e+01 6.790000000000000568e+01 1.396151572535888619e+01 1.102493891143104499e+01 1.080956833627652180e+01 1.193200765768881588e+01
6.560000000000000853e+01 6.640000000000000568e+01 6.600000000000000000e+01 1.355970628723290616e+01 1.306915204267795083e+01 9.963105536780314964e+00 1.219732128889705791e+01
