5.879999999999999716e+01 5.170000000000000284e+01 5.525000000000000000e+01 1.811705418651187571e+01 1.713993364501836325e+01 8.750319655551036746e+00 1.466910249569375857e+01
6.139999999999999858e+01 5.270000000000000284e+01 5.704999999999999716e+01 1.717632124742613442e+01 1.934908940256676146e+01 1.557757354290664509e+01 1.736766139763318151e+01
6.150000000000000000e+01 5.290000000000000568e+01 5.720000000000000284e+01 1.736543623002330250e+01 1.818514208248106101e+01 9.982938698308982950e+00 1.517783900360444882e+01
5.989999999999999858e+01 5.230000000000000426e+01 5.610000000000000142e+01 1.729950893977758852e+01 1.768069224111645354e+01 1.131713787508869729e+01 1.543244635199424586e+01
5.989999999999999858e+01 5.490000000000000568e+01 5.740000000000000568e+01 1.756204148822812883e+01 1.937890295441456345e+01 9.544908122159709407e+00 1.549528418826746723e+01
5.979999999999999716e+01 5.220000000000000284e+01 5.600000000000000000e+01 1.712120140301640703e+01 1.849658912576453318e+01 8.735246873404951984e+00 1.478434580072863191e+01
5.969999999999999574e+01 5.210000000000000142e+01 5.589999999999999858e+01 1.836045340045552976e+01 1.884678891936636802e+01 8.957735412873692127e+00 1.538832591089852997e+01
5.759999999999999432e+01 5.320000000000000284e+01 5.539999999999999858e+01 1.826207111386946735e+01 2.675156682325363633e+01 9.144733473715172423e+00 1.805279047027942596e+01
5.959999999999999432e+01 5.130000000000000426e+01 5.545000000000000284e+01 1.740623822611988203e+01 1.859168269645680027e+01 1.248159968834551492e+01 1.615984020364073004e+01
5.959999999999999432e+01 5.189999999999999858e+01 5.575000000000000000e+01 1.739714576715414296e+01 2.083589457125879463e+01 9.071357049301155939e+00 1.576813246257136392e+01
5.969999999999999574e+01 5.370000000000000284e+01 5.670000000000000284e+01 1.746446822956165335e+01 1.675185529254009253e+01 9.005580711757639634e+00 1.440730141128646125e+01
5.799999999999999289e+01 5.310000000000000142e+01 5.554999999999999716e+01 2.027578813775891931e+01 1.745399968512367295e+01 9.013690828901296470e+00 1.558115955059462898e+01
6.270000000000000284e+01 5.160000000000000142e+01 5.715000000000000568e+01 2.132968381172199202e+01 1.767711966237614973e+01 1.066405419016608569e+01 1.655695255475474070e+01
6.000000000000000000e+01 5.260000000000000142e+01 5.629999999999999716e+01 1.731708344501463515e+01 2.040300857458611006e+01 1.048650484897094159e+01 1.606886562285722775e+01
5.889999999999999858e+01 5.340000000000000568e+01 5.615000000000000568e+01 1.721473143361230740e+01 2.547320349139757312e+01 8.782409303261873745e+00 1.715678140942391749e+01
6.110000000000000142e+01 5.410000000000000142e+01 5.760000000000000142e+01 1.714470429551056085e+01 2.085560973460582801e+01 1.001401458477544715e+01 1.600477620496394238e+01
5.889999999999999858e+01 5.189999999999999858e+01 5.539999999999999858e+01 1.743520035416804248e+01 1.701081769446288661e+01 1.047582696048104722e+01 1.497394833637065936e+01
6.060000000000000142e+01 5.370000000000000284e+01 5.715000000000000568e+01 1.791153210312934263e+01 1.872486480643565798e+01 9.364599948045855271e+00 1.533366561920361981e+01
6.079999999999999716e+01 5.340000000000000568e+01 5.710000000000000142e+01 1.763776292096595455e+01 1.819772111774793899e+01 8.945788808231522893e+00 1.492709094898180489e+01
5.950000000000000000e+01 5.280000000000000426e+01 5.615000000000000568e+01 1.719577772479245681e+01 1.718480484072754777e+01 1.383782843167293208e+01 1.607280366573097652e+01
6.160000000000000142e+01 5.079999999999999716e+01 5.620000000000000284e+01 1.717253304473640796e+01 1.771016431961544768e+01 9.219762596479363026e+00 1.470081998694374015e+01
5.929999999999999716e+01 5.320000000000000284e+01 5.625000000000000000e+01 1.865193798667361591e+01 1.686838615424976950e+01 8.947786154361816457e+00 1.482270343176173277e+01
5.950000000000000000e+01 5.200000000000000000e+01 5.575000000000000000e+01 1.871609625249537956e+01 1.724217919499120200e+01 1.228947050044425993e+01 1.608258198264361383e+01
6.100000000000000000e+01 5.130000000000000426e+01 5.615000000000000568e+01 1.713578205651200648e+01 1.987663923325102289e+01 8.791269525853387279e+00 1.526789693853880436e+01
5.929999999999999716e+01 5.150000000000000000e+01 5.539999999999999858e+01 1.724142949307218942e+01 2.318377505550187223e+01 1.209259080882557846e+01 1.750593178579987708e+01
5.789999999999999858e+01 5.330000000000000426e+01 5.560000000000000142e+01 1.767053034777424259e+01 1.990207736733462696e+01 9.191971116502799077e+00 1.558819294387055798e+01
5.950000000000000000e+01 5.189999999999999858e+01 5.570000000000000284e+01 1.779620747080181076e+01 1.723364668879547068e+01 1.045167345724979135e+01 1.516050920561568915e+01
5.889999999999999858e+01 5.160000000000000142e+01 5.525000000000000000e+01 1.770621032832325881e+01 1.668568460467180969e+01 1.751752858529427570e+01 1.730314117276311592e+01
5.909999999999999432e+01 5.310000000000000142e+01 5.609999999999999432e+01 1.729720114676493026e+01 1.666261205464236994e+01 9.804937903746701267e+00 1.458825036838466893e+01
5.850000000000000000e+01 5.210000000000000142e+01 5.529999999999999716e+01 1.712965541366181910e+01 1.751748837242320533e+01 8.807760798219742782e+00 1.448496819476825692e+01
5.979999999999999716e+01 5.400000000000000000e+01 5.689999999999999858e+01 1.793874625864709316e+01 1.698801667796767845e+01 9.210654620746669963e+00 1.471247251912048171e+01
5.969999999999999574e+01 5.150000000000000000e+01 5.559999999999999432e+01 1.789760348722045435e+01 1.695618609724372305e+01 8.748048203901904074e+00 1.453394592945536168e+01
6.310000000000000142e+01 5.270000000000000284e+01 5.790000000000000568e+01 1.749492601067928632e+01 1.971349630603950942e+01 9.384552225221156618e+00 1.553099151397998412e+01
6.210000000000000142e+01 5.330000000000000426e+01 5.770000000000000284e+01 1.712793560601308940e+01 1.822967771133992443e+01 9.063607924955270789e+00 1.480707374743609428e+01
5.839999999999999858e+01 5.200000000000000000e+01 5.520000000000000284e+01 1.771933058652930271e+01 1.682778763009486056e+01 1.419261916434397008e+01 1.624657912698937778e+01
6.019999999999999574e+01 5.340000000000000568e+01 5.679999999999999716e+01 1.719937924375398453e+01 2.069471155472849944e+01 1.250741127634640826e+01 1.680050069160963133e+01
6.050000000000000000e+01 5.300000000000000000e+01 5.675000000000000000e+01 1.857317358882394132e+01 1.848854789306129476e+01 9.604247733775217455e+00 1.555532307188681784e+01
6.160000000000000142e+01 5.340000000000000568e+01 5.750000000000000000e+01 1.770423798425494866e+01 1.702090749281951076e+01 1.072852648424010447e+01 1.515122398710485641e+01
6.069999999999999574e+01 5.420000000000000284e+01 5.745000000000000284e+01 1.717315099440679305e+01 1.991038041530234892e+01 1.019984246318621679e+01 1.576112462429845174e+01
6.079999999999999716e+01 5.410000000000000142e+01 5.745000000000000284e+01 1.739321593666658927e+01 1.666587932433496277e+01 1.134829436654644574e+01 1.513579654251599926e+01
5.979999999999999716e+01 5.260000000000000142e+01 5.620000000000000284e+01 1.752606160192724261e+01 1.859838776997809973e+01 9.287471681634809073e+00 1.513730701784671773e+01
6.029999999999999716e+01 5.280000000000000426e+01 5.654999999999999716e+01 1.721203077493259670e+01 2.593303202555369325e+01 9.138917504143392989e+00 1.742799343487655861e+01
5.979999999999999716e+01 5.390000000000000568e+01 5.685000000000000142e+01 1.719742104930718796e+01 1.832137836176764623e+01 8.746520856476285743e+00 1.475510675585037568e+01
5.950000000000000000e+01 5.240000000000000568e+01 5.595000000000000284e+01 1.726051140568260678e+01 1.797714871632795308e+01 9.303585769799264327e+00 1.484708196393660806e+01
5.950000000000000000e+01 5.170000000000000284e+01 5.560000000000000142e+01 1.720628660548916855e+01 2.035750301414428876e+01 8.759830203997914566e+00 1.544120660787712218e+01
5.889999999999999858e+01 5.320000000000000284e+01 5.604999999999999716e+01 1.712913834622309750e+01 1.802840541774975591e+01 1.060404504753656063e+01 1.525386293716980468e+01
6.210000000000000142e+01 5.280000000000000426e+01 5.745000000000000284e+01 1.939762980454561614e+01 1.981877598816384989e+01 1.206645259432378303e+01 1.709428612901108480e+01
5.979999999999999716e+01 5.240000000000000568e+01 5.610000000000000142e+01 2.087148485424955879e+01 1.667877499074803893e+01 1.188019491191601062e+01 1.647681825230453612e+01
6.079999999999999716e+01 5.320000000000000284e+01 5.700000000000000000e+01 1.720646740233154759e+01 1.825109407370172576e+01 1.074790921709807634e+01 1.540182356437711775e+01
6.000000000000000000e+01 5.060000000000000142e+01 5.529999999999999716e+01 1.768678209519227806e+01 1.681791087246160998e+01 1.145693249180451545e+01 1.532054181981946783e+01
5.839999999999999858e+01 5.390000000000000568e+01 5.615000000000000568e+01 1.723265079340017181e+01 1.741881455433357573e+01 9.248160846263003165e+00 1.463320873133225142e+01
6.069999999999999574e+01 5.270000000000000284e+01 5.670000000000000284e+01 1.824443060270434458e+01 1.860415668271318168e+01 8.772169071179670041e+00 1.520691878553239640e+01
6.150000000000000000e+01 5.260000000000000142e+01 5.704999999999999716e+01 1.727785867366035788e+01 1.677898362699917811e+01 9.732489324816379295e+00 1.459644387515863961e+01
6.119999999999999574e+01 5.350000000000000000e+01 5.734999999999999432e+01 1.719272281102073663e+01 1.809952335564204162e+01 8.737992676259418445e+00 1.467674628097406497e+01
6.119999999999999574e+01 5.290000000000000568e+01 5.704999999999999716e+01 1.784005372712979209e+01 2.350894162082287409e+01 9.099615107965917105e+00 1.681620348530619324e+01
5.979999999999999716e+01 5.230000000000000426e+01 5.604999999999999716e+01 1.713389051886003500e+01 1.858774544385606120e+01 1.081127220838106950e+01 1.551096939036572131e+01
6.000000000000000000e+01 5.370000000000000284e+01 5.685000000000000142e+01 1.734035529989477808e+01 1.734968635411321003e+01 9.301274992599086744e+00 1.466377221553569221e+01
5.879999999999999716e+01 5.120000000000000284e+01 5.500000000000000000e+01 1.735522001677565029e+01 1.692237353234213515e+01 8.764286116161427387e+00 1.434729322175973643e+01
5.889999999999999858e+01 5.310000000000000142e+01 5.600000000000000000e+01 1.711944584773243605e+01 1.736744684876300582e+01 8.743391075212295860e+00 1.441009459056924591e+01
6.029999999999999716e+01 5.189999999999999858e+01 5.609999999999999432e+01 1.711705231760693380e+01 1.741016412265248903e+01 1.357902538416751526e+01 1.603541394147564603e+01
6.060000000000000142e+01 5.330000000000000426e+01 5.695000000000000284e+01 1.755541400898594517e+01 1.686137563089817348e+01 1.307964784007513970e+01 1.583214582665308434e+01
5.669999999999999574e+01 5.380000000000000426e+01 5.525000000000000000e+01 1.717157770522021565e+01 1.666360102560016543e+01 1.145215895171441822e+01 1.509577922751159917e+01
6.060000000000000142e+01 5.160000000000000142e+01 5.610000000000000142e+01 1.718069590702733507e+01 1.747764163904354717e+01 1.111049666175953909e+01 1.525627806927680830e+01
6.039999999999999858e+01 5.250000000000000000e+01 5.645000000000000284e+01 1.723578135684351409e+01 1.757330973441229816e+01 1.404421422943788222e+01 1.628443510689789875e+01
6.200000000000000000e+01 5.340000000000000568e+01 5.770000000000000284e+01 1.715892005124072739e+01 1.673356283998049676e+01 9.612192351221061415e+00 1.450155841414742675e+01
5.900000000000000000e+01 5.250000000000000000e+01 5.575000000000000000e+01 1.766997838812558896e+01 1.676442695049796328e+01 8.859795622452628194e+00 1.443140032035872622e+01
6.119999999999999574e+01 5.350000000000000000e+01 5.734999999999999432e+01 1.763566247140654397e+01 1.675357474185762641e+01 8.742190423185505210e+00 1.437714254548322401e+01
5.869999999999999574e+01 5.380000000000000426e+01 5.625000000000000000e+01 1.719507262618706989e+01 1.723711066671456038e+01 8.780556059067578190e+00 1.440424645065640163e+01
5.989999999999999858e+01 5.370000000000000284e+01 5.679999999999999716e+01 1.712743716994358678e+01 1.683943597332536868e+01 8.902168605425520909e+00 1.428968058289815879e+01
6.129999999999999716e+01 5.440000000000000568e+01 5.785000000000000142e+01 2.112261261261069833e+01 1.666454545464715764e+01 1.008221111702910733e+01 1.595645639476232169e+01
6.050000000000000000e+01 5.360000000000000142e+01 5.704999999999999716e+01 1.722320704567600913e+01 1.666967581576847834e+01 1.116979421986965093e+01 1.502089236043804732e+01
6.000000000000000000e+01 5.490000000000000568e+01 5.745000000000000284e+01 1.786559921797357475e+01 1.669992962202256237e+01 8.771778955319566862e+00 1.444576926510523407e+01
6.079999999999999716e+01 5.189999999999999858e+01 5.634999999999999432e+01 1.733014588627393593e+01 1.903122609206174687e+01 1.044592398396077471e+01 1.560243198743215309e+01
6.089999999999999858e+01 5.150000000000000000e+01 5.620000000000000284e+01 1.739393749602465533e+01 1.768199362836271860e+01 1.133338771753518337e+01 1.546977294730751851e+01
6.119999999999999574e+01 5.210000000000000142e+01 5.664999999999999858e+01 1.801235926048733305e+01 2.445536525054754762e+01 8.741944826911394628e+00 1.706988977931542451e+01
6.069999999999999574e+01 5.210000000000000142e+01 5.639999999999999858e+01 1.854971882591799570e+01 1.840918660328412315e+01 9.847560296891225917e+00 1.560215524203111492e+01
6.100000000000000000e+01 5.189999999999999858e+01 5.645000000000000284e+01 1.765861279341378776e+01 1.783724654286075051e+01 9.081784563377892638e+00 1.485921463321747638e+01
6.089999999999999858e+01 5.060000000000000142e+01 5.575000000000000000e+01 1.726758555651253957e+01 1.841769023077015888e+01 9.057633090292780409e+00 1.491430295919182747e+01
6.089999999999999858e+01 5.340000000000000568e+01 5.715000000000000568e+01 1.728990238242881361e+01 1.814042700404773711e+01 9.280214980197873942e+00 1.490351478889147607e+01
6.060000000000000142e+01 5.350000000000000000e+01 5.704999999999999716e+01 1.721639362575324128e+01 1.953092822207723955e+01 8.734201454242244367e+00 1.516050776735757388e+01
6.019999999999999574e+01 5.330000000000000426e+01 5.675000000000000000e+01 1.751225758742018357e+01 1.678895121083822772e+01 1.328143471319396518e+01 1.586088117048412727e+01
6.089999999999999858e+01 5.300000000000000000e+01 5.695000000000000284e+01 1.757119705303520263e+01 2.071053215344540277e+01 1.143685225433844366e+01 1.657286048693968539e+01
6.009999999999999432e+01 5.420000000000000284e+01 5.714999999999999858e+01 1.796811399301238765e+01 1.874380958835456568e+01 8.759032709329844124e+00 1.515698543023226641e+01
5.929999999999999716e+01 5.250000000000000000e+01 5.589999999999999858e+01 1.921672967329967108e+01 1.773378836682976001e+01 9.552525184731864627e+00 1.550101440828709798e+01
5.989999999999999858e+01 5.270000000000000284e+01 5.629999999999999716e+01 1.775364759235959156e+01 2.044018840400375225e+01 8.750244388235991266e+00 1.564802679486644621e+01
6.210000000000000142e+01 5.250000000000000000e+01 5.729999999999999716e+01 1.729697589626842813e+01 1.975001421105218924e+01 9.390425137335164152e+00 1.547913841488526110e+01
6.060000000000000142e+01 5.320000000000000284e+01 5.690000000000000568e+01 1.735740506727160692e+01 1.694964935144036033e+01 1.146995566825294155e+01 1.525900336232163745e+01
6.000000000000000000e+01 5.160000000000000142e+01 5.579999999999999716e+01 1.721608647962108662e+01 1.674637375466285150e+01 8.979804043064582686e+00 1.431408809244950753e+01
6.170000000000000284e+01 5.510000000000000142e+01 5.840000000000000568e+01 2.230487301169335979e+01 1.673647245551896745e+01 9.428798874163776489e+00 1.615671478045869947e+01
6.089999999999999858e+01 5.420000000000000284e+01 5.754999999999999716e+01 1.721144092744779996e+01 2.128635105737904709e+01 8.852641513744012869e+00 1.578347783285695272e+01
5.979999999999999716e+01 5.460000000000000142e+01 5.720000000000000284e+01 1.808906564048407617e+01 1.969648632443018599e+01 8.828299517635022298e+00 1.553795049418309482e+01
6.079999999999999716e+01 5.470000000000000284e+01 5.775000000000000000e+01 1.809230987447775263e+01 2.149743909009731624e+01 1.057243191474555388e+01 1.672072695977353973e+01
6.019999999999999574e+01 5.300000000000000000e+01 5.659999999999999432e+01 1.730467901052453072e+01 2.024558910077517382e+01 9.680156242451806392e+00 1.574347478458383698e+01
5.909999999999999432e+01 5.390000000000000568e+01 5.650000000000000000e+01 1.875346823907025140e+01 1.682674906154838723e+01 1.085604515018208538e+01 1.547875415026690860e+01
6.009999999999999432e+01 5.220000000000000284e+01 5.614999999999999858e+01 1.712315122764719177e+01 2.361288781654617708e+01 1.573680155989914375e+01 1.882428020136417146e+01
5.989999999999999858e+01 5.280000000000000426e+01 5.635000000000000142e+01 1.764096825310149086e+01 1.694434892370509260e+01 8.793281487551540820e+00 1.445953288811937476e+01
5.900000000000000000e+01 5.390000000000000568e+01 5.645000000000000284e+01 1.731538246434248762e+01 1.919692288695060256e+01 8.991207921070463627e+00 1.516783775745451912e+01
6.069999999999999574e+01 5.270000000000000284e+01 5.670000000000000284e+01 1.922856414289619309e+01 1.687874236999557098e+01 8.878024167269185085e+00 1.499511022672031935e+01
6.200000000000000000e+01 5.350000000000000000e+01 5.775000000000000000e+01 1.714175551245547524e+01 1.711150940997628567e+01 1.119461381317915283e+01 1.514929291187030458e+01
6.019999999999999574e+01 5.170000000000000284e+01 5.595000000000000284e+01 1.798409230078131671e+01 1.786919236890246054e+01 9.307898211315032810e+00 1.505372762699960276e+01
