6.850000000000000000e+01 6.950000000000000000e+01 6.900000000000000000e+01 1.300949650305973293e+01 1.148724967667464725e+01 5.267221769726321945e+00 9.921322649820234929e+00
6.830000000000001137e+01 6.950000000000000000e+01 6.890000000000000568e+01 1.277688572635920750e+01 1.368131260980414154e+01 5.289206820515238050e+00 1.058246838555952962e+01
6.870000000000000284e+01 6.979999999999999716e+01 6.925000000000000000e+01 1.505534099181152463e+01 1.112713474171360062e+01 8.793571909033454759e+00 1.165868254751952549e+01
6.810000000000000853e+01 7.000000000000000000e+01 6.905000000000001137e+01 1.127322440680846682e+01 1.163278605995369119e+01 1.040907123354327624e+01 1.110502723343514475e+01
6.820000000000000284e+01 6.929999999999999716e+01 6.875000000000000000e+01 1.059884605154392112e+01 1.162051891927727532e+01 5.738079086975310439e+00 9.319148019265503180e+00
6.860000000000000853e+01 6.939999999999999147e+01 6.900000000000000000e+01 1.382789952318627158e+01 1.176025375215220947e+01 5.628420340754483497e+00 1.040552453869765515e+01
6.760000000000000853e+01 7.039999999999999147e+01 6.900000000000000000e+01 1.089140047230741182e+01 1.112268478521131776e+01 7.641590465616185490e+00 9.885225241044972577e+00
6.800000000000000000e+01 7.050000000000000000e+01 6.925000000000000000e+01 1.115708903017952558e+01 1.740482332304955548e+01 5.226275054224936767e+00 1.126272913581800594e+01
6.840000000000000568e+01 6.979999999999999716e+01 6.909999999999999432e+01 1.098004735538607868e+01 1.106357003070162470e+01 9.779168561414042671e+00 1.060759531583391535e+01
6.740000000000000568e+01 6.770000000000000284e+01 6.755000000000001137e+01 1.238167327761151348e+01 1.102834480069839174e+01 5.224627773078214688e+00 9.544881950462706044e+00
6.929999999999999716e+01 7.079999999999999716e+01 7.004999999999999716e+01 1.060103398995695123e+01 1.105481200608639369e+01 5.327164195874601660e+00 8.994336730639316713e+00
6.780000000000001137e+01 6.939999999999999147e+01 6.859999999999999432e+01 1.062157730606350015e+01 1.225849639425730864e+01 9.676782383064857385e+00 1.085228536112855657e+01
6.790000000000000568e+01 6.830000000000001137e+01 6.810000000000000853e+01 1.092189647834711685e+01 1.168138922168961358e+01 5.599722010522131477e+00 9.401002570186287599e+00
6.670000000000000284e+01 6.969999999999998863e+01 6.819999999999998863e+01 1.076316410984239802e+01 1.102918319748483711e+01 6.621644883194909070e+00 9.471330730174047474e+00
6.710000000000000853e+01 6.830000000000001137e+01 6.770000000000001705e+01 1.370403643550514339e+01 1.104936087609786277e+01 6.205350571686159000e+00 1.031958262776305446e+01
6.790000000000000568e+01 6.950000000000000000e+01 6.870000000000000284e+01 1.091003665474536710e+01 1.366845178332040334e+01 5.330847132369602726e+00 9.969778523478456833e+00
6.679999999999999716e+01 6.800000000000000000e+01 6.740000000000000568e+01 1.183451320168366649e+01 1.257878421749812325e+01 1.082099178956642760e+01 1.174476306958273852e+01
6.820000000000000284e+01 6.919999999999998863e+01 6.869999999999998863e+01 1.187366512166115129e+01 1.286931171012203912e+01 9.076242702038221921e+00 1.127307317794046959e+01
6.740000000000000568e+01 6.919999999999998863e+01 6.829999999999999716e+01 1.062127303372344223e+01 1.142644795745783348e+01 7.633848023518989834e+00 9.893856338233421255e+00
6.889999999999999147e+01 6.889999999999999147e+01 6.889999999999999147e+01 1.065191541470692549e+01 1.126315066164571199e+01 6.805591012843370535e+00 9.573552363065337190e+00
6.909999999999999432e+01 7.000000000000000000e+01 6.954999999999999716e+01 1.249484930352310386e+01 1.428011618606281274e+01 7.213737867353699151e+00 1.132956778564653888e+01
6.800000000000000000e+01 6.860000000000000853e+01 6.830000000000001137e+01 1.063510792454722065e+01 1.484476477577899090e+01 6.375820205668973450e+00 1.061856430199839529e+01
6.900000000000000000e+01 7.000000000000000000e+01 6.950000000000000000e+01 1.106904791510092068e+01 1.103318247378649097e+01 5.726281999372938358e+00 9.276170796086782744e+00
6.919999999999998863e+01 6.870000000000000284e+01 6.894999999999998863e+01 1.067333466553744437e+01 1.102999257887104712e+01 8.257845568279250870e+00 9.987057604229248042e+00
6.860000000000000853e+01 6.989999999999999147e+01 6.925000000000000000e+01 1.317644069038270160e+01 1.311616348720659531e+01 8.354930791198093232e+00 1.154917832292913005e+01
6.770000000000000284e+01 6.929999999999999716e+01 6.850000000000000000e+01 1.063831948835033891e+01 1.286973996518302243e+01 5.551748842061924982e+00 9.686602765198429665e+00
6.750000000000000000e+01 6.979999999999999716e+01 6.865000000000000568e+01 1.210890692490539067e+01 1.147812681941204005e+01 5.237630782026627685e+00 9.608221508781353393e+00
6.760000000000000853e+01 6.889999999999999147e+01 6.825000000000000000e+01 1.173123432841412139e+01 1.234054752708492053e+01 8.567363660809979464e+00 1.087971517210300654e+01
6.870000000000000284e+01 6.830000000000001137e+01 6.850000000000000000e+01 1.109542881949702675e+01 1.191286425080217626e+01 1.052537653766417769e+01 1.117788986932112749e+01
6.830000000000001137e+01 6.989999999999999147e+01 6.909999999999999432e+01 1.130694277771768874e+01 1.211996861589615726e+01 6.593601042601009432e+00 1.000683747873828544e+01
6.750000000000000000e+01 6.909999999999999432e+01 6.829999999999999716e+01 1.073798718318738743e+01 1.131206917754738939e+01 5.401885910038854988e+00 9.150647423591211194e+00
6.670000000000000284e+01 6.950000000000000000e+01 6.809999999999999432e+01 1.185038587833233059e+01 1.385349335629679501e+01 9.299851732011541472e+00 1.166791032221355628e+01
6.770000000000000284e+01 6.850000000000000000e+01 6.809999999999999432e+01 1.147092700477791105e+01 1.110409004586893822e+01 6.952574442591904713e+00 9.842530497746251328e+00
6.780000000000001137e+01 6.900000000000000000e+01 6.840000000000000568e+01 1.092714066178617571e+01 1.123175558377263350e+01 5.295038751097895791e+00 9.151311665552233521e+00
6.750000000000000000e+01 6.860000000000000853e+01 6.805000000000001137e+01 1.092338867813514014e+01 1.245678104117561524e+01 5.225881896645883096e+00 9.535350538652213714e+00
6.760000000000000853e+01 6.830000000000001137e+01 6.795000000000001705e+01 1.178626686532787105e+01 1.116680161220276801e+01 5.744790484872878800e+00 9.565952987467840174e+00
6.820000000000000284e+01 6.750000000000000000e+01 6.784999999999999432e+01 1.070593573857670577e+01 1.104421771071680602e+01 1.126541563804231494e+01 1.100518969577860950e+01
6.720000000000000284e+01 6.950000000000000000e+01 6.834999999999999432e+01 1.259276550015808738e+01 1.135481146453338575e+01 8.653552712393295820e+00 1.086704322569492298e+01
6.820000000000000284e+01 6.919999999999998863e+01 6.869999999999998863e+01 1.415506523322694932e+01 1.158919195170567562e+01 1.238847382843730571e+01 1.271091033778997748e+01
6.820000000000000284e+01 6.870000000000000284e+01 6.845000000000000284e+01 1.264402750706532430e+01 1.152800520534113460e+01 8.021085156652830506e+00 1.073103928968643039e+01
6.840000000000000568e+01 6.900000000000000000e+01 6.870000000000000284e+01 1.059788341580042825e+01 1.171075511045998852e+01 6.900563321665277527e+00 9.736400615975231432e+00
6.790000000000000568e+01 6.959999999999999432e+01 6.875000000000000000e+01 1.891994916795985660e+01 1.610183135222633766e+01 5.893862335163893462e+00 1.363854761845003161e+01
6.730000000000001137e+01 7.029999999999999716e+01 6.880000000000001137e+01 1.060575043603880552e+01 1.101627071934097657e+01 6.295643705040730786e+00 9.305888286806839105e+00
6.870000000000000284e+01 6.909999999999999432e+01 6.890000000000000568e+01 1.074933465027837620e+01 1.527622319113131155e+01 1.114158851099178804e+01 1.238904878413382527e+01
6.780000000000001137e+01 6.889999999999999147e+01 6.834999999999999432e+01 1.143962454320595867e+01 1.572945596031976656e+01 1.333524751317381707e+01 1.350144267223318195e+01
6.780000000000001137e+01 7.000000000000000000e+01 6.890000000000000568e+01 1.302534769392290137e+01 1.113389253194734785e+01 7.884683091598826188e+00 1.068130777248969032e+01
6.939999999999999147e+01 6.939999999999999147e+01 6.939999999999999147e+01 1.078661370315486323e+01 1.103979872937231299e+01 5.276696885230587775e+00 9.034369772585922220e+00
6.919999999999998863e+01 6.929999999999999716e+01 6.925000000000000000e+01 1.062440556659179158e+01 1.210560210562205086e+01 5.329555004562649856e+00 9.353187558925498024e+00
6.810000000000000853e+01 6.959999999999999432e+01 6.884999999999999432e+01 1.251439456718170540e+01 1.184231754048197871e+01 1.064106152623029367e+01 1.166592454463132533e+01
6.889999999999999147e+01 6.950000000000000000e+01 6.919999999999998863e+01 1.342409102363932050e+01 1.101729421794291142e+01 5.259521107856858890e+00 9.900302116479696934e+00
6.860000000000000853e+01 6.919999999999998863e+01 6.890000000000000568e+01 1.623807757363152504e+01 1.101134440474714538e+01 1.613981862417167434e+01 1.446308020085011492e+01
6.929999999999999716e+01 6.690000000000000568e+01 6.809999999999999432e+01 1.079962718934071653e+01 1.104397872117284685e+01 5.479103790089326687e+00 9.107569900200962465e+00
6.800000000000000000e+01 6.780000000000001137e+01 6.790000000000000568e+01 1.088265815708688500e+01 1.184565308732956446e+01 7.878240403390569746e+00 1.020218388260233944e+01
6.860000000000000853e+01 6.979999999999999716e+01 6.920000000000000284e+01 1.323166429576348690e+01 1.550473208566846317e+01 9.507634904477631821e+00 1.274801042863652789e+01
6.660000000000000853e+01 7.019999999999998863e+01 6.840000000000000568e+01 1.059945533377836213e+01 1.108528920515476024e+01 7.344001961761683184e+00 9.676248833564935481e+00
6.760000000000000853e+01 6.830000000000001137e+01 6.795000000000001705e+01 1.176331470118566891e+01 1.136059772098166221e+01 8.868520157862068487e+00 1.066414419334313202e+01
6.780000000000001137e+01 6.820000000000000284e+01 6.800000000000000000e+01 1.200349065261188741e+01 1.241582963899879744e+01 6.370543356384147593e+00 1.026328788266494385e+01
6.780000000000001137e+01 6.850000000000000000e+01 6.815000000000000568e+01 1.059748305896441245e+01 1.197777680933689304e+01 5.299999558824374013e+00 9.291753142375226204e+00
7.150000000000000000e+01 6.969999999999998863e+01 7.059999999999999432e+01 1.060103687058919775e+01 1.562607974328970784e+01 5.241048565531255754e+00 1.048938839313671956e+01
6.850000000000000000e+01 6.840000000000000568e+01 6.845000000000000284e+01 1.191811495406136601e+01 1.343945546286855475e+01 5.817969879646995857e+00 1.039184676552563857e+01
6.790000000000000568e+01 6.889999999999999147e+01 6.840000000000000568e+01 1.075567778674737873e+01 1.119209297580036377e+01 6.545521915302320082e+00 9.497764225950019679e+00
6.750000000000000000e+01 6.870000000000000284e+01 6.809999999999999432e+01 1.123962850318350348e+01 1.656321352765001009e+01 5.679883519678893045e+00 1.116090851683746799e+01
6.909999999999999432e+01 6.860000000000000853e+01 6.884999999999999432e+01 1.751465677308538815e+01 1.204610345809789784e+01 9.107046137224267923e+00 1.288926878946918464e+01
6.870000000000000284e+01 7.070000000000000284e+01 6.970000000000000284e+01 1.308214033225822703e+01 1.246494617141751426e+01 5.549945528253195981e+00 1.036567734397631391e+01
6.740000000000000568e+01 6.889999999999999147e+01 6.815000000000000568e+01 1.338546902471147959e+01 1.144500831831349785e+01 6.815733424975321419e+00 1.054873692266676599e+01
6.820000000000000284e+01 6.900000000000000000e+01 6.859999999999999432e+01 1.265825739377655701e+01 1.107159621172311503e+01 6.062160393214120369e+00 9.930671332904596582e+00
6.720000000000000284e+01 7.019999999999998863e+01 6.869999999999998863e+01 1.067989816497783373e+01 1.189106076704518600e+01 6.374050570905550828e+00 9.648336500976190777e+00
6.730000000000001137e+01 6.810000000000000853e+01 6.770000000000001705e+01 1.070484915239121548e+01 1.113032703295517223e+01 5.237161928432936264e+00 9.024112704593107992e+00
6.770000000000000284e+01 6.919999999999998863e+01 6.844999999999998863e+01 1.149221222314738355e+01 1.314245391405203556e+01 8.235694791195477649e+00 1.095678697613163166e+01
6.629999999999999716e+01 6.879999999999999716e+01 6.754999999999999716e+01 1.235500909032955263e+01 1.104992454584754036e+01 7.045117646173854276e+00 1.015001709411698094e+01
6.870000000000000284e+01 6.820000000000000284e+01 6.845000000000000284e+01 1.461071671633719049e+01 1.194730244277334386e+01 6.736530916570727889e+00 1.109818335856042104e+01
6.860000000000000853e+01 6.900000000000000000e+01 6.880000000000001137e+01 1.172236887082333467e+01 1.115118754651297017e+01 5.247698804497018088e+00 9.373751740611107053e+00
6.650000000000000000e+01 6.900000000000000000e+01 6.775000000000000000e+01 1.063034998920647922e+01 1.143207347648857919e+01 5.280101407715621420e+00 9.114174957803561128e+00
6.879999999999999716e+01 6.989999999999999147e+01 6.934999999999999432e+01 1.541311946139798295e+01 1.141508450422322518e+01 5.243893573732135494e+00 1.069069917978444728e+01
6.969999999999998863e+01 6.889999999999999147e+01 6.929999999999998295e+01 1.060851841178414823e+01 1.147809383117188275e+01 1.230677876042823549e+01 1.146446366779475490e+01
6.790000000000000568e+01 6.979999999999999716e+01 6.884999999999999432e+01 1.622945429495467451e+01 1.111120597993324033e+01 7.782046158117824852e+00 1.170756881100191293e+01
6.720000000000000284e+01 6.929999999999999716e+01 6.825000000000000000e+01 1.156789862755667286e+01 1.222770906537814639e+01 5.270200821339510178e+00 9.688602838091442848e+00
6.830000000000001137e+01 7.029999999999999716e+01 6.930000000000001137e+01 1.374137280158302055e+01 1.219071551608199577e+01 1.103194996104963721e+01 1.232134609290488392e+01
6.670000000000000284e+01 6.889999999999999147e+01 6.779999999999999716e+01 1.059750574293977365e+01 1.124691081138526982e+01 5.243491050220806748e+00 9.029302534848616446e+00
6.780000000000001137e+01 6.840000000000000568e+01 6.810000000000000853e+01 1.332898901952882298e+01 1.374679617114313324e+01 5.881089900707224594e+00 1.098562503045972782e+01
6.810000000000000853e+01 7.050000000000000000e+01 6.930000000000001137e+01 1.131823854854512312e+01 1.175703836072958097e+01 5.282710554810992498e+00 9.452662488028567012e+00
6.780000000000001137e+01 6.919999999999998863e+01 6.850000000000000000e+01 1.098289495769168767e+01 1.108331368067290690e+01 8.792918421482800895e+00 1.028637568661579849e+01
6.710000000000000853e+01 6.660000000000000853e+01 6.685000000000000853e+01 1.278262028316772358e+01 1.120589641452820295e+01 5.337732407560684678e+00 9.775416368418872182e+00
6.750000000000000000e+01 7.009999999999999432e+01 6.879999999999999716e+01 1.073938781930044861e+01 1.107020315824111378e+01 5.245418880901421943e+00 9.018336619480994187e+00
6.909999999999999432e+01 7.000000000000000000e+01 6.954999999999999716e+01 1.120688224477981798e+01 1.108639467697736336e+01 5.726544955240616908e+00 9.339940625665933638e+00
6.879999999999999716e+01 6.979999999999999716e+01 6.929999999999999716e+01 1.250870304694535484e+01 1.110540264298024482e+01 5.284397363624006694e+00 9.632834351183202415e+00
6.830000000000001137e+01 6.969999999999998863e+01 6.900000000000000000e+01 1.114453578586908655e+01 1.276900926853235063e+01 5.756558138503323541e+00 9.890034397634920538e+00
6.820000000000000284e+01 6.919999999999998863e+01 6.869999999999998863e+01 1.087428263114643912e+01 1.145930888463460384e+01 1.368168804620544776e+01 1.200509318732883024e+01
6.950000000000000000e+01 6.929999999999999716e+01 6.940000000000000568e+01 1.235441370803836492e+01 1.106866422311634324e+01 5.237681934688705354e+00 9.553586621947804502e+00
6.740000000000000568e+01 6.929999999999999716e+01 6.834999999999999432e+01 1.493752057444870474e+01 1.454795312457892109e+01 5.224206113912255312e+00 1.156989327097996068e+01
6.900000000000000000e+01 6.889999999999999147e+01 6.894999999999998863e+01 1.062090854451127697e+01 1.101858023402485998e+01 5.649187184853767363e+00 9.096225321129969288e+00
6.860000000000000853e+01 7.029999999999999716e+01 6.945000000000000284e+01 1.060967909243263030e+01 1.124906575933810338e+01 7.344164172088377462e+00 9.734303007953036158e+00
6.879999999999999716e+01 6.900000000000000000e+01 6.890000000000000568e+01 1.089354380616873286e+01 1.143163113701131905e+01 6.682935189751063376e+00 9.669370044310371171e+00
6.650000000000000000e+01 6.939999999999999147e+01 6.794999999999998863e+01 1.060500146280763190e+01 1.125290743033643182e+01 6.226356147233969907e+00 9.361421680126012390e+00
6.679999999999999716e+01 6.870000000000000284e+01 6.775000000000000000e+01 1.090566452334209835e+01 1.154291401202562994e+01 5.350934232363112386e+00 9.266504255910280818e+00
6.830000000000001137e+01 6.870000000000000284e+01 6.850000000000000000e+01 1.136939871093282228e+01 1.179820353797828858e+01 1.325662006023654627e+01 1.214140743638255060e+01
6.780000000000001137e+01 6.909999999999999432e+01 6.845000000000000284e+01 1.071979611893115525e+01 1.221963075439700042e+01 5.867257281210750186e+00 9.602228051512968321e+00
6.919999999999998863e+01 6.900000000000000000e+01 6.909999999999999432e+01 1.068041448616254741e+01 1.115307812465425208e+01 5.274590262373373584e+00 9.036027624396723468e+00
6.860000000000000853e+01 6.879999999999999716e+01 6.870000000000000284e+01 1.068056853330281264e+01 1.101042491997020534e+01 9.041438484299604283e+00 1.024414397919087349e+01
6.800000000000000000e+01 7.070000000000000284e+01 6.934999999999999432e+01 1.127076071448376204e+01 1.103720458007509464e+01 5.639297415715889272e+00 9.315754236758246876e+00
