6.830000000000001137e+01 6.529999999999999716e+01 6.680000000000001137e+01 1.124930964397884381e+01 1.364629654362508404e+01 7.748155643388375147e+00 1.088125394366410070e+01
6.969999999999998863e+01 6.279999999999999716e+01 6.625000000000000000e+01 1.254078594194286644e+01 1.455894855453091985e+01 8.368430023681293406e+00 1.182272150671835931e+01
6.510000000000000853e+01 6.450000000000000000e+01 6.480000000000001137e+01 1.331027146285544127e+01 1.333967658153199309e+01 9.269429022862238909e+00 1.197312568908322561e+01
6.520000000000000284e+01 6.640000000000000568e+01 6.580000000000001137e+01 1.153936278738177812e+01 1.357521231647047877e+01 3.367094133741269957e+01 1.959517214708832000e+01
6.129999999999999716e+01 7.059999999999999432e+01 6.594999999999998863e+01 1.153106341694905623e+01 1.652390398876297084e+01 4.085646173493925204e+01 2.297047638021709304e+01
6.700000000000000000e+01 6.520000000000000284e+01 6.609999999999999432e+01 1.562660789799693895e+01 1.463674561740465130e+01 7.063578154674890364e+00 1.244231055669216168e+01
6.870000000000000284e+01 6.409999999999999432e+01 6.640000000000000568e+01 1.174429762389082832e+01 1.259735632847186793e+01 1.925075951017721110e+01 1.453080448751330245e+01
6.810000000000000853e+01 6.550000000000000000e+01 6.680000000000001137e+01 1.164835555780330090e+01 1.476303506497731988e+01 7.508438483660633267e+00 1.130660970214708527e+01
6.490000000000000568e+01 6.690000000000000568e+01 6.590000000000000568e+01 1.163206891435059731e+01 1.696538982314854849e+01 3.785907410336314882e+01 2.215217761362076487e+01
6.479999999999999716e+01 6.679999999999999716e+01 6.579999999999999716e+01 1.294486621231892265e+01 1.243811355507108196e+01 8.201113018407989230e+00 1.119469759526599795e+01
6.440000000000000568e+01 6.919999999999998863e+01 6.679999999999999716e+01 1.190267573139687585e+01 1.412997657327749401e+01 9.875397907775054662e+00 1.196935007081647484e+01
6.790000000000000568e+01 6.550000000000000000e+01 6.670000000000000284e+01 1.258792552659180330e+01 1.243968578358152755e+01 1.252074173844761873e+01 1.251611768287365045e+01
6.550000000000000000e+01 6.660000000000000853e+01 6.605000000000001137e+01 1.193929559269951213e+01 1.280884565995745206e+01 8.951075930290185667e+00 1.123307239431571780e+01
7.009999999999999432e+01 6.339999999999999858e+01 6.675000000000000000e+01 1.193047613039392374e+01 1.245317506527534945e+01 9.795344265359238634e+00 1.139299848700950513e+01
6.760000000000000853e+01 6.820000000000000284e+01 6.790000000000000568e+01 1.086405772714859452e+01 1.282780708204851727e+01 8.517015678291892655e+00 1.073629349582966874e+01
5.629999999999999716e+01 6.760000000000000853e+01 6.195000000000000284e+01 1.062530154195033205e+01 1.544839561969505759e+01 4.176268320014559521e+01 2.261212678726366221e+01
5.769999999999999574e+01 6.950000000000000000e+01 6.359999999999999432e+01 1.224293675166383544e+01 1.574356568366857623e+01 3.809577921785270149e+01 2.202742721772836987e+01
7.229999999999999716e+01 6.460000000000000853e+01 6.845000000000000284e+01 1.141624943736418984e+01 1.551888301301643480e+01 1.099648788442061687e+01 1.264387344493374599e+01
6.510000000000000853e+01 6.730000000000001137e+01 6.620000000000001705e+01 1.387896018847182766e+01 1.258468551112235900e+01 9.113728506793792761e+00 1.185912473546265922e+01
6.690000000000000568e+01 6.560000000000000853e+01 6.625000000000000000e+01 1.252524774310450972e+01 1.198596859188767461e+01 8.076127322231437589e+00 1.086244788574120612e+01
6.820000000000000284e+01 6.579999999999999716e+01 6.700000000000000000e+01 1.222630661941260044e+01 1.416674313050989298e+01 7.124051372934276927e+00 1.117236704095225797e+01
5.909999999999999432e+01 7.089999999999999147e+01 6.500000000000000000e+01 1.400947543850260324e+01 1.226990413407929381e+01 3.922879220465830485e+01 2.183605725908006434e+01
5.510000000000000142e+01 6.879999999999999716e+01 6.195000000000000284e+01 9.719511592108021958e+00 1.274978184417691907e+01 3.806482058142857028e+01 2.017803800590450436e+01
5.709999999999999432e+01 6.919999999999998863e+01 6.314999999999999147e+01 1.266552205431690581e+01 1.945798871346570280e+01 3.687987279373013649e+01 2.300112785383758407e+01
5.950000000000000000e+01 6.929999999999999716e+01 6.440000000000000568e+01 1.221982906505283850e+01 1.284221395828272172e+01 3.177878449742254219e+01 1.894694250691936688e+01
6.860000000000000853e+01 6.939999999999999147e+01 6.900000000000000000e+01 1.165096867912593126e+01 1.341188984551565611e+01 8.923545467553838151e+00 1.132880133073180851e+01
7.150000000000000000e+01 6.780000000000001137e+01 6.965000000000000568e+01 1.190371934686658584e+01 1.255013110311459990e+01 9.347076842492505477e+00 1.126697576415789648e+01
6.370000000000000284e+01 6.380000000000000426e+01 6.375000000000000000e+01 1.189968960574436174e+01 1.300675759465413428e+01 8.253706553774652122e+00 1.105338458472438390e+01
6.329999999999999716e+01 6.339999999999999858e+01 6.334999999999999432e+01 1.163300488974712898e+01 1.149664068102491754e+01 8.386269306917361277e+00 1.050530495922980379e+01
6.420000000000000284e+01 6.220000000000000284e+01 6.320000000000000284e+01 1.234334839174923104e+01 1.159422531233237130e+01 8.501016269256771452e+00 1.081286332444612519e+01
6.989999999999999147e+01 6.730000000000001137e+01 6.859999999999999432e+01 1.058332688021138601e+01 1.246254517393759897e+01 1.017684897418167722e+01 1.107424034277688918e+01
6.529999999999999716e+01 6.889999999999999147e+01 6.709999999999999432e+01 1.063771551857066022e+01 1.299529925537726882e+01 1.587987411678246374e+01 1.317096296357679819e+01
6.629999999999999716e+01 6.479999999999999716e+01 6.554999999999999716e+01 1.263376526998810334e+01 1.432081486408408644e+01 9.258580666401446280e+00 1.207105360015787632e+01
6.560000000000000853e+01 6.500000000000000000e+01 6.530000000000001137e+01 1.510088317496995280e+01 1.256123060776626943e+01 1.140626264906853748e+01 1.302279214393491991e+01
6.959999999999999432e+01 6.479999999999999716e+01 6.719999999999998863e+01 1.310510654198895075e+01 1.525895610148837100e+01 6.468006844920230591e+00 1.161068982946584960e+01
6.650000000000000000e+01 6.490000000000000568e+01 6.570000000000000284e+01 1.220117349743398627e+01 1.297026884653476664e+01 1.128112822014094974e+01 1.215085685470323540e+01
6.529999999999999716e+01 6.350000000000000000e+01 6.440000000000000568e+01 1.143280553104440322e+01 1.452520362995105607e+01 7.419457710331648137e+00 1.112582229044237003e+01
6.909999999999999432e+01 6.579999999999999716e+01 6.744999999999998863e+01 9.777139678257345423e+00 1.300027663360826047e+01 7.846630392878331861e+00 1.020801556824797984e+01
6.640000000000000568e+01 6.339999999999999858e+01 6.490000000000000568e+01 1.126508147910875657e+01 1.321262287160656079e+01 8.422060415052913029e+00 1.096658825525607739e+01
5.749999999999999289e+01 6.820000000000000284e+01 6.284999999999999432e+01 1.305047477472600548e+01 1.413294228380389228e+01 3.443722339678194544e+01 2.054021348510394773e+01
6.840000000000000568e+01 6.490000000000000568e+01 6.665000000000000568e+01 1.512582263676981142e+01 1.369571464601459532e+01 1.271027602283177949e+01 1.384393776853872815e+01
6.740000000000000568e+01 6.929999999999999716e+01 6.834999999999999432e+01 9.288373321146648820e+00 1.312706067798120380e+01 9.192117567221805174e+00 1.053585052211655260e+01
6.400000000000000000e+01 6.700000000000000000e+01 6.550000000000000000e+01 1.133383944123903930e+01 1.225198580514689972e+01 1.055641287444345977e+01 1.138074604027646508e+01
6.840000000000000568e+01 6.800000000000000000e+01 6.820000000000000284e+01 1.149585783826929131e+01 1.254484918968477025e+01 8.627273405176012488e+00 1.088932681104335920e+01
5.900000000000000000e+01 7.029999999999999716e+01 6.465000000000000568e+01 2.070835288931639084e+01 1.198625697733465323e+01 3.032041468646929872e+01 2.100500818437344819e+01
6.720000000000000284e+01 6.119999999999999574e+01 6.420000000000000284e+01 1.153671842448792795e+01 1.305817016894632943e+01 7.198898254612394076e+00 1.059792894934888352e+01
6.870000000000000284e+01 6.710000000000000853e+01 6.790000000000000568e+01 1.045419147974119056e+01 1.322836608255156321e+01 7.769546486236787786e+00 1.048403468284318052e+01
5.709999999999999432e+01 6.870000000000000284e+01 6.289999999999999858e+01 1.112341374288299711e+01 1.339206810520382973e+01 3.424082092710920477e+01 1.958543425839867780e+01
6.189999999999999858e+01 6.750000000000000000e+01 6.470000000000000284e+01 1.257447961605399023e+01 1.255434820351710457e+01 9.052514429615133196e+00 1.139378074972874266e+01
6.870000000000000284e+01 6.720000000000000284e+01 6.795000000000000284e+01 1.397779630173822873e+01 1.503807833847482556e+01 7.695110426303417128e+00 1.223699502217215773e+01
6.629999999999999716e+01 6.720000000000000284e+01 6.675000000000000000e+01 1.644635025918322313e+01 1.261313755008780824e+01 1.216433719217027587e+01 1.374127500048043693e+01
6.879999999999999716e+01 6.409999999999999432e+01 6.644999999999998863e+01 1.199992697319600055e+01 1.107133511155212524e+01 7.795413598277773026e+00 1.028889189434196716e+01
6.760000000000000853e+01 6.740000000000000568e+01 6.750000000000000000e+01 9.699905498769059164e+00 1.219217736332267776e+01 6.625301722550207550e+00 9.505794861547315122e+00
6.570000000000000284e+01 6.840000000000000568e+01 6.705000000000001137e+01 1.128329259541100882e+01 1.220912996960725572e+01 1.402465469020308575e+01 1.250569241840711676e+01
6.500000000000000000e+01 6.470000000000000284e+01 6.484999999999999432e+01 1.087864686160557248e+01 1.183327107716843152e+01 8.011422166971918557e+00 1.024111336858197419e+01
6.660000000000000853e+01 6.770000000000000284e+01 6.715000000000000568e+01 1.424166707206718208e+01 1.257984740813139979e+01 1.209504756859339203e+01 1.297218734959732522e+01
6.260000000000000142e+01 6.520000000000000284e+01 6.390000000000000568e+01 1.252111538520751566e+01 1.402414580869238669e+01 1.202999815818723306e+01 1.285841978402904573e+01
6.289999999999999858e+01 7.179999999999999716e+01 6.734999999999999432e+01 1.122990836766218870e+01 1.197549747859906510e+01 9.186570000322772600e+00 1.079732528219467547e+01
5.779999999999999716e+01 7.189999999999999147e+01 6.484999999999999432e+01 9.475940547641380718e+00 1.563934749745445352e+01 3.498986161816333151e+01 2.003504988775305762e+01
6.610000000000000853e+01 6.919999999999998863e+01 6.765000000000000568e+01 9.512429481250656238e+00 1.061292979090971933e+01 1.116951134613263008e+01 1.043162353943100129e+01
5.829999999999999716e+01 6.810000000000000853e+01 6.320000000000000284e+01 2.204948274698760358e+01 1.253492241742646662e+01 3.898992535129054460e+01 2.452477683856820434e+01
7.059999999999999432e+01 6.150000000000000000e+01 6.604999999999999716e+01 1.214919660641285581e+01 1.521225103299397929e+01 4.132398481195232165e+01 2.289514415045305284e+01
6.720000000000000284e+01 7.009999999999999432e+01 6.865000000000000568e+01 1.462081943809329942e+01 1.238571256030114220e+01 7.963577278320712161e+00 1.165670309223838608e+01
6.029999999999999716e+01 6.900000000000000000e+01 6.465000000000000568e+01 1.100106362291240991e+01 1.151467150406798012e+01 4.143549147970529134e+01 2.131707553556189438e+01
6.800000000000000000e+01 6.850000000000000000e+01 6.825000000000000000e+01 1.301944149033929321e+01 1.549064651285595673e+01 1.018811101345475656e+01 1.289939967221666883e+01
6.429999999999999716e+01 6.560000000000000853e+01 6.495000000000000284e+01 1.686610809663681820e+01 1.830795809150909648e+01 1.097485868045527013e+01 1.538297495620039435e+01
6.540000000000000568e+01 6.710000000000000853e+01 6.625000000000000000e+01 1.243196430537375718e+01 1.231576367339549094e+01 5.156404886445107749e+00 9.968044288404785291e+00
6.700000000000000000e+01 7.029999999999999716e+01 6.865000000000000568e+01 1.116428593032867056e+01 1.248646421558695430e+01 8.210242246241877595e+00 1.062033079738583297e+01
6.660000000000000853e+01 6.500000000000000000e+01 6.580000000000001137e+01 1.390916843103456380e+01 1.634983264846015416e+01 1.263988362186717929e+01 1.429962823378729730e+01
6.650000000000000000e+01 6.179999999999999716e+01 6.415000000000000568e+01 1.110385348911838932e+01 1.265159999002313818e+01 8.604282001319253581e+00 1.078657849348692821e+01
6.800000000000000000e+01 6.679999999999999716e+01 6.740000000000000568e+01 1.218822462691905351e+01 1.265136569410890921e+01 1.027682469457236536e+01 1.170547167186677484e+01
6.830000000000001137e+01 6.220000000000000284e+01 6.525000000000000000e+01 1.192701461366400650e+01 1.127593836871402821e+01 1.117048236420061613e+01 1.145781178219288421e+01
6.879999999999999716e+01 6.590000000000000568e+01 6.734999999999999432e+01 2.469987331073433978e+01 2.090811715163871298e+01 1.199435360400420514e+01 1.920078135545908538e+01
6.780000000000001137e+01 6.510000000000000853e+01 6.645000000000001705e+01 1.322561584371143617e+01 1.192149381581798373e+01 1.052560080273738130e+01 1.189090348742226588e+01
6.520000000000000284e+01 6.529999999999999716e+01 6.525000000000000000e+01 1.293789306703826192e+01 1.272561469935418721e+01 7.384175670746675024e+00 1.101589447904637531e+01
7.059999999999999432e+01 6.870000000000000284e+01 6.965000000000000568e+01 1.274064887134227853e+01 1.270172833206864915e+01 9.127634665683201476e+00 1.152333728969804305e+01
6.730000000000001137e+01 6.329999999999999716e+01 6.530000000000001137e+01 1.063133125112745070e+01 1.318121546546029776e+01 9.776823720165880971e+00 1.119645681225120804e+01
6.620000000000000284e+01 6.810000000000000853e+01 6.715000000000000568e+01 1.665439404656957478e+01 1.463213179768538552e+01 8.055206338336560634e+00 1.311391072753050757e+01
6.490000000000000568e+01 6.470000000000000284e+01 6.480000000000001137e+01 1.536194665937076742e+01 1.238591153773551490e+01 8.331069982196567025e+00 1.202630939310095037e+01
5.789999999999999858e+01 6.350000000000000000e+01 6.070000000000000284e+01 1.105235928529916656e+01 1.423422751574479861e+01 3.987130289713704201e+01 2.171929656606033632e+01
6.780000000000001137e+01 6.540000000000000568e+01 6.660000000000000853e+01 1.217985150808621064e+01 1.253495334182289334e+01 1.792246834945793310e+01 1.421242439978901295e+01
6.720000000000000284e+01 6.810000000000000853e+01 6.765000000000000568e+01 9.951604915354641534e+00 1.463665916969878822e+01 1.103195447438170618e+01 1.187340618647837864e+01
6.510000000000000853e+01 6.570000000000000284e+01 6.540000000000000568e+01 1.391542763396042837e+01 1.264784358881384740e+01 8.632831933656888168e+00 1.173203438547705524e+01
6.289999999999999858e+01 6.879999999999999716e+01 6.584999999999999432e+01 1.322517999262987587e+01 1.131072663025377700e+01 7.209834581517153396e+00 1.058191373480026876e+01
6.380000000000000426e+01 6.770000000000000284e+01 6.575000000000000000e+01 9.678593975746007771e+00 1.289298427656151169e+01 7.754397077419975304e+00 1.010865844324249707e+01
6.220000000000000284e+01 6.929999999999999716e+01 6.575000000000000000e+01 1.489726216377141377e+01 1.437166260089722236e+01 3.275415485988200004e+01 2.067435987485021087e+01
7.000000000000000000e+01 6.179999999999999716e+01 6.590000000000000568e+01 1.176249556233660876e+01 1.439487911473765180e+01 1.262186649766348445e+01 1.292641372491257989e+01
6.660000000000000853e+01 6.850000000000000000e+01 6.755000000000001137e+01 1.067663287027207275e+01 1.224609995677969998e+01 8.423722696526295906e+00 1.044881850785935740e+01
5.919999999999999574e+01 6.889999999999999147e+01 6.404999999999999716e+01 1.281395649881534382e+01 1.438088130394936570e+01 3.293134609355868037e+01 2.004206129877446330e+01
6.579999999999999716e+01 7.019999999999998863e+01 6.800000000000000000e+01 1.161908531675837075e+01 1.485497882672268055e+01 8.364370202240040797e+00 1.161281144857369618e+01
6.820000000000000284e+01 6.579999999999999716e+01 6.700000000000000000e+01 8.484763960949953443e+00 1.161856418420662074e+01 1.066953388200245634e+01 1.025762067571967684e+01
6.740000000000000568e+01 6.510000000000000853e+01 6.625000000000000000e+01 1.534439706603152942e+01 1.330097987307546425e+01 9.008093033013087947e+00 1.255115665737336172e+01
6.720000000000000284e+01 5.699999999999999289e+01 6.209999999999999432e+01 1.295276919939153615e+01 1.426197396589770428e+01 1.007568990427950339e+01 1.243014435652291638e+01
6.919999999999998863e+01 6.679999999999999716e+01 6.800000000000000000e+01 1.746605028025581419e+01 1.465696178466916422e+01 8.420443715802660378e+00 1.351448526024254626e+01
6.929999999999999716e+01 6.670000000000000284e+01 6.800000000000000000e+01 1.096901581392029001e+01 1.422746088723374847e+01 9.989600430139484288e+00 1.172869237709784151e+01
6.889999999999999147e+01 6.720000000000000284e+01 6.804999999999999716e+01 1.221918442122249182e+01 1.063886303951361967e+01 1.009191654433005603e+01 1.098332133502205465e+01
6.029999999999999716e+01 6.780000000000001137e+01 6.405000000000001137e+01 1.120100023995846250e+01 1.524994646647039787e+01 3.420062472756738003e+01 2.021719047799874502e+01
6.830000000000001137e+01 6.380000000000000426e+01 6.605000000000001137e+01 1.102192539971614060e+01 1.749281358440491729e+01 8.221538422384719880e+00 1.224542580216859200e+01
6.620000000000000284e+01 7.019999999999998863e+01 6.819999999999998863e+01 1.190483560991231826e+01 1.203450786678203244e+01 9.821994819529255238e+00 1.125377943207453590e+01
6.700000000000000000e+01 6.570000000000000284e+01 6.634999999999999432e+01 1.489271845746485212e+01 1.439085556343835037e+01 9.646484136116558972e+00 1.297668605233991990e+01
