6.929999999999999716e+01 6.740000000000000568e+01 6.834999999999999432e+01 1.092552838196047205e+01 1.313626871997047907e+01 7.881882122909352084e+00 1.064789307494676684e+01
6.730000000000001137e+01 6.690000000000000568e+01 6.710000000000000853e+01 1.285454499559650365e+01 1.306922984935081899e+01 8.220853342597028046e+00 1.138154272918145260e+01
6.790000000000000568e+01 6.780000000000001137e+01 6.785000000000000853e+01 1.105592326436491746e+01 1.390990309828812954e+01 9.776628439565950401e+00 1.158081826740633424e+01
6.529999999999999716e+01 6.679999999999999716e+01 6.604999999999999716e+01 1.453104789318146395e+01 1.288256918717971011e+01 1.102642862737466345e+01 1.281334856924527799e+01
6.520000000000000284e+01 6.660000000000000853e+01 6.590000000000000568e+01 1.526705258183729796e+01 1.257338009675001089e+01 8.862772765483315496e+00 1.223440181469020871e+01
6.790000000000000568e+01 6.750000000000000000e+01 6.770000000000000284e+01 1.235022397833062335e+01 1.816097874265422263e+01 1.302451825346478387e+01 1.451190699148320995e+01
6.710000000000000853e+01 6.600000000000000000e+01 6.655000000000001137e+01 1.064880834274016230e+01 1.335480114795769779e+01 1.124106248617127690e+01 1.174822399228971470e+01
6.820000000000000284e+01 6.909999999999999432e+01 6.865000000000000568e+01 1.103921096349280617e+01 1.504785964831098788e+01 1.087719009625639188e+01 1.232142023602006198e+01
6.640000000000000568e+01 6.800000000000000000e+01 6.720000000000000284e+01 1.236598175771542074e+01 1.350147972188871748e+01 7.870692241816204415e+00 1.124605124047344873e+01
6.510000000000000853e+01 6.820000000000000284e+01 6.665000000000000568e+01 1.389439793379425225e+01 1.328154517304704108e+01 1.106777388578891674e+01 1.274790566421007121e+01
6.700000000000000000e+01 6.660000000000000853e+01 6.680000000000001137e+01 1.083314871650386024e+01 1.255987687614852000e+01 8.044452410345162008e+00 1.047915933433251290e+01
6.780000000000001137e+01 6.450000000000000000e+01 6.615000000000000568e+01 1.071687401084319546e+01 1.583231052839721720e+01 8.429519626938146715e+00 1.165956805539285313e+01
6.840000000000000568e+01 6.700000000000000000e+01 6.770000000000000284e+01 1.185116708760931381e+01 1.269061816664595632e+01 1.329327384774613918e+01 1.261168636733380310e+01
6.780000000000001137e+01 6.579999999999999716e+01 6.680000000000001137e+01 1.213040623894682390e+01 1.261266402335428083e+01 7.890426102799286134e+00 1.087783212170013059e+01
6.740000000000000568e+01 6.600000000000000000e+01 6.670000000000000284e+01 1.121288633912434030e+01 1.341120177957378345e+01 7.877414300776740319e+00 1.083383413982495647e+01
6.830000000000001137e+01 6.500000000000000000e+01 6.665000000000000568e+01 1.063942808746100788e+01 1.298751644507897751e+01 8.654152540291555340e+00 1.076036569094384809e+01
6.810000000000000853e+01 6.770000000000000284e+01 6.790000000000000568e+01 1.126469573230581744e+01 1.279050177946701794e+01 8.117418595673820292e+00 1.072420536914888523e+01
6.840000000000000568e+01 6.670000000000000284e+01 6.755000000000001137e+01 1.127997310601941194e+01 1.297920441119832269e+01 9.964540920272636271e+00 1.140790614583012541e+01
6.640000000000000568e+01 6.730000000000001137e+01 6.685000000000000853e+01 1.106994502744333886e+01 1.257849953334388360e+01 7.883854206014011545e+00 1.051076625560041045e+01
6.909999999999999432e+01 6.640000000000000568e+01 6.775000000000000000e+01 1.146895411165998624e+01 1.260317848109550098e+01 7.901833541068841171e+00 1.065798871127477554e+01
6.660000000000000853e+01 6.610000000000000853e+01 6.635000000000000853e+01 1.160887740946327362e+01 1.257346916619362709e+01 9.422125736784426664e+00 1.120149077081377698e+01
6.600000000000000000e+01 6.679999999999999716e+01 6.640000000000000568e+01 1.473403820003178488e+01 1.274966397898417370e+01 1.041268154782311228e+01 1.263212790894635695e+01
6.550000000000000000e+01 6.720000000000000284e+01 6.634999999999999432e+01 1.100946418848694108e+01 1.304305208357179957e+01 7.948297311923818498e+00 1.066693786132751853e+01
6.870000000000000284e+01 6.730000000000001137e+01 6.800000000000000000e+01 1.065582220249565282e+01 1.459512334596976224e+01 9.516900438108063298e+00 1.158928199552449279e+01
6.650000000000000000e+01 6.750000000000000000e+01 6.700000000000000000e+01 1.079053005792679443e+01 1.552771054402582251e+01 8.185927102900617314e+00 1.150138923495107690e+01
6.750000000000000000e+01 6.550000000000000000e+01 6.650000000000000000e+01 1.066134012046890334e+01 1.578290901004022118e+01 7.875057179355591686e+00 1.143976876995490422e+01
6.579999999999999716e+01 6.720000000000000284e+01 6.650000000000000000e+01 1.158308365567562781e+01 1.293720098831638587e+01 8.119290115026270627e+00 1.087985825300609655e+01
6.650000000000000000e+01 6.860000000000000853e+01 6.755000000000001137e+01 1.074120720632651782e+01 1.299329891998491071e+01 7.903817670245878446e+00 1.054610793218576958e+01
6.710000000000000853e+01 6.800000000000000000e+01 6.755000000000001137e+01 1.142577840407905221e+01 1.329841160967111868e+01 8.383539598929761638e+00 1.103590987089331144e+01
6.710000000000000853e+01 6.750000000000000000e+01 6.730000000000001137e+01 1.128148736468368085e+01 1.264641685042959907e+01 1.014777722200893351e+01 1.135856047904073840e+01
6.760000000000000853e+01 6.760000000000000853e+01 6.760000000000000853e+01 1.208003881218530040e+01 1.547218792636224372e+01 9.437061871558100279e+00 1.232976287003521598e+01
6.800000000000000000e+01 6.660000000000000853e+01 6.730000000000001137e+01 1.130577970546926103e+01 1.483159094814086032e+01 9.641684300018587450e+00 1.192635165120957019e+01
6.750000000000000000e+01 6.610000000000000853e+01 6.680000000000001137e+01 1.101311185033524609e+01 1.378796755813928065e+01 8.274263596988536307e+00 1.102511433515435613e+01
6.959999999999999432e+01 6.670000000000000284e+01 6.815000000000000568e+01 1.133147019415420154e+01 1.255857993066519818e+01 8.596435823442789115e+00 1.082882864942072842e+01
6.810000000000000853e+01 6.600000000000000000e+01 6.705000000000001137e+01 1.145594139359016594e+01 1.259880685812910528e+01 7.889349201441087089e+00 1.064803248438678729e+01
6.790000000000000568e+01 6.629999999999999716e+01 6.709999999999999432e+01 1.073927703017145063e+01 1.257122346222380926e+01 8.017165626184649341e+00 1.044255537285996915e+01
6.770000000000000284e+01 6.750000000000000000e+01 6.759999999999999432e+01 1.067179934975126088e+01 1.657542148558303197e+01 9.822874753089740452e+00 1.235669852947467717e+01
6.750000000000000000e+01 6.510000000000000853e+01 6.630000000000001137e+01 1.164810143282597821e+01 1.349383133463673090e+01 9.040615215559153484e+00 1.139418266100728694e+01
6.620000000000000284e+01 6.520000000000000284e+01 6.570000000000000284e+01 1.509703814423357393e+01 1.396421123967610001e+01 8.118585998847370533e+00 1.239327846091901542e+01
6.610000000000000853e+01 6.830000000000001137e+01 6.720000000000001705e+01 1.080507011826740893e+01 1.464959820781890976e+01 7.999927564887121534e+00 1.115153196365781518e+01
6.810000000000000853e+01 6.620000000000000284e+01 6.715000000000000568e+01 1.072668553585895346e+01 1.365906570634686545e+01 7.995943744055808544e+00 1.079389832875387611e+01
6.629999999999999716e+01 6.800000000000000000e+01 6.715000000000000568e+01 1.274422590984051951e+01 1.257465143092518289e+01 7.870010952824042505e+00 1.106296276452991378e+01
6.840000000000000568e+01 6.929999999999999716e+01 6.884999999999999432e+01 1.063366106374629005e+01 2.032585861405666705e+01 9.753931060636823247e+00 1.357115024614659404e+01
6.750000000000000000e+01 6.790000000000000568e+01 6.770000000000000284e+01 1.226268192431696491e+01 1.271327105253178047e+01 8.570585563871642165e+00 1.118217951357346429e+01
6.660000000000000853e+01 6.889999999999999147e+01 6.775000000000000000e+01 1.134107664116981695e+01 1.355535841143598041e+01 7.879082732215543672e+00 1.092517259494044701e+01
6.820000000000000284e+01 6.860000000000000853e+01 6.840000000000000568e+01 1.196954865460435613e+01 1.679739656229228117e+01 8.147889449020230046e+00 1.230494488863895697e+01
6.730000000000001137e+01 6.679999999999999716e+01 6.705000000000001137e+01 1.464219243599118592e+01 1.257365208105847287e+01 7.869278870747716148e+00 1.169504112926579076e+01
6.810000000000000853e+01 6.690000000000000568e+01 6.750000000000000000e+01 1.063081317228198941e+01 1.760877722732710282e+01 1.116439149926810970e+01 1.313466063295906849e+01
6.590000000000000568e+01 6.800000000000000000e+01 6.695000000000000284e+01 1.139035493727124937e+01 1.488908475381479057e+01 1.135191342682536408e+01 1.254378437263713408e+01
6.770000000000000284e+01 6.830000000000001137e+01 6.800000000000000000e+01 1.066859636338969430e+01 1.255120206993645127e+01 7.893771606860100931e+00 1.037119001339541491e+01
6.810000000000000853e+01 6.710000000000000853e+01 6.760000000000000853e+01 1.495872660380288544e+01 1.260015420633605920e+01 7.884200584126470623e+00 1.181436046475513812e+01
6.690000000000000568e+01 6.590000000000000568e+01 6.640000000000000568e+01 1.062410440553684587e+01 1.364293250778923294e+01 8.011379357097846210e+00 1.075947209014130834e+01
6.770000000000000284e+01 6.760000000000000853e+01 6.765000000000000568e+01 1.271007171710487604e+01 1.274995628949829651e+01 7.868708903947167599e+00 1.110957897018344731e+01
6.710000000000000853e+01 6.620000000000000284e+01 6.665000000000000568e+01 1.062447619116905173e+01 1.295497074882762689e+01 7.991899245980156330e+00 1.052378206199227861e+01
6.700000000000000000e+01 6.620000000000000284e+01 6.659999999999999432e+01 1.181628680684530863e+01 1.428890527007940747e+01 1.008029347972180645e+01 1.206182851888217478e+01
6.700000000000000000e+01 6.400000000000000000e+01 6.550000000000000000e+01 1.077221605172628749e+01 1.302775023929021359e+01 1.403889330822831205e+01 1.261295319974827045e+01
6.629999999999999716e+01 6.720000000000000284e+01 6.675000000000000000e+01 1.150470750054350866e+01 1.441021864287280962e+01 8.199748858243054883e+00 1.137155833388645654e+01
6.909999999999999432e+01 6.830000000000001137e+01 6.870000000000000284e+01 1.064615739747937972e+01 1.277672370042748362e+01 1.338988511972298490e+01 1.227092207254328393e+01
6.760000000000000853e+01 6.800000000000000000e+01 6.780000000000001137e+01 1.067738586221419794e+01 1.343164674585586660e+01 1.233866273632528099e+01 1.214923178146511695e+01
6.720000000000000284e+01 6.640000000000000568e+01 6.680000000000001137e+01 1.146196644404881937e+01 1.265057963388266415e+01 9.574399676165157302e+00 1.122898191803221302e+01
6.679999999999999716e+01 6.500000000000000000e+01 6.590000000000000568e+01 1.067561774540268615e+01 1.362199010062504279e+01 7.986736222993704004e+00 1.076144802300714609e+01
6.710000000000000853e+01 6.740000000000000568e+01 6.725000000000000000e+01 1.154095340800710368e+01 1.310288359373753764e+01 1.054998527938194464e+01 1.173127409370886198e+01
6.640000000000000568e+01 6.800000000000000000e+01 6.720000000000000284e+01 1.063806793106488158e+01 1.322570375894642503e+01 7.868612959489690084e+00 1.057746154983366438e+01
6.510000000000000853e+01 6.679999999999999716e+01 6.595000000000000284e+01 1.404820026605043104e+01 1.320607815097184812e+01 9.387271016843220295e+00 1.221384981128849923e+01
6.620000000000000284e+01 6.679999999999999716e+01 6.650000000000000000e+01 1.193086156952547050e+01 1.725818068701147823e+01 7.872578966796933919e+00 1.235387374111129510e+01
6.629999999999999716e+01 6.730000000000001137e+01 6.680000000000001137e+01 1.138284272326657387e+01 1.276536988470179068e+01 8.120356947236677669e+00 1.075618985173501407e+01
6.889999999999999147e+01 6.730000000000001137e+01 6.809999999999999432e+01 1.132903260573887394e+01 1.454679785719930862e+01 9.473138221691897343e+00 1.178298956154335997e+01
6.650000000000000000e+01 6.690000000000000568e+01 6.670000000000000284e+01 1.076728216752915657e+01 1.835115625045851573e+01 9.788639624071938883e+00 1.296902601401986921e+01
6.830000000000001137e+01 6.660000000000000853e+01 6.745000000000001705e+01 1.071786371633806390e+01 1.296804614535169442e+01 1.072646601900602370e+01 1.147079196023192793e+01
6.690000000000000568e+01 6.909999999999999432e+01 6.800000000000000000e+01 1.508021470501305394e+01 1.256135592028782000e+01 7.991850943031303167e+00 1.187780718944405756e+01
6.679999999999999716e+01 6.579999999999999716e+01 6.629999999999999716e+01 1.085417602196803166e+01 1.265895387017150497e+01 7.870401271026364221e+00 1.046117705438863332e+01
6.650000000000000000e+01 6.750000000000000000e+01 6.700000000000000000e+01 1.166856556152359481e+01 1.275328212946472206e+01 9.953651244508561646e+00 1.145849964516562558e+01
6.720000000000000284e+01 6.690000000000000568e+01 6.705000000000001137e+01 1.063078205460661252e+01 1.279181375560088441e+01 1.226009732649719730e+01 1.189423104556823141e+01
6.629999999999999716e+01 6.860000000000000853e+01 6.745000000000000284e+01 1.402407083877227834e+01 1.564609842090834135e+01 8.161412753578616730e+00 1.261052733775307821e+01
6.629999999999999716e+01 6.730000000000001137e+01 6.680000000000001137e+01 1.065258856332742177e+01 1.255644676207102250e+01 8.161439256387435393e+00 1.045682486059529381e+01
6.979999999999999716e+01 6.810000000000000853e+01 6.895000000000000284e+01 1.143118674814562752e+01 1.346829296956915734e+01 8.913775033041471119e+00 1.127108491691875258e+01
6.690000000000000568e+01 6.510000000000000853e+01 6.600000000000000000e+01 1.096309469839744466e+01 1.285047270558157884e+01 8.591667596285363473e+00 1.080174500008812721e+01
6.750000000000000000e+01 6.750000000000000000e+01 6.750000000000000000e+01 1.085539069710370441e+01 1.276225658714418643e+01 8.334858942158431816e+00 1.065083540880210755e+01
6.790000000000000568e+01 6.860000000000000853e+01 6.825000000000000000e+01 1.088985325792551251e+01 1.944376147832732471e+01 7.944317170979658727e+00 1.275931063574416591e+01
6.800000000000000000e+01 6.750000000000000000e+01 6.775000000000000000e+01 1.076689094778772748e+01 1.282939361478252138e+01 8.850033578367105136e+00 1.081543938031244956e+01
6.840000000000000568e+01 6.870000000000000284e+01 6.855000000000001137e+01 1.095674454333167880e+01 1.260205516137887294e+01 9.064378358478823117e+00 1.087439268772978984e+01
6.810000000000000853e+01 6.690000000000000568e+01 6.750000000000000000e+01 1.117810855522963820e+01 1.257420238340319152e+01 1.471991509448864832e+01 1.282407534437382601e+01
6.740000000000000568e+01 6.830000000000001137e+01 6.785000000000000853e+01 1.074242467209693253e+01 1.274483412280910954e+01 8.510080096757466350e+00 1.066577963055450162e+01
6.760000000000000853e+01 6.700000000000000000e+01 6.730000000000001137e+01 1.156793132623899645e+01 1.362372625840246343e+01 1.460125863282278935e+01 1.326430540582141759e+01
6.909999999999999432e+01 6.770000000000000284e+01 6.840000000000000568e+01 1.510336585928743425e+01 1.449771195370818866e+01 7.872387630440737638e+00 1.249115514781212077e+01
6.830000000000001137e+01 6.730000000000001137e+01 6.780000000000001137e+01 1.292087151150656865e+01 1.256532305560192952e+01 8.470922993027045322e+00 1.131903918671184783e+01
6.730000000000001137e+01 6.800000000000000000e+01 6.765000000000000568e+01 1.185621425293087938e+01 1.376912363851636201e+01 8.056267641471855256e+00 1.122720184430636436e+01
6.720000000000000284e+01 6.730000000000001137e+01 6.725000000000000000e+01 1.198266460708938297e+01 1.334725030126926981e+01 9.585890221371897724e+00 1.163860170991018350e+01
6.660000000000000853e+01 6.740000000000000568e+01 6.700000000000000000e+01 1.249287464654812752e+01 1.313070065381658580e+01 8.806230839048033943e+00 1.147660204647091575e+01
6.800000000000000000e+01 6.610000000000000853e+01 6.705000000000001137e+01 1.123634521177464762e+01 1.258354829070086822e+01 1.122992964898734236e+01 1.168327438382095274e+01
6.690000000000000568e+01 6.660000000000000853e+01 6.675000000000000000e+01 1.082756812287996517e+01 1.318645635100955182e+01 7.949570348177233292e+00 1.065453160735558313e+01
6.800000000000000000e+01 6.760000000000000853e+01 6.780000000000001137e+01 1.118704009037193536e+01 1.262422289682204912e+01 8.082093412505910734e+00 1.063111879989996567e+01
6.660000000000000853e+01 6.730000000000001137e+01 6.695000000000001705e+01 1.259169056297521294e+01 1.277515465266340300e+01 9.658979688134825992e+00 1.167527496792448005e+01
6.529999999999999716e+01 6.720000000000000284e+01 6.625000000000000000e+01 1.121993376287356625e+01 1.303247406756208804e+01 7.876326536819508561e+00 1.070957812241838703e+01
6.810000000000000853e+01 6.679999999999999716e+01 6.745000000000000284e+01 1.974508022393957773e+01 1.262570883151169809e+01 1.365913351431926337e+01 1.534330752325684699e+01
6.570000000000000284e+01 6.670000000000000284e+01 6.620000000000000284e+01 1.168791937583837104e+01 1.463774617625796282e+01 8.449036359246081318e+00 1.159156730378080447e+01
6.690000000000000568e+01 6.660000000000000853e+01 6.675000000000000000e+01 1.068748227511795790e+01 1.256163561013714158e+01 7.902043364075929333e+00 1.038372041644367627e+01
6.700000000000000000e+01 6.770000000000000284e+01 6.734999999999999432e+01 1.169784642268607122e+01 1.347956045102082001e+01 1.183763715117204995e+01 1.233834800829298217e+01
6.790000000000000568e+01 6.750000000000000000e+01 6.770000000000000284e+01 1.063181653285142581e+01 1.387206212046295306e+01 1.322002183883088655e+01 1.257463349738175573e+01
6.770000000000000284e+01 6.600000000000000000e+01 6.684999999999999432e+01 1.064794675068209884e+01 1.256427402780660785e+01 8.900691815300142196e+00 1.070430419792961629e+01
