6.850000000000000000e+01 6.840000000000000568e+01 6.845000000000000284e+01 1.009936699121725212e+01 1.264350796116756293e+01 1.175140393200751276e+01 1.149809296146410986e+01
6.750000000000000000e+01 6.900000000000000000e+01 6.825000000000000000e+01 9.797313018849722610e+00 1.158258667853436563e+01 5.388889632667276608e+00 8.922929776683789171e+00
6.900000000000000000e+01 6.929999999999999716e+01 6.915000000000000568e+01 9.507541057437185472e+00 1.323314700916701803e+01 5.348218445890997153e+00 9.362968837498399921e+00
6.959999999999999432e+01 6.830000000000001137e+01 6.895000000000000284e+01 8.729312921349276166e+00 1.123205556077793155e+01 6.980797121348281564e+00 8.980721867825161908e+00
6.929999999999999716e+01 7.079999999999999716e+01 7.004999999999999716e+01 1.030559291785621134e+01 1.242504130639822257e+01 8.133101969119458374e+00 1.028791206445796469e+01
6.909999999999999432e+01 6.900000000000000000e+01 6.904999999999999716e+01 8.376873640060068738e+00 1.434790843121805182e+01 7.438779055692696041e+00 1.005452037565693857e+01
6.679999999999999716e+01 6.919999999999998863e+01 6.800000000000000000e+01 1.240573724779545550e+01 1.490874898564310058e+01 6.270031712052327677e+00 1.119483931516362851e+01
6.810000000000000853e+01 7.029999999999999716e+01 6.920000000000000284e+01 8.383751022876834824e+00 1.309950820285629369e+01 8.213748683986642263e+00 9.899002636573257519e+00
6.860000000000000853e+01 6.770000000000000284e+01 6.815000000000000568e+01 8.572537201757766567e+00 1.141233633096334543e+01 8.102620476670342242e+00 9.362498003130484747e+00
6.989999999999999147e+01 6.870000000000000284e+01 6.929999999999999716e+01 8.399603378107480367e+00 1.212466826876027781e+01 6.863287101176997140e+00 9.129186249348252957e+00
6.720000000000000284e+01 7.059999999999999432e+01 6.890000000000000568e+01 8.388384018808526577e+00 1.187916133363281546e+01 6.809367349208733877e+00 9.025637567216692858e+00
6.870000000000000284e+01 7.009999999999999432e+01 6.940000000000000568e+01 9.090391635222275113e+00 1.112109710307833410e+01 6.618913543989021875e+00 8.943467427429878214e+00
6.760000000000000853e+01 6.929999999999999716e+01 6.845000000000000284e+01 8.384959686662044831e+00 1.292220063682312770e+01 5.392472037431041976e+00 8.899877453638737279e+00
6.860000000000000853e+01 6.919999999999998863e+01 6.890000000000000568e+01 8.712381631244699776e+00 1.140105180879401914e+01 5.719250497356996199e+00 8.610894645798572000e+00
6.780000000000001137e+01 6.939999999999999147e+01 6.859999999999999432e+01 9.786333550720300423e+00 1.198011945284875424e+01 5.390566203016431857e+00 9.052339735528496689e+00
6.730000000000001137e+01 7.009999999999999432e+01 6.870000000000000284e+01 8.693954635127147057e+00 1.110273077672079900e+01 1.075028849821960897e+01 1.018232463668918619e+01
6.800000000000000000e+01 6.959999999999999432e+01 6.879999999999999716e+01 1.065912697438247925e+01 1.134671538600989749e+01 5.321882627913360864e+00 9.109241662768580383e+00
6.850000000000000000e+01 6.870000000000000284e+01 6.859999999999999432e+01 8.427875887983423908e+00 1.335548385379987302e+01 1.045065831572165393e+01 1.074467268583498480e+01
6.740000000000000568e+01 6.879999999999999716e+01 6.809999999999999432e+01 9.399187994968869475e+00 1.317321015013506802e+01 5.381635798661514869e+00 9.318011314588483529e+00
6.720000000000000284e+01 7.009999999999999432e+01 6.865000000000000568e+01 8.617696264415428686e+00 1.586766682235876935e+01 6.184975879609770466e+00 1.022344632212798921e+01
6.730000000000001137e+01 6.969999999999998863e+01 6.850000000000000000e+01 8.408756529401658852e+00 1.154711590254293085e+01 5.776986939459156645e+00 8.577619790467915450e+00
6.790000000000000568e+01 6.919999999999998863e+01 6.854999999999999716e+01 8.640731201010302343e+00 1.124458299591166188e+01 5.846876160193656524e+00 8.577396785705206028e+00
6.820000000000000284e+01 6.939999999999999147e+01 6.879999999999999716e+01 8.484342865887519736e+00 1.109464953374670415e+01 1.686121671263598998e+01 1.214673637075673618e+01
6.790000000000000568e+01 7.039999999999999147e+01 6.915000000000000568e+01 1.051864731272996245e+01 1.117437408939895960e+01 5.412424126302416205e+00 9.035148509477112455e+00
6.679999999999999716e+01 6.889999999999999147e+01 6.784999999999999432e+01 1.298644697611898202e+01 1.117509153878183703e+01 6.625041866500838594e+00 1.026219346046721803e+01
6.710000000000000853e+01 6.979999999999999716e+01 6.845000000000000284e+01 8.375737576964757736e+00 1.186974941300085895e+01 7.647669258398984482e+00 9.297718749454867648e+00
6.969999999999998863e+01 7.000000000000000000e+01 6.984999999999999432e+01 9.549123659369234574e+00 1.121791698945127713e+01 6.191138084245687345e+00 8.986059577688733313e+00
6.790000000000000568e+01 6.879999999999999716e+01 6.834999999999999432e+01 8.659861357648626523e+00 1.344927012170276903e+01 5.377525793329989590e+00 9.162219090893795936e+00
6.879999999999999716e+01 7.009999999999999432e+01 6.944999999999998863e+01 8.407547320876652464e+00 1.152035652736066673e+01 7.042405328635732431e+00 8.990103058957684468e+00
6.950000000000000000e+01 7.029999999999999716e+01 6.990000000000000568e+01 9.305042800786234025e+00 1.110808873815994602e+01 5.675943848266025604e+00 8.696358462404068845e+00
6.700000000000000000e+01 6.929999999999999716e+01 6.815000000000000568e+01 9.239274375608189871e+00 1.111743656495493404e+01 1.247765971055430967e+01 1.094479021703914690e+01
6.950000000000000000e+01 7.050000000000000000e+01 7.000000000000000000e+01 1.038299316337341871e+01 1.759792001755860724e+01 6.990270075828863838e+00 1.165706108558696563e+01
6.870000000000000284e+01 6.950000000000000000e+01 6.909999999999999432e+01 8.504044270933690086e+00 1.130260935443284609e+01 5.603555489477816565e+00 8.470069704948118172e+00
6.830000000000001137e+01 6.939999999999999147e+01 6.884999999999999432e+01 9.787456008036329536e+00 1.114871466358602525e+01 6.220617771659630257e+00 9.052262814427328053e+00
6.760000000000000853e+01 7.009999999999999432e+01 6.884999999999999432e+01 8.855237052625602345e+00 1.118837243559360139e+01 7.163106089610749017e+00 9.068905192609983956e+00
6.800000000000000000e+01 6.909999999999999432e+01 6.854999999999999716e+01 1.047956651171748987e+01 1.186677979619968681e+01 9.449212556593595380e+00 1.059851962150359128e+01
6.830000000000001137e+01 7.019999999999998863e+01 6.925000000000000000e+01 1.013714752412101738e+01 1.234518117653914970e+01 9.233041569000228321e+00 1.057179008988679847e+01
6.810000000000000853e+01 6.850000000000000000e+01 6.830000000000001137e+01 8.758777114715050160e+00 1.167441994074011191e+01 1.207410727168029574e+01 1.083576810904515320e+01
6.840000000000000568e+01 6.950000000000000000e+01 6.895000000000000284e+01 9.523869358156066056e+00 1.167199211289067584e+01 5.653374052880381306e+00 8.949745174642373513e+00
6.650000000000000000e+01 6.939999999999999147e+01 6.794999999999998863e+01 9.974184343796734353e+00 1.121897195632296551e+01 7.521181226962145416e+00 9.571445842360615686e+00
6.790000000000000568e+01 6.820000000000000284e+01 6.805000000000001137e+01 9.433133844848716976e+00 1.113087637586915868e+01 6.550084002005615247e+00 9.038031407574496967e+00
6.780000000000001137e+01 6.989999999999999147e+01 6.884999999999999432e+01 8.889216281583385282e+00 1.733975998597604473e+01 8.142633279969826887e+00 1.145720318250975289e+01
6.840000000000000568e+01 7.009999999999999432e+01 6.925000000000000000e+01 1.238622586867457898e+01 1.120107961894578530e+01 5.597511538189057667e+00 9.728272341936472500e+00
6.790000000000000568e+01 6.860000000000000853e+01 6.825000000000000000e+01 1.019087345991723303e+01 1.162050482911095450e+01 1.073967242774896746e+01 1.085035023892571893e+01
6.760000000000000853e+01 6.830000000000001137e+01 6.795000000000001705e+01 8.389975591495367979e+00 1.204574818261749236e+01 8.775035833292674781e+00 9.736919869135178374e+00
6.810000000000000853e+01 7.029999999999999716e+01 6.920000000000000284e+01 1.320439189177973205e+01 1.235529282231622261e+01 1.345366820454010437e+01 1.300445097287868634e+01
7.019999999999998863e+01 6.820000000000000284e+01 6.919999999999998863e+01 9.233410853221183601e+00 1.118472345652434896e+01 1.308891977513679805e+01 1.116901802829410961e+01
6.710000000000000853e+01 6.989999999999999147e+01 6.850000000000000000e+01 1.037688408801647277e+01 1.235011185584990656e+01 5.443237217516873727e+00 9.390077720461084354e+00
6.679999999999999716e+01 7.000000000000000000e+01 6.840000000000000568e+01 9.045052917499868173e+00 1.109347990951355101e+01 6.730577347334854466e+00 8.956370058116091215e+00
6.720000000000000284e+01 6.820000000000000284e+01 6.770000000000000284e+01 8.375425452673709970e+00 1.258501879061480189e+01 7.527058107937528497e+00 9.495834117075347081e+00
7.070000000000000284e+01 6.879999999999999716e+01 6.975000000000000000e+01 8.856148492076400203e+00 1.113777369974419074e+01 6.409242989508348920e+00 8.801055060442980249e+00
6.679999999999999716e+01 7.019999999999998863e+01 6.850000000000000000e+01 1.154946584094306772e+01 1.157128637536915328e+01 7.746135688559029120e+00 1.028896263495708219e+01
6.730000000000001137e+01 6.929999999999999716e+01 6.830000000000001137e+01 8.377521486708978671e+00 1.814780833428658724e+01 1.111302413613458739e+01 1.254611798571004933e+01
6.810000000000000853e+01 6.800000000000000000e+01 6.805000000000001137e+01 9.002372536602692321e+00 1.109460921876102191e+01 1.415635889243269396e+01 1.141778021593213488e+01
6.700000000000000000e+01 6.909999999999999432e+01 6.804999999999999716e+01 8.676495020992190277e+00 1.241177274895895444e+01 5.320807282125123550e+00 8.803025017358756088e+00
6.810000000000000853e+01 7.000000000000000000e+01 6.905000000000001137e+01 8.386069585950176375e+00 1.110483071711754377e+01 5.429981017713822133e+00 8.306960440260512613e+00
6.730000000000001137e+01 6.929999999999999716e+01 6.830000000000001137e+01 8.454618316979662040e+00 1.173774151860606452e+01 6.586997852546021548e+00 8.926452562710581518e+00
6.770000000000000284e+01 6.830000000000001137e+01 6.800000000000000000e+01 8.387860014737896108e+00 1.117787137557676935e+01 8.342727255379783102e+00 9.302819548564817964e+00
6.780000000000001137e+01 6.909999999999999432e+01 6.845000000000000284e+01 8.936920168586517832e+00 1.313974131806284440e+01 1.141352343316064655e+01 1.116339497327000352e+01
6.850000000000000000e+01 6.879999999999999716e+01 6.865000000000000568e+01 9.639020540398412606e+00 1.226084074232199406e+01 7.644840154507498653e+00 9.848233812409302956e+00
6.959999999999999432e+01 6.900000000000000000e+01 6.929999999999999716e+01 8.382332304635440323e+00 1.143003762999566320e+01 5.374052820069696423e+00 8.395474251566932722e+00
6.710000000000000853e+01 6.740000000000000568e+01 6.725000000000000000e+01 8.454884858570107298e+00 2.100226787356108815e+01 8.141795177170067177e+00 1.253298263643375243e+01
6.900000000000000000e+01 6.909999999999999432e+01 6.904999999999999716e+01 8.596012721556855141e+00 1.110258393106508201e+01 6.433493980045636107e+00 8.710696877555857753e+00
6.760000000000000853e+01 6.969999999999998863e+01 6.865000000000000568e+01 1.377709677318521564e+01 1.251552942077678843e+01 5.315654041427554155e+00 1.053609341179651970e+01
6.820000000000000284e+01 6.950000000000000000e+01 6.884999999999999432e+01 1.535110902016499956e+01 1.118778008293257642e+01 5.864539810247061169e+00 1.080114297111487787e+01
6.919999999999998863e+01 6.989999999999999147e+01 6.954999999999998295e+01 8.504926573222480357e+00 1.210875962464350764e+01 6.004889158970791563e+00 8.872858452278926222e+00
6.900000000000000000e+01 6.900000000000000000e+01 6.900000000000000000e+01 1.511302554731278036e+01 1.140087465335311556e+01 6.339556047730011912e+00 1.095115208279863594e+01
6.969999999999998863e+01 6.909999999999999432e+01 6.939999999999999147e+01 8.384167607550720547e+00 1.205710677651667950e+01 5.624883553121176050e+00 8.688719312396191441e+00
6.780000000000001137e+01 7.050000000000000000e+01 6.915000000000000568e+01 9.223946708584531251e+00 1.211289146711659548e+01 7.152399480151415467e+00 9.496412551950847103e+00
6.900000000000000000e+01 7.009999999999999432e+01 6.954999999999999716e+01 1.055467588215456054e+01 1.110721239575516250e+01 8.041035390703447305e+00 9.900974556204390709e+00
6.850000000000000000e+01 6.959999999999999432e+01 6.904999999999999716e+01 9.058828287158345205e+00 1.249141626770844482e+01 5.302091070407585427e+00 8.950778541758124263e+00
6.840000000000000568e+01 6.969999999999998863e+01 6.904999999999999716e+01 8.411979057895740297e+00 1.199103572057767941e+01 1.003837380958609771e+01 1.014712952935317247e+01
6.919999999999998863e+01 6.929999999999999716e+01 6.925000000000000000e+01 1.003430855048385340e+01 1.240467887793720791e+01 6.078997768776259747e+00 9.505995065732440352e+00
6.979999999999999716e+01 7.050000000000000000e+01 7.015000000000000568e+01 9.329380238293815353e+00 1.133396444462212571e+01 7.697078880781393906e+00 9.453474521232445582e+00
6.700000000000000000e+01 6.939999999999999147e+01 6.819999999999998863e+01 8.377096189481338939e+00 1.535495696194586479e+01 5.303758611555504210e+00 9.678603920994236276e+00
6.860000000000000853e+01 6.820000000000000284e+01 6.840000000000000568e+01 8.996318060492894730e+00 1.192532418117465021e+01 6.122935212905841418e+00 9.014859151524461822e+00
6.919999999999998863e+01 6.830000000000001137e+01 6.875000000000000000e+01 8.375163495047974749e+00 1.192752619022718008e+01 5.520436433530098164e+00 8.607708706268416776e+00
6.700000000000000000e+01 6.939999999999999147e+01 6.819999999999998863e+01 9.567860456540827840e+00 1.148099558807437681e+01 5.733860227111570396e+00 8.927572090575592867e+00
6.740000000000000568e+01 6.879999999999999716e+01 6.809999999999999432e+01 8.563152652420304989e+00 1.148816725219091772e+01 5.990518652674813538e+00 8.680612852428678750e+00
6.879999999999999716e+01 6.929999999999999716e+01 6.904999999999999716e+01 9.347415902260623355e+00 1.110236343871308584e+01 7.114952126409876065e+00 9.188243822461194199e+00
6.830000000000001137e+01 6.969999999999998863e+01 6.900000000000000000e+01 1.070633902082617439e+01 1.131647476258274665e+01 5.752359564763353639e+00 9.258391116057424597e+00
6.900000000000000000e+01 6.909999999999999432e+01 6.904999999999999716e+01 1.034522447378393117e+01 1.178406939234705320e+01 9.671748805532752513e+00 1.060034755722124622e+01
6.800000000000000000e+01 6.909999999999999432e+01 6.854999999999999716e+01 1.005913801475155189e+01 1.113085138554557219e+01 8.534384772614467707e+00 9.908124724303862152e+00
6.730000000000001137e+01 6.929999999999999716e+01 6.830000000000001137e+01 1.020245475494029463e+01 1.811679789655940453e+01 6.356865026968465671e+00 1.155870589282272221e+01
6.780000000000001137e+01 6.720000000000000284e+01 6.750000000000000000e+01 1.224577670504598181e+01 1.109654436734570737e+01 6.137177766870891560e+00 9.826499613087527507e+00
6.860000000000000853e+01 6.889999999999999147e+01 6.875000000000000000e+01 1.073678047609498343e+01 1.125721904669427431e+01 6.042856770675808953e+00 9.345618764488355268e+00
6.860000000000000853e+01 6.889999999999999147e+01 6.875000000000000000e+01 8.382756444574559040e+00 1.119524738891102267e+01 7.783728291868791338e+00 9.120577375118124053e+00
6.909999999999999432e+01 7.029999999999999716e+01 6.969999999999998863e+01 9.289506189918846246e+00 1.419627933488073523e+01 1.263242183230029525e+01 1.203940245236662498e+01
6.860000000000000853e+01 6.939999999999999147e+01 6.900000000000000000e+01 9.019046367260026287e+00 1.214229966278105977e+01 7.783481234613572219e+00 9.648275754884886979e+00
6.850000000000000000e+01 6.919999999999998863e+01 6.884999999999999432e+01 1.202653869224741889e+01 1.213348099786592371e+01 5.494579571749028446e+00 9.884866420620790350e+00
7.000000000000000000e+01 6.730000000000001137e+01 6.865000000000000568e+01 1.073879528871307976e+01 1.132671711843288698e+01 5.614176762963452916e+00 9.226563056703140475e+00
6.790000000000000568e+01 7.019999999999998863e+01 6.904999999999999716e+01 9.013522756175964545e+00 1.309330840877292168e+01 5.652909981045806553e+00 9.253247048664897889e+00
6.889999999999999147e+01 6.929999999999999716e+01 6.909999999999999432e+01 9.593811152460208547e+00 1.150213568795936325e+01 9.221513778551098994e+00 1.010582020632355693e+01
6.919999999999998863e+01 6.950000000000000000e+01 6.934999999999999432e+01 9.919119578101751600e+00 1.115255578611699327e+01 5.548063349508571385e+00 8.873246237909105716e+00
6.870000000000000284e+01 6.840000000000000568e+01 6.855000000000001137e+01 1.024019966810088533e+01 1.113053679582784383e+01 8.604076231306406086e+00 9.991604231745045084e+00
6.750000000000000000e+01 6.820000000000000284e+01 6.784999999999999432e+01 8.378159650949552173e+00 1.168171892190736649e+01 6.601732094820166097e+00 8.887203555892360995e+00
6.979999999999999716e+01 7.000000000000000000e+01 6.990000000000000568e+01 1.024657772298312608e+01 1.243337725304763453e+01 5.294084931336088040e+00 9.324679969122282586e+00
6.700000000000000000e+01 6.950000000000000000e+01 6.825000000000000000e+01 8.461745399121788580e+00 1.196760020340783370e+01 5.791232744334147142e+00 8.740192782287921958e+00
6.840000000000000568e+01 7.029999999999999716e+01 6.934999999999999432e+01 8.513070001355760752e+00 1.228815196109992947e+01 1.011996861327667574e+01 1.030706352524412317e+01
6.879999999999999716e+01 6.850000000000000000e+01 6.865000000000000568e+01 9.001215683978671223e+00 1.157389977654550783e+01 6.915560826168015929e+00 9.163558762230731958e+00
