6.570000000000000284e+01 7.089999999999999147e+01 6.829999999999999716e+01 9.416397934783120149e+00 1.284344642519003088e+01 8.000418980270557867e+00 1.008675444674790356e+01
7.520000000000000284e+01 6.679999999999999716e+01 7.100000000000000000e+01 9.024675867971746257e+00 9.961358548096850285e+00 9.012981909461274199e+00 9.333005441843290839e+00
7.259999999999999432e+01 6.979999999999999716e+01 7.119999999999998863e+01 1.129960670240713050e+01 1.077622261543374727e+01 7.307112413838436460e+00 9.794313910559770520e+00
6.780000000000001137e+01 7.159999999999999432e+01 6.970000000000000284e+01 1.188321316965925689e+01 1.063091315701520578e+01 7.626409453730530252e+00 1.004684526013499912e+01
6.740000000000000568e+01 7.050000000000000000e+01 6.895000000000000284e+01 8.790732553626888546e+00 1.179825234359392816e+01 7.455730565184073733e+00 9.348238487468297109e+00
6.730000000000001137e+01 6.950000000000000000e+01 6.840000000000000568e+01 9.430191638075626770e+00 9.808782217732190389e+00 1.757835087407163144e+01 1.227244157662648227e+01
6.919999999999998863e+01 6.870000000000000284e+01 6.894999999999998863e+01 8.701193172805643528e+00 1.137277169830637114e+01 1.131242964528725103e+01 1.046213150546642190e+01
6.850000000000000000e+01 7.009999999999999432e+01 6.929999999999999716e+01 1.159298557766742555e+01 9.676192122055706335e+00 9.052584725397389676e+00 1.010725414170683933e+01
6.870000000000000284e+01 6.989999999999999147e+01 6.929999999999999716e+01 1.141326721531128996e+01 1.844852390092075822e+01 9.413452846530118379e+00 1.309174798758738945e+01
6.710000000000000853e+01 7.050000000000000000e+01 6.880000000000001137e+01 6.333464621997212163e+00 8.389179912711320242e+00 6.553904456255763122e+00 7.092182996988097621e+00
6.979999999999999716e+01 6.919999999999998863e+01 6.950000000000000000e+01 9.069266171367626583e+00 1.198230840218468352e+01 6.644777480380138712e+00 9.232117351310815678e+00
6.700000000000000000e+01 6.889999999999999147e+01 6.794999999999998863e+01 9.026400782031450021e+00 1.204110296804239155e+01 5.274426302072439121e+00 8.780643350715426010e+00
6.850000000000000000e+01 6.820000000000000284e+01 6.834999999999999432e+01 1.121013177449537146e+01 1.210313179045103560e+01 8.919872584198976995e+00 1.074437871638179409e+01
7.039999999999999147e+01 6.800000000000000000e+01 6.919999999999998863e+01 1.068728093891521169e+01 1.114459942946822224e+01 7.968727267956035476e+00 9.933535878779823136e+00
6.320000000000000284e+01 6.380000000000000426e+01 6.350000000000000000e+01 1.078523778875264583e+01 1.387673305169275828e+01 3.282759716451599274e+01 1.916318933498713406e+01
7.089999999999999147e+01 6.840000000000000568e+01 6.965000000000000568e+01 1.027564691408002417e+01 1.036149496944344861e+01 8.384756031569924772e+00 9.673965971697798594e+00
6.310000000000000142e+01 7.200000000000000000e+01 6.754999999999999716e+01 1.211975818204373923e+01 1.143570931213321451e+01 2.294669153859159394e+01 1.550071967758951530e+01
6.129999999999999716e+01 6.959999999999999432e+01 6.544999999999998863e+01 1.069523200134763030e+01 1.099874605503572234e+01 6.188633590212823776e+00 9.294203882198724287e+00
6.740000000000000568e+01 6.939999999999999147e+01 6.840000000000000568e+01 1.264753316693663621e+01 1.168062014038930485e+01 9.041551092786001220e+00 1.112323480003731468e+01
7.109999999999999432e+01 6.750000000000000000e+01 6.929999999999999716e+01 1.001880779130570609e+01 1.091401075420328226e+01 6.325628273238646848e+00 9.086148939582544770e+00
7.009999999999999432e+01 7.089999999999999147e+01 7.050000000000000000e+01 9.672331458733752996e+00 1.104816635107063583e+01 9.739389009672063224e+00 1.015329560649215068e+01
6.720000000000000284e+01 6.889999999999999147e+01 6.804999999999999716e+01 1.042451078231698780e+01 1.259131244554831852e+01 1.308204896793410121e+01 1.203262406526646799e+01
6.720000000000000284e+01 7.200000000000000000e+01 6.959999999999999432e+01 8.482220051392079796e+00 1.029808177664532209e+01 8.926610895040919758e+00 9.235637574359440549e+00
6.720000000000000284e+01 7.259999999999999432e+01 6.990000000000000568e+01 1.057843414282511496e+01 1.232459083865931682e+01 6.241656173406673780e+00 9.714893718297036074e+00
6.780000000000001137e+01 6.780000000000001137e+01 6.780000000000001137e+01 9.381099093757967466e+00 1.041267919252432250e+01 8.267239736936861760e+00 9.353672674406384502e+00
6.610000000000000853e+01 6.989999999999999147e+01 6.800000000000000000e+01 8.252397247191231244e+00 9.697617350928645408e+00 7.373527614960770471e+00 8.441180737693549929e+00
6.189999999999999858e+01 6.979999999999999716e+01 6.584999999999999432e+01 1.233192516927441140e+01 1.095726135390120781e+01 2.341274248621253307e+01 1.556730966979605135e+01
6.420000000000000284e+01 6.879999999999999716e+01 6.650000000000000000e+01 9.552383843154537146e+00 9.351137072006576290e+00 6.270525144207292456e+00 8.391348686456135297e+00
6.239999999999999858e+01 7.100000000000000000e+01 6.670000000000000284e+01 7.898530778024806409e+00 1.454094091522657450e+01 2.630372538444037289e+01 1.624773235923058579e+01
6.750000000000000000e+01 7.050000000000000000e+01 6.900000000000000000e+01 1.113545796759373196e+01 1.212006831128269013e+01 1.179806865189374143e+01 1.168453164359005569e+01
6.860000000000000853e+01 6.650000000000000000e+01 6.755000000000001137e+01 9.595077763997899467e+00 1.124490499319676928e+01 1.169610475082602186e+01 1.084536250267356472e+01
6.500000000000000000e+01 6.909999999999999432e+01 6.704999999999999716e+01 1.997839377772933744e+01 1.095383308729221739e+01 7.870184791493326948e+00 1.293413721883829481e+01
6.690000000000000568e+01 6.730000000000001137e+01 6.710000000000000853e+01 1.406002478960368762e+01 1.004891706979933907e+01 7.203115044827361757e+00 1.043735230141012948e+01
6.730000000000001137e+01 6.889999999999999147e+01 6.809999999999999432e+01 9.097081394262188425e+00 1.182836980795648074e+01 1.040565180758946440e+01 1.044370100326937667e+01
7.019999999999998863e+01 7.100000000000000000e+01 7.059999999999999432e+01 1.013049233218693601e+01 1.080525091510805602e+01 9.305897690307359582e+00 1.008054697920078446e+01
6.720000000000000284e+01 6.830000000000001137e+01 6.775000000000000000e+01 8.047162430544736011e+00 9.151671722291636613e+00 1.014402814528364516e+01 9.114287432706673187e+00
6.900000000000000000e+01 7.220000000000000284e+01 7.059999999999999432e+01 8.057261670252444219e+00 1.262442579077580618e+01 5.924264433939462116e+00 8.868650631655905059e+00
6.730000000000001137e+01 7.159999999999999432e+01 6.945000000000000284e+01 8.843816830915313787e+00 1.293919497356560910e+01 8.556238765019314130e+00 1.011308352316674508e+01
5.809999999999999432e+01 7.019999999999998863e+01 6.414999999999999147e+01 1.194789565000658982e+01 9.864995874514642438e+00 2.167411490824264320e+01 1.449566881092129300e+01
6.830000000000001137e+01 7.079999999999999716e+01 6.955000000000001137e+01 1.094716310613467058e+01 9.265773408982909132e+00 8.140439800061837872e+00 9.451125438393139788e+00
6.570000000000000284e+01 6.820000000000000284e+01 6.695000000000000284e+01 9.449182245228957555e+00 1.048298757606856668e+01 8.948640904120363615e+00 9.626936908472629284e+00
6.339999999999999858e+01 7.019999999999998863e+01 6.679999999999999716e+01 8.176296240000716864e+00 1.306524873916496432e+01 2.409693864075758896e+01 1.511282787330775612e+01
7.159999999999999432e+01 7.029999999999999716e+01 7.094999999999998863e+01 9.295671024106441749e+00 1.060846646278873173e+01 8.457561506841821952e+00 9.453899664578997886e+00
6.830000000000001137e+01 6.730000000000001137e+01 6.780000000000001137e+01 1.305063753117851633e+01 9.985220045813738565e+00 7.601858869175336153e+00 1.021257214872253094e+01
6.679999999999999716e+01 7.029999999999999716e+01 6.854999999999999716e+01 1.042872316962263035e+01 1.118172231172464492e+01 1.120082227206770931e+01 1.093708925113832997e+01
6.780000000000001137e+01 7.170000000000000284e+01 6.975000000000000000e+01 8.311100462778091114e+00 9.832453617589546724e+00 6.346414490086292659e+00 8.163322856817975648e+00
6.679999999999999716e+01 6.969999999999998863e+01 6.825000000000000000e+01 8.794549841408464630e+00 1.785286927879552366e+01 6.351629203949846314e+00 1.099968277471794487e+01
6.550000000000000000e+01 7.159999999999999432e+01 6.854999999999999716e+01 9.720168324260258785e+00 1.290423566935396948e+01 2.947782551171109588e+01 1.736740983510844316e+01
6.939999999999999147e+01 6.660000000000000853e+01 6.800000000000000000e+01 1.309438201318893213e+01 1.100606697216396768e+01 8.609182233011146934e+00 1.090321040612134773e+01
7.000000000000000000e+01 7.039999999999999147e+01 7.019999999999998863e+01 1.136153538925254658e+01 1.116698896381382511e+01 8.227018952733649471e+00 1.025184776860000824e+01
6.260000000000000142e+01 6.939999999999999147e+01 6.600000000000000000e+01 8.899788888826494215e+00 1.140512184529632655e+01 2.731364604376750904e+01 1.587285225929677779e+01
5.939999999999999858e+01 7.059999999999999432e+01 6.500000000000000000e+01 1.043158720589672583e+01 9.034318964783647488e+00 2.419412814880976370e+01 1.455334477316337960e+01
6.160000000000000142e+01 6.889999999999999147e+01 6.525000000000000000e+01 1.079929840644425276e+01 9.261250554253461331e+00 2.509828974523165002e+01 1.505294623530978981e+01
6.909999999999999432e+01 6.650000000000000000e+01 6.779999999999999716e+01 1.044809445371111600e+01 1.206282211498078105e+01 7.868118701247261981e+00 1.012634508997972027e+01
6.310000000000000142e+01 6.730000000000001137e+01 6.520000000000000284e+01 1.461343930447218042e+01 1.486081102308515689e+01 2.499449096678359439e+01 1.815624709811364212e+01
6.679999999999999716e+01 6.620000000000000284e+01 6.650000000000000000e+01 9.881640877040345217e+00 1.022753464452069316e+01 9.200424225503793352e+00 9.769866582354943318e+00
6.889999999999999147e+01 7.009999999999999432e+01 6.950000000000000000e+01 1.002644224282860996e+01 1.286782069689403940e+01 8.406691865842672584e+00 1.043365160185510909e+01
6.500000000000000000e+01 7.279999999999999716e+01 6.890000000000000568e+01 1.163598692691916803e+01 1.028679590132150423e+01 9.452474145433015451e+00 1.045841899122456198e+01
6.820000000000000284e+01 6.860000000000000853e+01 6.840000000000000568e+01 9.100355244781548336e+00 1.243196213909078196e+01 7.336056676818255795e+00 9.622791353563529881e+00
6.810000000000000853e+01 6.780000000000001137e+01 6.795000000000001705e+01 9.313440991148384640e+00 1.514604031616526569e+01 7.610210465785425704e+00 1.068989725769969290e+01
6.139999999999999858e+01 7.150000000000000000e+01 6.645000000000000284e+01 8.833056892442172625e+00 9.681005385076248970e+00 2.545368630173419788e+01 1.465591619308420412e+01
6.370000000000000284e+01 6.660000000000000853e+01 6.515000000000000568e+01 9.174268359288435093e+00 1.134458372124956860e+01 6.395821686873253142e+00 8.971557922470418944e+00
7.309999999999999432e+01 6.740000000000000568e+01 7.025000000000000000e+01 8.873774078302467672e+00 1.095353180400554116e+01 9.997273323846807003e+00 9.941526402051605871e+00
6.770000000000000284e+01 7.100000000000000000e+01 6.934999999999999432e+01 9.064992498602016724e+00 1.417754553713715637e+01 1.421122117992961442e+01 1.248458640522292917e+01
6.850000000000000000e+01 7.059999999999999432e+01 6.954999999999999716e+01 9.778600511688212649e+00 1.378766556155558121e+01 6.755283531987787526e+00 1.010718320174385987e+01
7.029999999999999716e+01 6.570000000000000284e+01 6.800000000000000000e+01 9.374237564711956239e+00 1.083876317170690307e+01 9.264814833978576303e+00 9.825938523465811869e+00
6.850000000000000000e+01 7.029999999999999716e+01 6.940000000000000568e+01 1.236073109025687344e+01 1.048133839716840221e+01 8.464873834488800597e+00 1.043564777397135934e+01
6.270000000000000284e+01 7.220000000000000284e+01 6.745000000000000284e+01 9.143607218850267060e+00 9.493831160618045217e+00 2.161348444001617963e+01 1.341697427316149849e+01
6.909999999999999432e+01 7.089999999999999147e+01 7.000000000000000000e+01 8.973354476322363382e+00 1.173768831591188722e+01 9.837204775730427286e+00 1.018274918932156048e+01
6.909999999999999432e+01 6.800000000000000000e+01 6.854999999999999716e+01 9.663581187070366951e+00 1.221975105725513622e+01 6.724522695560517960e+00 9.535951646628673117e+00
6.810000000000000853e+01 6.870000000000000284e+01 6.840000000000000568e+01 1.011516076763044403e+01 1.099105833182619030e+01 1.104169842509315735e+01 1.071597250818326330e+01
6.640000000000000568e+01 6.870000000000000284e+01 6.755000000000001137e+01 1.011651058886708832e+01 1.079159195650915137e+01 1.295695035112208693e+01 1.128835096549944161e+01
7.029999999999999716e+01 7.109999999999999432e+01 7.069999999999998863e+01 1.185160057277591861e+01 1.411741128904215259e+01 8.003301677065060460e+00 1.132410451296104270e+01
6.760000000000000853e+01 6.750000000000000000e+01 6.755000000000001137e+01 1.040453902121204699e+01 1.259870877175936954e+01 9.026088830110824190e+00 1.067644554102741239e+01
6.919999999999998863e+01 7.159999999999999432e+01 7.039999999999999147e+01 9.532898984505179030e+00 1.106981363214340242e+01 5.911997797856166414e+00 8.838236804834915361e+00
5.969999999999999574e+01 7.129999999999999716e+01 6.550000000000000000e+01 7.778957537344370898e+00 1.340929035879915254e+01 2.885396848197777686e+01 1.668073879270709980e+01
6.089999999999999858e+01 7.000000000000000000e+01 6.545000000000000284e+01 1.118496153302949914e+01 1.229616707585728541e+01 2.102790386608173634e+01 1.483634415832283970e+01
6.520000000000000284e+01 6.939999999999999147e+01 6.729999999999999716e+01 9.721199569019619346e+00 9.472932125384000202e+00 2.545367552596721694e+01 1.488260240679027824e+01
6.850000000000000000e+01 6.870000000000000284e+01 6.859999999999999432e+01 9.224031018849778718e+00 1.068364451770255918e+01 8.998389446475695053e+00 9.635354994342678836e+00
6.810000000000000853e+01 7.209999999999999432e+01 7.009999999999999432e+01 1.100059071662002275e+01 9.951884632110932216e+00 8.141456639742148838e+00 9.697977329491035192e+00
6.909999999999999432e+01 7.070000000000000284e+01 6.990000000000000568e+01 7.766036228212414017e+00 1.371644418761811046e+01 6.542113789038086935e+00 9.341531401622869879e+00
6.260000000000000142e+01 6.830000000000001137e+01 6.545000000000000284e+01 9.857583255132071898e+00 9.798421067601566392e+00 2.061558356507107348e+01 1.342386262926823726e+01
6.339999999999999858e+01 7.229999999999999716e+01 6.784999999999999432e+01 9.423971914290930840e+00 1.110820792361196396e+01 2.474665711073430430e+01 1.509294564954573303e+01
6.790000000000000568e+01 7.029999999999999716e+01 6.909999999999999432e+01 1.046757430716845683e+01 1.359818278667576052e+01 2.484418225063666696e+01 1.630331311482696321e+01
6.570000000000000284e+01 6.989999999999999147e+01 6.779999999999999716e+01 1.112370681706553732e+01 1.084502317538750127e+01 1.022120647018323147e+01 1.072997882087875610e+01
5.939999999999999858e+01 7.229999999999999716e+01 6.584999999999999432e+01 8.108311796748738587e+00 1.031510394699892785e+01 2.281178977435266120e+01 1.374506850603344255e+01
5.869999999999999574e+01 7.129999999999999716e+01 6.500000000000000000e+01 1.002064905260695582e+01 8.398611397011137569e+00 2.068053800255284713e+01 1.303326615072364802e+01
5.939999999999999858e+01 7.109999999999999432e+01 6.525000000000000000e+01 1.238872864376298644e+01 1.115566362454952021e+01 2.367932494472627880e+01 1.574123907101292730e+01
6.220000000000000284e+01 6.959999999999999432e+01 6.590000000000000568e+01 9.088393835630608208e+00 9.431320604039131084e+00 9.510358770805298789e+00 9.343357736825012694e+00
6.939999999999999147e+01 7.059999999999999432e+01 7.000000000000000000e+01 6.939854928859547023e+00 1.349455144240395477e+01 7.100068379712134892e+00 9.178158250325212819e+00
6.740000000000000568e+01 7.019999999999998863e+01 6.879999999999999716e+01 1.101372295131117873e+01 1.081848033868822689e+01 1.073924819196840019e+01 1.085715049398926801e+01
6.750000000000000000e+01 6.600000000000000000e+01 6.675000000000000000e+01 9.184371157883736814e+00 1.047079125140999345e+01 5.177361004109433118e+00 8.277507804467720831e+00
6.700000000000000000e+01 7.209999999999999432e+01 6.954999999999999716e+01 9.635190440464928230e+00 9.296623525152369893e+00 9.994630334755226997e+00 9.642148100124174448e+00
6.730000000000001137e+01 6.919999999999998863e+01 6.825000000000000000e+01 9.474838432260050070e+00 1.059051534835358943e+01 1.099917171466774590e+01 1.035484183176046180e+01
6.860000000000000853e+01 7.009999999999999432e+01 6.934999999999999432e+01 1.308729001878522169e+01 1.055465711147233243e+01 5.995545445216238001e+00 9.879164191824598262e+00
6.750000000000000000e+01 6.579999999999999716e+01 6.665000000000000568e+01 9.799150291051981654e+00 1.201507359621800575e+01 1.130758643760070292e+01 1.104060344162356522e+01
6.919999999999998863e+01 6.969999999999998863e+01 6.944999999999998863e+01 1.052303888216340155e+01 1.196062690226260727e+01 9.141565067728020466e+00 1.054174361738467702e+01
6.470000000000000284e+01 7.000000000000000000e+01 6.734999999999999432e+01 9.423597473378832134e+00 1.121738674114655865e+01 1.990065308097669572e+01 1.351387909850069491e+01
7.300000000000000000e+01 7.029999999999999716e+01 7.165000000000000568e+01 9.396327574004164518e+00 1.415206918520017432e+01 1.484668906409242162e+01 1.279836194109891956e+01
6.830000000000001137e+01 7.039999999999999147e+01 6.934999999999999432e+01 8.841873759147384604e+00 1.247963342849313406e+01 6.747234739515589830e+00 9.356247309052037053e+00
