6.479999999999999716e+01 6.300000000000000000e+01 6.389999999999999858e+01 1.916023480968108572e+01 1.665386549215845235e+01 1.160961780787041242e+01 1.580790603656998350e+01
6.670000000000000284e+01 5.300000000000000000e+01 5.985000000000000142e+01 2.872160261905014167e+01 1.655218161600711468e+01 9.229906821086339974e+00 1.816789701871453033e+01
6.289999999999999858e+01 6.139999999999999858e+01 6.214999999999999858e+01 1.701900799546953280e+01 1.885279140844066248e+01 1.161438303998692056e+01 1.582872748129903862e+01
6.029999999999999716e+01 6.079999999999999716e+01 6.054999999999999716e+01 1.447590427242705324e+01 1.733625891197268132e+01 1.258954734715269552e+01 1.480057017718414336e+01
6.420000000000000284e+01 6.220000000000000284e+01 6.320000000000000284e+01 1.727050305532127084e+01 1.652884904419666157e+01 1.307927051131360585e+01 1.562620753694384668e+01
5.580000000000000426e+01 6.380000000000000426e+01 5.980000000000000426e+01 1.593700163182589513e+01 1.760140778477083856e+01 6.446270532421756627e+01 3.266703824693809821e+01
4.680000000000000426e+01 5.969999999999999574e+01 5.325000000000000000e+01 2.205090610141582985e+01 2.139423484233174833e+01 8.261397123523079244e+01 4.201970405965945332e+01
5.850000000000000000e+01 6.640000000000000568e+01 6.245000000000000284e+01 1.594159378532934390e+01 2.172090086673878773e+01 7.166074550836829360e+01 3.644108005347880663e+01
5.739999999999999858e+01 5.580000000000000426e+01 5.660000000000000142e+01 2.210333714110248948e+01 1.737479567084489318e+01 1.539500898451712807e+01 1.829104726548817084e+01
6.160000000000000142e+01 5.330000000000000426e+01 5.745000000000000284e+01 2.705279760313623072e+01 1.818701935085211829e+01 1.408597348289228535e+01 1.977526347896021264e+01
6.529999999999999716e+01 6.279999999999999716e+01 6.404999999999999716e+01 1.821874577974627840e+01 1.663363852855283653e+01 1.021301787008515838e+01 1.502180072612809170e+01
6.440000000000000568e+01 6.089999999999999858e+01 6.265000000000000568e+01 1.852304153364820749e+01 1.983926622240134208e+01 1.125111502572701028e+01 1.653780759392551758e+01
5.979999999999999716e+01 5.260000000000000142e+01 5.620000000000000284e+01 1.735425605666648963e+01 1.754727794292233156e+01 1.326643107916342679e+01 1.605598835958408088e+01
6.270000000000000284e+01 5.709999999999999432e+01 5.989999999999999858e+01 1.402740815392449214e+01 2.288579207385897263e+01 1.054581827818116402e+01 1.581967283532154234e+01
5.969999999999999574e+01 5.350000000000000000e+01 5.659999999999999432e+01 2.415776001452982413e+01 1.684985863874036127e+01 1.150538251854007399e+01 1.750433372393675313e+01
6.129999999999999716e+01 5.240000000000000568e+01 5.685000000000000142e+01 1.461897676079367514e+01 1.857031132507479398e+01 8.287432391575509882e+01 3.868787066720785361e+01
6.250000000000000000e+01 6.179999999999999716e+01 6.214999999999999858e+01 1.481333987269999852e+01 1.986894889611244963e+01 1.444501752585026999e+01 1.637576876488757094e+01
5.669999999999999574e+01 5.390000000000000568e+01 5.529999999999999716e+01 2.239711502201539162e+01 1.673223887908002538e+01 1.043481742502712528e+01 1.652139044204084684e+01
6.389999999999999858e+01 5.909999999999999432e+01 6.150000000000000000e+01 2.130060087252981660e+01 1.865396336313399672e+01 1.320165447900080657e+01 1.771873957155487389e+01
6.629999999999999716e+01 6.220000000000000284e+01 6.425000000000000000e+01 2.021758632487569685e+01 1.700271136009344630e+01 1.145133271064054448e+01 1.622387679853656195e+01
6.210000000000000142e+01 6.079999999999999716e+01 6.145000000000000284e+01 1.695552076327934898e+01 2.004906543990520973e+01 9.867920531794407424e+00 1.562416891165965716e+01
6.110000000000000142e+01 5.689999999999999147e+01 5.900000000000000000e+01 1.524566505633698021e+01 1.915053032472481931e+01 1.191838991093126587e+01 1.543819509733102358e+01
5.749999999999999289e+01 6.160000000000000142e+01 5.954999999999999716e+01 1.656068204877612970e+01 1.772424599725707495e+01 7.861111920119718377e+01 3.763201574907679259e+01
6.560000000000000853e+01 5.739999999999999858e+01 6.150000000000000000e+01 2.802657933660402989e+01 1.651326637943227738e+01 1.858714109343263843e+01 2.104232893648964975e+01
6.450000000000000000e+01 6.339999999999999858e+01 6.395000000000000284e+01 1.733499969791629880e+01 1.626172954978891028e+01 1.408177180171414378e+01 1.589283368313978428e+01
5.859999999999999432e+01 4.989999999999999858e+01 5.425000000000000000e+01 2.821844522467744554e+01 1.761775590040435091e+01 1.722045144246350645e+01 2.101888418918176882e+01
5.580000000000000426e+01 6.440000000000000568e+01 6.010000000000000853e+01 2.407181392320495306e+01 1.819042834747225257e+01 6.719036387916173680e+01 3.648420204994631177e+01
5.669999999999999574e+01 6.179999999999999716e+01 5.925000000000000000e+01 2.270807884279542677e+01 1.599936269454125259e+01 1.151356448693245760e+01 1.674033534142304447e+01
5.900000000000000000e+01 6.540000000000000568e+01 6.220000000000000284e+01 1.953875459575813522e+01 1.967719270230665174e+01 1.493179585056619629e+01 1.804924771621032775e+01
5.979999999999999716e+01 5.989999999999999858e+01 5.984999999999999432e+01 1.399387669481931873e+01 1.908149196707425688e+01 9.806506580331008749e+00 1.429395841407486323e+01
6.250000000000000000e+01 6.670000000000000284e+01 6.459999999999999432e+01 1.524842565564445174e+01 1.823434373825115529e+01 1.620213890263811152e+01 1.656163609884457344e+01
6.239999999999999858e+01 6.550000000000000000e+01 6.395000000000000284e+01 1.401215767700215764e+01 2.013679326588312790e+01 9.040165144526209673e+00 1.439637202913716330e+01
6.610000000000000853e+01 6.119999999999999574e+01 6.365000000000000568e+01 1.317285935435554300e+01 1.845193454191699090e+01 1.177934095600532771e+01 1.446804495075928720e+01
6.380000000000000426e+01 6.110000000000000142e+01 6.245000000000000284e+01 1.798026223473513951e+01 1.926100481072715453e+01 1.157526523521229755e+01 1.627217742689153113e+01
6.200000000000000000e+01 6.110000000000000142e+01 6.154999999999999716e+01 1.503992579775223248e+01 1.720059954100364052e+01 9.862622099433661305e+00 1.403438247939651262e+01
6.089999999999999858e+01 6.179999999999999716e+01 6.134999999999999432e+01 1.524041458027695306e+01 1.592509375044832964e+01 1.172109309465287197e+01 1.429553380845938371e+01
6.500000000000000000e+01 6.479999999999999716e+01 6.490000000000000568e+01 1.582595071107630957e+01 1.705516425019274962e+01 1.044074940972353005e+01 1.444062145699753152e+01
6.310000000000000142e+01 5.809999999999999432e+01 6.059999999999999432e+01 2.086911873440247689e+01 2.023278351584118795e+01 1.233598996574747275e+01 1.781263073866371371e+01
6.270000000000000284e+01 5.669999999999999574e+01 5.970000000000000284e+01 1.291502056210507909e+01 1.673226227138452415e+01 1.651910267459406256e+01 1.538879516936122194e+01
6.229999999999999716e+01 6.500000000000000000e+01 6.364999999999999858e+01 1.638466483240606308e+01 1.594506401334699852e+01 1.185984231588710536e+01 1.472985705388005506e+01
6.560000000000000853e+01 5.939999999999999858e+01 6.250000000000000000e+01 1.675089049933881213e+01 1.876515709949812916e+01 1.333904769819421965e+01 1.628503176567705424e+01
5.610000000000000853e+01 6.429999999999999716e+01 6.020000000000000284e+01 1.614164357285768503e+01 1.842584154078251757e+01 9.121244637281874290e+00 1.456290991697402681e+01
6.529999999999999716e+01 6.370000000000000284e+01 6.450000000000000000e+01 1.760159050267860792e+01 1.783235213484920223e+01 1.034099746452939783e+01 1.525831336735240029e+01
5.450000000000000711e+01 6.300000000000000000e+01 5.875000000000000000e+01 1.576693018397693713e+01 1.836911428464189910e+01 8.881043643210595917e+01 4.098216030024159551e+01
6.570000000000000284e+01 5.859999999999999432e+01 6.214999999999999858e+01 1.451263005279909457e+01 2.287431115081384192e+01 1.725479114056001251e+01 1.821391078139098241e+01
6.360000000000000142e+01 5.290000000000000568e+01 5.825000000000000000e+01 2.661084680029524208e+01 1.462594382084170164e+01 1.198170766074763094e+01 1.773949942729485940e+01
6.110000000000000142e+01 5.110000000000000142e+01 5.610000000000000142e+01 1.911790251728454137e+01 1.821806312788066862e+01 8.751044659121964386e+00 1.536233676809572479e+01
5.060000000000000142e+01 6.679999999999999716e+01 5.870000000000000284e+01 1.678404250129347375e+01 1.655113935429751493e+01 7.362804008385228371e+01 3.565440731314775746e+01
6.019999999999999574e+01 6.350000000000000000e+01 6.184999999999999432e+01 1.722046126773753372e+01 2.802995224039094779e+01 1.484669428945080227e+01 2.003236926585976008e+01
7.050000000000000000e+01 6.089999999999999858e+01 6.570000000000000284e+01 1.612317067987910590e+01 1.840770298427372609e+01 1.224374175139574206e+01 1.559153847184952646e+01
5.470000000000000284e+01 6.310000000000000142e+01 5.890000000000000568e+01 2.039832059922365559e+01 1.833420833733801558e+01 6.643601675243120042e+01 3.505618189633096193e+01
6.590000000000000568e+01 6.189999999999999858e+01 6.390000000000000568e+01 2.109336079631164296e+01 2.863048174889912900e+01 1.242066242320566261e+01 2.071483498947214485e+01
6.339999999999999858e+01 6.329999999999999716e+01 6.334999999999999432e+01 1.536936997446589714e+01 1.944101581949331248e+01 1.153730046136548282e+01 1.544922875177489807e+01
5.900000000000000000e+01 5.850000000000000000e+01 5.875000000000000000e+01 2.750480145552158362e+01 1.670256328176568772e+01 1.151191611159390149e+01 1.857309361629372191e+01
6.139999999999999858e+01 6.579999999999999716e+01 6.359999999999999432e+01 2.220056540748325347e+01 1.567998036468838308e+01 1.580821622831827256e+01 1.789625400016330303e+01
6.570000000000000284e+01 6.260000000000000142e+01 6.415000000000000568e+01 1.677222955101467150e+01 1.753578162510253691e+01 8.877426412649013443e+00 1.439514586292207277e+01
6.409999999999999432e+01 6.029999999999999716e+01 6.219999999999999574e+01 1.656157210909044863e+01 1.841120982808476825e+01 1.793128485666706950e+01 1.763468893128075976e+01
6.540000000000000568e+01 6.479999999999999716e+01 6.509999999999999432e+01 1.597037651544767378e+01 1.724197079895549578e+01 9.023011421711515823e+00 1.407845291203822846e+01
5.490000000000000568e+01 6.520000000000000284e+01 6.005000000000000426e+01 2.102432091479247234e+01 1.764928198696863859e+01 7.757784032551204234e+01 3.875048107575771894e+01
6.579999999999999716e+01 5.969999999999999574e+01 6.275000000000000000e+01 1.667774547491791992e+01 1.769009741387054646e+01 1.165336656709719065e+01 1.534040315196188509e+01
6.000000000000000000e+01 5.929999999999999716e+01 5.964999999999999858e+01 1.389473412597524771e+01 1.714852365423600133e+01 1.245874318515174650e+01 1.450066698845433244e+01
6.229999999999999716e+01 5.850000000000000000e+01 6.039999999999999858e+01 1.683713834199657455e+01 1.818606327692722502e+01 1.216798285468154361e+01 1.573039482453511617e+01
4.530000000000000426e+01 5.759999999999999432e+01 5.145000000000000284e+01 2.316273706738563476e+01 1.671821288084391455e+01 7.155535371159447777e+01 3.714543455327467569e+01
6.150000000000000000e+01 6.289999999999999858e+01 6.220000000000000284e+01 1.409053766742349367e+01 1.658014587143640028e+01 1.169374004351554497e+01 1.412147452745847964e+01
6.279999999999999716e+01 6.339999999999999858e+01 6.309999999999999432e+01 1.942059895318318397e+01 1.631364577734156640e+01 1.610974510175499574e+01 1.728132994409324752e+01
6.189999999999999858e+01 6.860000000000000853e+01 6.525000000000000000e+01 2.441826591557974524e+01 1.630156077793460412e+01 1.279571071841212415e+01 1.783851247064215784e+01
5.150000000000000000e+01 6.220000000000000284e+01 5.685000000000000142e+01 2.179642290096191459e+01 1.922101313237144993e+01 6.724366465082951549e+01 3.608703356138762786e+01
5.900000000000000000e+01 6.279999999999999716e+01 6.089999999999999858e+01 2.297573776451471872e+01 1.676341694426873374e+01 1.157719703949600820e+01 1.710545058275981845e+01
5.170000000000000284e+01 6.520000000000000284e+01 5.845000000000000284e+01 1.648267596868213758e+01 1.670996125204736771e+01 7.027377132160151518e+01 3.448880284744367231e+01
6.310000000000000142e+01 6.450000000000000000e+01 6.379999999999999716e+01 1.501587400620035240e+01 1.790450791201795866e+01 1.292947418978235774e+01 1.528328536933355508e+01
5.280000000000000426e+01 6.239999999999999858e+01 5.760000000000000142e+01 1.985923115742127720e+01 1.699833380986664366e+01 6.909783710908030230e+01 3.531846735878940535e+01
6.060000000000000142e+01 5.530000000000000426e+01 5.795000000000000284e+01 2.088064205795905792e+01 1.709939361628821430e+01 1.330207194901382373e+01 1.709403587442036709e+01
6.239999999999999858e+01 5.850000000000000000e+01 6.045000000000000284e+01 1.785310486997597934e+01 2.124422915135327727e+01 1.303210837896118335e+01 1.737648080009681451e+01
6.370000000000000284e+01 6.129999999999999716e+01 6.250000000000000000e+01 1.543621269246055228e+01 1.736221651232720475e+01 1.133026208798990631e+01 1.470956376425922230e+01
6.069999999999999574e+01 6.339999999999999858e+01 6.204999999999999716e+01 1.556296556630754679e+01 1.606755816906700218e+01 1.519356163263353388e+01 1.560802845600269428e+01
6.200000000000000000e+01 6.510000000000000853e+01 6.355000000000000426e+01 1.893953258362156689e+01 1.858910924806806619e+01 1.206850053564262559e+01 1.653238078911075348e+01
6.139999999999999858e+01 6.329999999999999716e+01 6.234999999999999432e+01 1.409033962161110054e+01 1.822774495576791765e+01 1.286860184960177911e+01 1.506222880899360028e+01
6.429999999999999716e+01 6.300000000000000000e+01 6.364999999999999858e+01 1.322763657152022887e+01 1.673320307092659576e+01 1.018769604835125264e+01 1.338284523026602635e+01
6.600000000000000000e+01 6.440000000000000568e+01 6.520000000000000284e+01 1.727565773428763407e+01 2.116708329070169725e+01 1.056341190537421149e+01 1.633538431012118153e+01
6.510000000000000853e+01 5.939999999999999858e+01 6.225000000000000000e+01 1.570314092997862332e+01 1.867485542653270869e+01 1.245044773782667669e+01 1.560948136477933623e+01
6.360000000000000142e+01 6.160000000000000142e+01 6.260000000000000142e+01 1.520995335477285337e+01 1.728482293524488966e+01 1.699014195099421087e+01 1.649497274700398464e+01
6.239999999999999858e+01 5.649999999999999289e+01 5.944999999999999574e+01 1.415290108705226402e+01 1.924504943164608051e+01 1.232328686730390466e+01 1.524041246200074973e+01
6.420000000000000284e+01 5.260000000000000142e+01 5.840000000000000568e+01 2.372442694749822678e+01 2.137073264788940818e+01 1.295291563434334492e+01 1.934935840991032663e+01
6.279999999999999716e+01 6.210000000000000142e+01 6.245000000000000284e+01 1.506144469863281188e+01 1.823647910989956600e+01 1.309049461804245063e+01 1.546280614219160832e+01
6.300000000000000000e+01 6.279999999999999716e+01 6.289999999999999858e+01 1.586373549794170756e+01 1.835033902430108910e+01 2.548859711547061124e+01 1.990089054590447049e+01
4.869999999999999574e+01 6.009999999999999432e+01 5.439999999999999147e+01 1.713496246428793768e+01 1.667045390821593287e+01 7.262005891549662806e+01 3.547515842933349717e+01
5.979999999999999716e+01 5.879999999999999716e+01 5.929999999999999716e+01 1.630765998283924034e+01 2.365250535562952194e+01 1.228753138792393607e+01 1.741589890879756553e+01
6.440000000000000568e+01 5.490000000000000568e+01 5.965000000000000568e+01 2.074974433199282942e+01 1.669196064349314668e+01 1.028567250755047446e+01 1.590912582767881567e+01
6.279999999999999716e+01 6.590000000000000568e+01 6.434999999999999432e+01 2.542088064530402391e+01 2.027755564217932260e+01 1.136928030584504690e+01 1.902257219777613173e+01
6.100000000000000000e+01 5.850000000000000000e+01 5.975000000000000000e+01 1.859903894288324366e+01 1.780220574792772226e+01 1.583288706500706411e+01 1.741137725193934571e+01
6.119999999999999574e+01 6.389999999999999858e+01 6.254999999999999716e+01 1.719589941668909461e+01 1.625419725144721639e+01 1.550239105680549834e+01 1.631749590831393704e+01
5.460000000000000142e+01 6.100000000000000000e+01 5.779999999999999716e+01 1.596306352758352354e+01 2.090314287889085421e+01 7.343504218504985204e+01 3.676708286384140933e+01
6.229999999999999716e+01 5.969999999999999574e+01 6.100000000000000000e+01 1.576174294890204663e+01 1.759276809215818460e+01 1.001777728492607089e+01 1.445742944199543523e+01
6.139999999999999858e+01 6.260000000000000142e+01 6.200000000000000000e+01 1.571638600684671871e+01 1.605508623598964490e+01 1.310560972868627694e+01 1.495902732384088019e+01
6.170000000000000284e+01 5.749999999999999289e+01 5.959999999999999432e+01 1.635483510950913200e+01 2.094675316369113816e+01 1.055177714613925133e+01 1.595112180644650657e+01
6.710000000000000853e+01 6.119999999999999574e+01 6.415000000000000568e+01 1.524880977463930698e+01 1.964004949215958362e+01 1.687275716873060105e+01 1.725387214517649781e+01
5.869999999999999574e+01 5.440000000000000568e+01 5.654999999999999716e+01 1.786042368714123185e+01 1.759998692774989593e+01 1.379007988591912337e+01 1.641683016693675157e+01
6.079999999999999716e+01 5.210000000000000142e+01 5.645000000000000284e+01 2.181905948302387088e+01 1.951865153687525734e+01 1.279324211858357074e+01 1.804365104616089965e+01
6.200000000000000000e+01 5.310000000000000142e+01 5.754999999999999716e+01 1.711112306164276831e+01 1.667285079558156013e+01 1.010437916288729454e+01 1.462945100670387433e+01
6.570000000000000284e+01 5.889999999999999858e+01 6.229999999999999716e+01 1.669875726455378384e+01 1.869988647075706467e+01 9.361111053663613291e+00 1.491991826299148727e+01
