4.860000000000000142e+01 6.139999999999999858e+01 5.500000000000000000e+01 1.912756667403902711e+01 1.943780202035198457e+01 7.604137546265486947e+01 3.820224805234862941e+01
6.129999999999999716e+01 6.069999999999999574e+01 6.100000000000000000e+01 1.836483840175372251e+01 1.882358408258775029e+01 1.086803245664986406e+01 1.601881831366377895e+01
6.129999999999999716e+01 5.240000000000000568e+01 5.685000000000000142e+01 1.835830982544496948e+01 1.699772323134954632e+01 1.602921906539989294e+01 1.712841737406480291e+01
6.810000000000000853e+01 6.250000000000000000e+01 6.530000000000001137e+01 1.737661081743533131e+01 1.823733934354168795e+01 2.017919703049683022e+01 1.859771573049128435e+01
6.060000000000000142e+01 5.709999999999999432e+01 5.884999999999999432e+01 1.454853200237102584e+01 1.742618393495371265e+01 1.124467002950514249e+01 1.440646198894329366e+01
6.210000000000000142e+01 5.900000000000000000e+01 6.054999999999999716e+01 1.720827940219352570e+01 1.713260187679615143e+01 1.100097609320286729e+01 1.511395245739751481e+01
6.339999999999999858e+01 6.289999999999999858e+01 6.314999999999999858e+01 1.622128316498964296e+01 1.651613532138494378e+01 1.508180373523181927e+01 1.593974074053546985e+01
6.270000000000000284e+01 5.950000000000000000e+01 6.110000000000000142e+01 2.210409970056264584e+01 1.747062312700330367e+01 1.284371040151268417e+01 1.747281107635954456e+01
6.350000000000000000e+01 6.200000000000000000e+01 6.275000000000000000e+01 1.407555093614679365e+01 2.136366210565774892e+01 1.480025451175578866e+01 1.674648918452011159e+01
6.160000000000000142e+01 5.240000000000000568e+01 5.700000000000000000e+01 1.523917755048248068e+01 1.737261758135871048e+01 1.558378610840393463e+01 1.606519374674837408e+01
6.380000000000000426e+01 6.389999999999999858e+01 6.385000000000000142e+01 1.863479807605508753e+01 1.901071705660269728e+01 1.410508744769451894e+01 1.725020086011743459e+01
6.260000000000000142e+01 6.510000000000000853e+01 6.385000000000000853e+01 2.046438179335665808e+01 1.920701643321376295e+01 1.534768672581989790e+01 1.833969498413010513e+01
5.699999999999999289e+01 5.520000000000000284e+01 5.609999999999999432e+01 1.700213383449789006e+01 1.684208634558103768e+01 1.268503194550333646e+01 1.550975070852742022e+01
6.750000000000000000e+01 6.000000000000000000e+01 6.375000000000000000e+01 1.554524111627951299e+01 1.981338351837876388e+01 1.500996611595001795e+01 1.678953025020276257e+01
6.660000000000000853e+01 6.110000000000000142e+01 6.385000000000000853e+01 2.053679507226880219e+01 1.949088871550973323e+01 1.099976526138418897e+01 1.700914968305424324e+01
6.160000000000000142e+01 6.050000000000000000e+01 6.104999999999999716e+01 1.529339434336790227e+01 1.911638175511506788e+01 9.948010229427085349e+00 1.478592877597001909e+01
4.829999999999999716e+01 6.220000000000000284e+01 5.525000000000000000e+01 1.406717620050743989e+01 1.767621220346566702e+01 6.238225858135516688e+01 3.137521566177609245e+01
6.170000000000000284e+01 6.129999999999999716e+01 6.150000000000000000e+01 1.524468695141477959e+01 1.823673946741093843e+01 1.074122345936173417e+01 1.474088329272915132e+01
6.029999999999999716e+01 6.550000000000000000e+01 6.289999999999999858e+01 1.501313476777419709e+01 1.641278996251276467e+01 1.316295472874470995e+01 1.486295981967722390e+01
6.590000000000000568e+01 6.590000000000000568e+01 6.590000000000000568e+01 1.598832796303478254e+01 1.832203279242481386e+01 1.012904382398239456e+01 1.481313485981399758e+01
6.350000000000000000e+01 5.889999999999999858e+01 6.120000000000000284e+01 1.555910341977807754e+01 1.968779593362616254e+01 1.511219235827098473e+01 1.678636390389173982e+01
6.750000000000000000e+01 5.850000000000000000e+01 6.300000000000000000e+01 1.440384605346266333e+01 1.952660281018981792e+01 1.126623882683603384e+01 1.506556256349617229e+01
6.409999999999999432e+01 5.600000000000000711e+01 6.004999999999999716e+01 1.735167375099801035e+01 1.947629959155468171e+01 1.310601266593470271e+01 1.664466200282913277e+01
6.270000000000000284e+01 6.670000000000000284e+01 6.470000000000000284e+01 1.556553877644373785e+01 1.693438243811677779e+01 9.622762229735858597e+00 1.404089448143212415e+01
5.580000000000000426e+01 5.330000000000000426e+01 5.455000000000000426e+01 1.718931716937598253e+01 1.816012605946342973e+01 1.066325178298617615e+01 1.533756500394186162e+01
6.270000000000000284e+01 6.119999999999999574e+01 6.195000000000000284e+01 1.895379624051378897e+01 1.772749858203963669e+01 1.674721639229998615e+01 1.780950373828447297e+01
6.550000000000000000e+01 6.389999999999999858e+01 6.470000000000000284e+01 1.655906980565513464e+01 1.886661291112471872e+01 1.392198307073562979e+01 1.644922192917182713e+01
5.789999999999999858e+01 5.610000000000000853e+01 5.700000000000000000e+01 1.562286019148456617e+01 1.748994524554716179e+01 1.202141988811711393e+01 1.504474177504961396e+01
6.750000000000000000e+01 6.229999999999999716e+01 6.490000000000000568e+01 1.767156633490789730e+01 1.952125226971529415e+01 1.427850263358719829e+01 1.715710707940346325e+01
6.250000000000000000e+01 5.570000000000000284e+01 5.910000000000000142e+01 1.708445732713166265e+01 1.755125731859946825e+01 1.095963854186358333e+01 1.519845106253156963e+01
6.320000000000000284e+01 5.919999999999999574e+01 6.120000000000000284e+01 1.440479279466448581e+01 2.050014510842503057e+01 1.066710217751998790e+01 1.519068002686983476e+01
6.460000000000000853e+01 5.889999999999999858e+01 6.175000000000000000e+01 1.933765241797223666e+01 1.983531550462927129e+01 1.187706439253060431e+01 1.701667743837737135e+01
6.270000000000000284e+01 5.540000000000000568e+01 5.905000000000000426e+01 1.594055349820587075e+01 2.246124741534498170e+01 1.692877198863330790e+01 1.844352430072805404e+01
6.470000000000000284e+01 6.260000000000000142e+01 6.365000000000000568e+01 1.731664415924341327e+01 2.078575758643160398e+01 1.506176347071224519e+01 1.772138840546242022e+01
6.009999999999999432e+01 6.129999999999999716e+01 6.069999999999999574e+01 1.535782023266177632e+01 2.005703504228820577e+01 9.818668796966136370e+00 1.507784135730537400e+01
5.590000000000000568e+01 4.970000000000000284e+01 5.280000000000000426e+01 1.696906445262187546e+01 1.988793214196991244e+01 2.189293029309488503e+01 1.958330896256222431e+01
6.830000000000001137e+01 6.009999999999999432e+01 6.420000000000000284e+01 2.029107316935465022e+01 2.138711840352589988e+01 1.868054037202537643e+01 2.011957731496864099e+01
6.170000000000000284e+01 6.000000000000000000e+01 6.085000000000000142e+01 1.405085555597776725e+01 2.245952731487686549e+01 1.144504126504859975e+01 1.598514137863441142e+01
6.310000000000000142e+01 5.610000000000000853e+01 5.960000000000000853e+01 1.400850340398016236e+01 2.365829566533130190e+01 1.391572328151700866e+01 1.719417411694282549e+01
6.150000000000000000e+01 5.869999999999999574e+01 6.009999999999999432e+01 1.550226026571895055e+01 1.916810687009705916e+01 9.821767960629072647e+00 1.483071169881502804e+01
5.759999999999999432e+01 5.220000000000000284e+01 5.489999999999999858e+01 1.831017495486733537e+01 1.986107429439514505e+01 1.031415214633328326e+01 1.616180046519858848e+01
5.769999999999999574e+01 5.719999999999999574e+01 5.744999999999999574e+01 1.590111256462181366e+01 2.149237990363746675e+01 1.358308972812080384e+01 1.699219406546002986e+01
5.160000000000000142e+01 6.520000000000000284e+01 5.840000000000000568e+01 1.752311941089689640e+01 1.696850200670434816e+01 8.991139094269961163e+01 4.146767078676695206e+01
6.110000000000000142e+01 6.150000000000000000e+01 6.129999999999999716e+01 1.519152682540025978e+01 1.746954280971004891e+01 1.037791930954075958e+01 1.434632964821702217e+01
6.339999999999999858e+01 5.989999999999999858e+01 6.164999999999999858e+01 1.521506002418891690e+01 2.010377898289375409e+01 1.525775605019391001e+01 1.685886501909219604e+01
6.350000000000000000e+01 6.279999999999999716e+01 6.314999999999999858e+01 1.822349428854237630e+01 2.095838973717973275e+01 1.151533301624154682e+01 1.689907234732121921e+01
5.989999999999999858e+01 6.000000000000000000e+01 5.995000000000000284e+01 1.560365804505433296e+01 1.668858897741852942e+01 1.120794561592589567e+01 1.450006421279958602e+01
6.220000000000000284e+01 5.500000000000000711e+01 5.860000000000000853e+01 1.932482307318106507e+01 1.874488359040880425e+01 1.175620823641144597e+01 1.660863830000043961e+01
5.889999999999999858e+01 6.069999999999999574e+01 5.979999999999999716e+01 1.521615054783346999e+01 2.003275781114104603e+01 1.364474857118946360e+01 1.629788564338799617e+01
5.709999999999999432e+01 6.529999999999999716e+01 6.119999999999999574e+01 1.913789380562764464e+01 2.034966683807711973e+01 1.015939485010782484e+01 1.654898516460419700e+01
6.320000000000000284e+01 6.039999999999999858e+01 6.179999999999999716e+01 1.733507892408151108e+01 1.846054636546928762e+01 1.438744467487240719e+01 1.672768998814106922e+01
5.989999999999999858e+01 5.859999999999999432e+01 5.925000000000000000e+01 1.802907208640244363e+01 1.952847476084784972e+01 1.232520571433862244e+01 1.662758418719630527e+01
6.170000000000000284e+01 5.739999999999999858e+01 5.954999999999999716e+01 1.400897144193457500e+01 1.940179234320967083e+01 9.008835431884239853e+00 1.413986640567616426e+01
6.440000000000000568e+01 5.869999999999999574e+01 6.154999999999999716e+01 1.926359259478446262e+01 1.889980197067485790e+01 1.115981270690229010e+01 1.644106909078720591e+01
4.910000000000000142e+01 6.210000000000000142e+01 5.560000000000000142e+01 1.401303331555072695e+01 1.687988406876442937e+01 7.024059223949389263e+01 3.371116987460301573e+01
6.220000000000000284e+01 5.900000000000000000e+01 6.060000000000000142e+01 1.662827085967185781e+01 1.914670854631872743e+01 1.151741096208768411e+01 1.576413012269275704e+01
6.119999999999999574e+01 6.160000000000000142e+01 6.139999999999999858e+01 1.454491750045666443e+01 1.872771624628404297e+01 1.126030791738269521e+01 1.484431388804113539e+01
6.479999999999999716e+01 6.129999999999999716e+01 6.304999999999999716e+01 1.537213806026015739e+01 1.756423222534147399e+01 1.131513558141389808e+01 1.475050195567184375e+01
6.750000000000000000e+01 6.520000000000000284e+01 6.634999999999999432e+01 1.571043178196147849e+01 2.040064010496093161e+01 1.548256838989410866e+01 1.719788009227217174e+01
6.520000000000000284e+01 5.950000000000000000e+01 6.235000000000000142e+01 1.557528199964463589e+01 1.627255430051172880e+01 1.041679024363175365e+01 1.408820884792937278e+01
6.289999999999999858e+01 6.160000000000000142e+01 6.225000000000000000e+01 1.550089054956952417e+01 1.932849015701242124e+01 1.056678728936519107e+01 1.513205599864904549e+01
5.979999999999999716e+01 5.590000000000000568e+01 5.785000000000000142e+01 1.426050865542244850e+01 2.252365735214324971e+01 1.155353675496767352e+01 1.611256758751112628e+01
6.560000000000000853e+01 6.500000000000000000e+01 6.530000000000001137e+01 1.411808942589866156e+01 2.014980515489863677e+01 1.078808056433959983e+01 1.501865838171229939e+01
6.520000000000000284e+01 6.179999999999999716e+01 6.350000000000000000e+01 1.624457468287814521e+01 1.573087678774909648e+01 1.191020008998734170e+01 1.462855052020486113e+01
6.079999999999999716e+01 5.889999999999999858e+01 5.984999999999999432e+01 1.408029845338791297e+01 1.667039194714227079e+01 1.694496187630824480e+01 1.589855075894614345e+01
5.979999999999999716e+01 5.230000000000000426e+01 5.604999999999999716e+01 1.827742272265561851e+01 1.995702745312469872e+01 1.263641218153327905e+01 1.695695411910453387e+01
5.729999999999999716e+01 6.370000000000000284e+01 6.050000000000000000e+01 1.793131663654273922e+01 2.027445183611477475e+01 1.162082371527198887e+01 1.660886406264316761e+01
6.029999999999999716e+01 5.879999999999999716e+01 5.954999999999999716e+01 1.539260673833630655e+01 2.113141553495350422e+01 1.267063700062571385e+01 1.639821975797184095e+01
5.420000000000000284e+01 6.850000000000000000e+01 6.135000000000000142e+01 1.527769217041322669e+01 1.794560766390569029e+01 7.395482824565439728e+01 3.572604269332443749e+01
5.919999999999999574e+01 4.889999999999999858e+01 5.404999999999999716e+01 1.657763267039401711e+01 1.914709487712005753e+01 1.441044027758112378e+01 1.671172260836506851e+01
5.839999999999999858e+01 6.600000000000000000e+01 6.220000000000000284e+01 1.828145995264188883e+01 1.600355005271387654e+01 1.673242563182894571e+01 1.700581187906157155e+01
5.020000000000000284e+01 6.039999999999999858e+01 5.529999999999999716e+01 1.528442308801239946e+01 3.001083432103341408e+01 6.846839857969835919e+01 3.792121866291472543e+01
4.700000000000000000e+01 6.009999999999999432e+01 5.354999999999999716e+01 2.159560233727288647e+01 1.775891718887440973e+01 7.044111034346781253e+01 3.659854328987170646e+01
5.969999999999999574e+01 6.060000000000000142e+01 6.014999999999999858e+01 1.463122297045867448e+01 1.681926673605346423e+01 1.145523150290304137e+01 1.430190706980505944e+01
5.440000000000000568e+01 5.560000000000000853e+01 5.500000000000000711e+01 1.335538928564656835e+01 1.828788885691924548e+01 7.449168510259671905e+01 3.537832108172084844e+01
6.170000000000000284e+01 5.769999999999999574e+01 5.970000000000000284e+01 1.767438510503727400e+01 1.936996447660946785e+01 9.328866193431997189e+00 1.545773859169291420e+01
6.250000000000000000e+01 6.239999999999999858e+01 6.245000000000000284e+01 1.639891563400209407e+01 1.779906125078814227e+01 1.173817131601600039e+01 1.531204940026874617e+01
6.270000000000000284e+01 5.759999999999999432e+01 6.014999999999999858e+01 1.520660908187529436e+01 1.886619982683395591e+01 1.320323939674519487e+01 1.575868276848481564e+01
6.380000000000000426e+01 5.639999999999999147e+01 6.009999999999999432e+01 1.949754258270554175e+01 2.119247415105871468e+01 1.195440234782777367e+01 1.754813969386400885e+01
6.550000000000000000e+01 5.550000000000000711e+01 6.050000000000000000e+01 1.739702995602350910e+01 1.997375838133737602e+01 1.508543056199298249e+01 1.748540629978462491e+01
6.179999999999999716e+01 5.869999999999999574e+01 6.025000000000000000e+01 1.419052685943115932e+01 1.804795143308646743e+01 1.030452067338959132e+01 1.418099965530240603e+01
6.300000000000000000e+01 5.610000000000000853e+01 5.955000000000000426e+01 2.022808586026085109e+01 1.948976530721142097e+01 9.503048442546928598e+00 1.640696653667306748e+01
6.730000000000001137e+01 6.370000000000000284e+01 6.550000000000000000e+01 1.542359603082224773e+01 1.458128797346091865e+01 1.274995126690193992e+01 1.425161175706170269e+01
6.170000000000000284e+01 6.039999999999999858e+01 6.104999999999999716e+01 1.402789324232165136e+01 1.683296909248762674e+01 1.800855090711219830e+01 1.628980441397382606e+01
5.270000000000000284e+01 5.950000000000000000e+01 5.610000000000000142e+01 1.781820850910506238e+01 1.984062395291755365e+01 6.576144886794054401e+01 3.447342710998771764e+01
6.540000000000000568e+01 6.500000000000000000e+01 6.520000000000000284e+01 2.050425717029441586e+01 1.927781530293093226e+01 1.438351903220118544e+01 1.805519716847551237e+01
5.979999999999999716e+01 5.879999999999999716e+01 5.929999999999999716e+01 1.596555078060572797e+01 1.724487640933935495e+01 1.265599016585581005e+01 1.528880578526696432e+01
6.239999999999999858e+01 6.529999999999999716e+01 6.384999999999999432e+01 1.683258109496931354e+01 1.775799811956440877e+01 1.380376773530919721e+01 1.613144898328097199e+01
6.189999999999999858e+01 5.869999999999999574e+01 6.029999999999999716e+01 1.854976286622940407e+01 1.978879229535724349e+01 9.925530836992450645e+00 1.608802866619303273e+01
6.179999999999999716e+01 5.510000000000000142e+01 5.845000000000000284e+01 1.660064048837825723e+01 1.884411936185868797e+01 1.436674424172826647e+01 1.660383469732174078e+01
6.500000000000000000e+01 6.189999999999999858e+01 6.345000000000000284e+01 1.765891151375321044e+01 1.685977042872260512e+01 1.309669067733786285e+01 1.587179087327122495e+01
5.900000000000000000e+01 5.100000000000000000e+01 5.500000000000000000e+01 1.722927095882233317e+01 1.694062986677807103e+01 1.132511821633385196e+01 1.516500634731141872e+01
6.670000000000000284e+01 5.749999999999999289e+01 6.209999999999999432e+01 1.542163446514877556e+01 2.053776905397375430e+01 1.525663398768065093e+01 1.707201250226772871e+01
6.380000000000000426e+01 6.529999999999999716e+01 6.454999999999999716e+01 1.402387219697271625e+01 1.866779486776131591e+01 1.109354637398783439e+01 1.459507114624062218e+01
6.160000000000000142e+01 5.879999999999999716e+01 6.020000000000000284e+01 1.545985866872996439e+01 2.001411565090741718e+01 1.155588062435542973e+01 1.567661831466426925e+01
5.520000000000000284e+01 5.769999999999999574e+01 5.645000000000000284e+01 1.846111422871492991e+01 1.668245433593063609e+01 1.510504656410660473e+01 1.674953837625072239e+01
6.909999999999999432e+01 6.000000000000000000e+01 6.454999999999999716e+01 1.658177311788521280e+01 2.380912493051053858e+01 1.941355661877879868e+01 1.993481822239151668e+01
6.239999999999999858e+01 6.069999999999999574e+01 6.154999999999999716e+01 1.721243621110809130e+01 2.016825819904100214e+01 1.150664083396378956e+01 1.629577841470429078e+01
5.989999999999999858e+01 5.799999999999999289e+01 5.894999999999999574e+01 1.519791713489958873e+01 1.941270028598536967e+01 1.010647593573622771e+01 1.490569778554039537e+01
5.350000000000000000e+01 6.380000000000000426e+01 5.865000000000000568e+01 1.663384992389441663e+01 1.690866325938724302e+01 7.556851075900713965e+01 3.637034131409626525e+01
