6.640000000000000568e+01 5.819999999999999574e+01 6.229999999999999716e+01 1.494059545194103222e+01 1.748130519454414866e+01 1.833379045586063683e+01 1.691856370078194161e+01
6.420000000000000284e+01 6.640000000000000568e+01 6.530000000000001137e+01 1.577137377401345653e+01 2.129849975373215187e+01 1.687581351336501001e+01 1.798189568037020436e+01
5.950000000000000000e+01 5.300000000000000000e+01 5.625000000000000000e+01 1.553852382795850851e+01 1.922717300979877564e+01 1.536797405159474650e+01 1.671122362978401199e+01
6.289999999999999858e+01 6.470000000000000284e+01 6.379999999999999716e+01 1.683776951778407494e+01 1.799970000509929946e+01 1.187515161877455938e+01 1.557087371388597852e+01
6.409999999999999432e+01 5.649999999999999289e+01 6.029999999999999716e+01 1.649138058078916202e+01 1.684850806903871856e+01 1.007132985641360357e+01 1.447040616874716257e+01
5.550000000000000711e+01 6.129999999999999716e+01 5.840000000000000568e+01 1.658062082759246536e+01 1.617085209968102788e+01 7.896444566314164604e+01 3.723863953013837857e+01
6.590000000000000568e+01 6.229999999999999716e+01 6.409999999999999432e+01 1.706133075506799912e+01 1.721507470471682311e+01 1.355511965960302412e+01 1.594384170646261545e+01
6.409999999999999432e+01 6.279999999999999716e+01 6.344999999999999574e+01 1.414324939100595735e+01 1.953310571987249844e+01 1.515577342647294046e+01 1.627737617911713031e+01
6.750000000000000000e+01 6.780000000000001137e+01 6.765000000000000568e+01 1.378093259401036974e+01 1.821073643796371755e+01 1.285867657364563321e+01 1.495011520187324017e+01
6.389999999999999858e+01 6.329999999999999716e+01 6.359999999999999432e+01 1.500226649591411743e+01 1.825903027437134085e+01 8.829670104168908296e+00 1.403032229148478827e+01
6.350000000000000000e+01 6.239999999999999858e+01 6.295000000000000284e+01 1.353262267394090479e+01 2.050200987484099358e+01 1.448488812912570900e+01 1.617317355930253697e+01
6.229999999999999716e+01 6.170000000000000284e+01 6.200000000000000000e+01 1.512022575124599477e+01 1.725751668125091953e+01 1.588534192804104350e+01 1.608769478684598653e+01
6.150000000000000000e+01 5.909999999999999432e+01 6.029999999999999716e+01 1.656483477460782794e+01 1.666966775940688805e+01 9.934924049846133087e+00 1.438980886128694969e+01
5.440000000000000568e+01 6.570000000000000284e+01 6.005000000000000426e+01 1.512990804896345054e+01 1.635399503384650899e+01 6.868200909112830743e+01 3.338863739131275565e+01
6.189999999999999858e+01 5.290000000000000568e+01 5.740000000000000568e+01 1.640261690505587566e+01 2.401927202870830058e+01 1.519210257481693205e+01 1.853799716952703491e+01
6.260000000000000142e+01 5.869999999999999574e+01 6.064999999999999858e+01 1.798851951608902411e+01 2.208533046481548467e+01 1.231641183019400110e+01 1.746342060369950389e+01
6.069999999999999574e+01 5.769999999999999574e+01 5.919999999999999574e+01 1.767586277343818679e+01 1.935296197651609873e+01 1.390441966124039652e+01 1.697774813706489283e+01
4.739999999999999858e+01 6.139999999999999858e+01 5.439999999999999858e+01 1.833068355730378940e+01 1.748168202406290916e+01 6.517944070814976953e+01 3.366393542983882270e+01
6.260000000000000142e+01 5.909999999999999432e+01 6.084999999999999432e+01 1.422520961758844393e+01 2.287360034479471693e+01 9.067157386691306442e+00 1.538865578302482184e+01
6.790000000000000568e+01 6.089999999999999858e+01 6.440000000000000568e+01 1.731173949721813443e+01 1.482534662535095471e+01 1.062777505286709712e+01 1.425495372514539305e+01
6.679999999999999716e+01 6.560000000000000853e+01 6.620000000000000284e+01 1.322312099182794931e+01 1.779339123265710754e+01 1.188690892806566879e+01 1.430114038418357403e+01
6.409999999999999432e+01 6.060000000000000142e+01 6.234999999999999432e+01 1.580191278873078531e+01 2.083097702238756099e+01 1.162681731377169214e+01 1.608656904163001400e+01
6.429999999999999716e+01 6.429999999999999716e+01 6.429999999999999716e+01 1.564777677223009533e+01 2.328629982005518784e+01 1.236598539289605370e+01 1.710002066172711110e+01
6.179999999999999716e+01 6.320000000000000284e+01 6.250000000000000000e+01 1.578341373209331877e+01 1.683109554864814328e+01 1.125218175477876414e+01 1.462223034517340636e+01
6.579999999999999716e+01 5.939999999999999858e+01 6.259999999999999432e+01 1.901579462415390864e+01 2.073350603540334447e+01 1.346376457857593145e+01 1.773768841271106211e+01
6.320000000000000284e+01 5.370000000000000284e+01 5.845000000000000284e+01 1.512494309963567041e+01 1.737259448898981518e+01 1.110098418608561666e+01 1.453284059157036801e+01
5.280000000000000426e+01 6.150000000000000000e+01 5.715000000000000568e+01 1.523752227248520796e+01 1.925075947053824876e+01 7.132980293757178458e+01 3.527269489353174237e+01
6.320000000000000284e+01 6.089999999999999858e+01 6.204999999999999716e+01 1.559885995315904417e+01 1.714808186198281348e+01 1.200470829600525668e+01 1.491721670371570418e+01
6.119999999999999574e+01 5.679999999999999716e+01 5.900000000000000000e+01 1.528048436339714833e+01 1.734067071516007985e+01 1.028619453666317440e+01 1.430244987174013538e+01
6.950000000000000000e+01 6.069999999999999574e+01 6.509999999999999432e+01 1.631345683861123774e+01 1.801538471648491679e+01 1.313881034234115575e+01 1.582255063247910165e+01
5.210000000000000142e+01 5.809999999999999432e+01 5.509999999999999432e+01 1.621963977935240564e+01 2.173207216492257743e+01 7.533687958662774520e+01 3.776286384363424276e+01
6.409999999999999432e+01 6.409999999999999432e+01 6.409999999999999432e+01 1.314588603586146220e+01 2.765302057474558595e+01 9.807170179879202365e+00 1.686869226349541506e+01
6.170000000000000284e+01 5.410000000000000142e+01 5.790000000000000568e+01 1.659185243830662770e+01 1.977364625430729106e+01 1.827650926602206027e+01 1.821400265287865849e+01
6.289999999999999858e+01 5.749999999999999289e+01 6.019999999999999574e+01 1.654720656993156425e+01 2.052482464866910661e+01 1.021310748628256349e+01 1.576171290162774596e+01
6.050000000000000000e+01 6.150000000000000000e+01 6.100000000000000000e+01 2.207724645454805312e+01 2.141096477320135349e+01 9.578315460681540827e+00 1.768884222947697893e+01
6.700000000000000000e+01 6.110000000000000142e+01 6.404999999999999716e+01 1.666618606632309962e+01 2.646209596975512923e+01 1.038311954369342338e+01 1.783713385992388467e+01
6.679999999999999716e+01 6.389999999999999858e+01 6.534999999999999432e+01 1.571502955540107571e+01 1.848949923099410952e+01 1.304772155731230576e+01 1.575075011456916485e+01
5.420000000000000284e+01 6.670000000000000284e+01 6.045000000000000284e+01 1.402294173374497888e+01 1.989879543504077830e+01 6.898875014550830542e+01 3.430349577143135065e+01
6.339999999999999858e+01 5.979999999999999716e+01 6.159999999999999432e+01 1.537329930245177323e+01 1.790381886225922869e+01 1.182632855485813472e+01 1.503448223985637888e+01
6.179999999999999716e+01 6.110000000000000142e+01 6.145000000000000284e+01 1.516552348278911921e+01 1.651923119379164362e+01 1.491758801645501009e+01 1.553411423101192490e+01
6.270000000000000284e+01 6.019999999999999574e+01 6.145000000000000284e+01 1.611502224735005484e+01 2.271582958313879175e+01 1.165663539185710462e+01 1.682916240744864922e+01
5.989999999999999858e+01 6.170000000000000284e+01 6.079999999999999716e+01 1.824105167559971363e+01 1.959185395583225997e+01 6.645520368613597384e+01 3.476270310585598367e+01
6.400000000000000000e+01 6.060000000000000142e+01 6.229999999999999716e+01 1.674701689309448227e+01 1.881872681817276671e+01 1.407123775586202541e+01 1.654566048904309028e+01
4.900000000000000000e+01 6.039999999999999858e+01 5.470000000000000284e+01 1.820448553370748357e+01 1.770048104134261990e+01 7.486140182210374405e+01 3.692212279905128725e+01
6.170000000000000284e+01 6.179999999999999716e+01 6.175000000000000000e+01 1.493231051573397572e+01 1.910889720738785158e+01 1.249132046865709711e+01 1.551084273059297480e+01
6.029999999999999716e+01 5.950000000000000000e+01 5.989999999999999858e+01 1.902825192995759807e+01 2.077554053018739921e+01 1.131684227333652970e+01 1.704021157782717566e+01
6.810000000000000853e+01 5.570000000000000284e+01 6.190000000000000568e+01 1.561944257533701474e+01 1.796235096194487113e+01 1.507315993591390679e+01 1.621831782439859637e+01
4.810000000000000142e+01 6.250000000000000000e+01 5.529999999999999716e+01 2.006001691339622184e+01 1.957020915280898166e+01 7.243024398845342660e+01 3.735349001821953863e+01
6.270000000000000284e+01 5.590000000000000568e+01 5.930000000000000426e+01 1.461182300997008454e+01 1.791781357343932868e+01 1.036537007367051899e+01 1.429833555235997800e+01
6.370000000000000284e+01 5.989999999999999858e+01 6.179999999999999716e+01 1.607808728071175963e+01 1.942056779313408654e+01 2.000622351596753745e+01 1.850162619660446239e+01
5.979999999999999716e+01 5.979999999999999716e+01 5.979999999999999716e+01 1.424097719020230102e+01 1.743421516170285912e+01 1.253469115342430484e+01 1.473662783510982166e+01
5.100000000000000000e+01 5.829999999999999716e+01 5.464999999999999858e+01 1.909301426420422132e+01 1.914337938286073992e+01 7.025207296421882575e+01 3.616282220376125878e+01
6.320000000000000284e+01 6.110000000000000142e+01 6.215000000000000568e+01 1.580207769565214804e+01 1.871179143804464573e+01 1.343929286663184719e+01 1.598438733344288032e+01
6.329999999999999716e+01 5.969999999999999574e+01 6.150000000000000000e+01 1.728744153040672416e+01 1.730673799521028045e+01 1.054251943606323394e+01 1.504556632056007892e+01
6.380000000000000426e+01 6.039999999999999858e+01 6.210000000000000142e+01 1.593017729747107580e+01 1.957759599318487176e+01 1.558083487915181919e+01 1.702953605660259129e+01
6.420000000000000284e+01 6.039999999999999858e+01 6.229999999999999716e+01 2.380311004574167555e+01 1.665901921699926547e+01 1.097351144729361927e+01 1.714521357001152069e+01
6.429999999999999716e+01 6.370000000000000284e+01 6.400000000000000000e+01 1.509330350276118793e+01 1.702616343817763678e+01 1.249172271340606777e+01 1.487039655144829631e+01
6.389999999999999858e+01 6.329999999999999716e+01 6.359999999999999432e+01 1.687888353064868241e+01 1.926379609960305928e+01 1.455613339697078068e+01 1.689960434240750686e+01
6.540000000000000568e+01 6.460000000000000853e+01 6.500000000000000000e+01 1.747586331817337069e+01 1.982686215930160145e+01 1.187598030372179814e+01 1.639290192706559068e+01
6.389999999999999858e+01 6.210000000000000142e+01 6.300000000000000000e+01 1.355305931488761395e+01 1.660225208190838231e+01 9.886368428484809456e+00 1.334722660842693465e+01
6.540000000000000568e+01 6.479999999999999716e+01 6.509999999999999432e+01 1.688656044338561557e+01 1.634380890616936455e+01 1.351938064208832735e+01 1.558324999721443582e+01
6.039999999999999858e+01 5.909999999999999432e+01 5.975000000000000000e+01 1.818867288920010239e+01 1.796252673030814151e+01 1.201148019424803870e+01 1.605422660458542694e+01
6.540000000000000568e+01 5.879999999999999716e+01 6.210000000000000142e+01 1.655081974440392045e+01 1.875528520775428021e+01 9.806211563782710527e+00 1.503743883864697040e+01
6.840000000000000568e+01 5.749999999999999289e+01 6.295000000000000284e+01 1.710650072318004433e+01 1.823435990293849684e+01 1.279199609971694507e+01 1.604428557527849719e+01
6.250000000000000000e+01 6.690000000000000568e+01 6.470000000000000284e+01 1.587867830895324239e+01 1.856911861156664756e+01 1.050310127212027211e+01 1.498363273088005521e+01
6.100000000000000000e+01 5.719999999999999574e+01 5.909999999999999432e+01 1.722965936195185321e+01 1.579088123061166371e+01 1.345817942273424350e+01 1.549290667176592251e+01
6.000000000000000000e+01 5.450000000000000711e+01 5.725000000000000000e+01 1.736297137947338953e+01 1.746854385062647097e+01 1.088055322835245420e+01 1.523735615281743883e+01
6.320000000000000284e+01 6.420000000000000284e+01 6.370000000000000284e+01 1.742008278704645718e+01 2.169210179083045276e+01 1.408640055982670702e+01 1.773286171256787114e+01
6.479999999999999716e+01 6.119999999999999574e+01 6.300000000000000000e+01 1.679163012764142593e+01 1.672408502100349637e+01 9.820560699260738602e+00 1.444542528263522030e+01
5.240000000000000568e+01 5.739999999999999858e+01 5.490000000000000568e+01 1.961019690197034393e+01 1.898391759764574260e+01 7.626205171750578415e+01 3.828538873904062001e+01
6.029999999999999716e+01 6.229999999999999716e+01 6.129999999999999716e+01 1.922183246254448719e+01 1.910378300327036527e+01 1.666275415373777946e+01 1.832945653985087731e+01
6.550000000000000000e+01 6.110000000000000142e+01 6.329999999999999716e+01 1.793526293393276205e+01 1.859342227217559085e+01 1.149344700970350708e+01 1.600737740527062059e+01
6.200000000000000000e+01 5.340000000000000568e+01 5.770000000000000284e+01 1.902078335302616097e+01 1.976737732231474354e+01 1.389495487209155833e+01 1.756103851581082154e+01
5.110000000000000142e+01 5.659999999999999432e+01 5.384999999999999432e+01 1.806775611409555538e+01 1.774242616947761420e+01 8.363224626058992328e+01 3.981414284805436665e+01
6.339999999999999858e+01 6.189999999999999858e+01 6.264999999999999858e+01 1.636264298000359574e+01 1.865927848599704575e+01 1.131023881196643543e+01 1.544405342598902564e+01
6.780000000000001137e+01 6.289999999999999858e+01 6.535000000000000853e+01 1.617746255125838317e+01 1.596820344756021726e+01 9.696303209276326385e+00 1.394732306936497501e+01
6.510000000000000853e+01 6.550000000000000000e+01 6.530000000000001137e+01 1.569510433396897398e+01 1.807691604233097493e+01 1.154177153178222071e+01 1.510459730269405476e+01
6.710000000000000853e+01 5.979999999999999716e+01 6.345000000000000284e+01 1.725675898982734680e+01 1.909407856078080101e+01 1.164470387116247707e+01 1.599851380725687555e+01
5.020000000000000284e+01 6.339999999999999858e+01 5.679999999999999716e+01 1.329883480228999915e+01 1.671525622445062709e+01 6.969244472759747566e+01 3.323551191811269945e+01
5.909999999999999432e+01 6.150000000000000000e+01 6.029999999999999716e+01 1.719523576425499556e+01 1.619097664927853231e+01 1.198387077277292079e+01 1.512336106210214837e+01
6.479999999999999716e+01 5.969999999999999574e+01 6.225000000000000000e+01 2.105940432736687029e+01 1.884749802209361036e+01 1.334466338325576196e+01 1.775052191090541598e+01
6.050000000000000000e+01 5.669999999999999574e+01 5.859999999999999432e+01 1.719823716762512333e+01 1.704277661975117653e+01 1.013400130541894839e+01 1.479167169759841727e+01
6.490000000000000568e+01 6.250000000000000000e+01 6.370000000000000284e+01 1.725236157979933438e+01 1.811698141006246487e+01 1.281882290082869957e+01 1.606272196356350079e+01
6.490000000000000568e+01 5.709999999999999432e+01 6.100000000000000000e+01 1.487008462681426657e+01 1.688303558206411381e+01 1.203913343514103396e+01 1.459741788133980300e+01
6.310000000000000142e+01 6.350000000000000000e+01 6.329999999999999716e+01 1.682667170021036540e+01 1.835028667119660284e+01 1.094974221749669141e+01 1.537556686296788655e+01
6.310000000000000142e+01 6.629999999999999716e+01 6.470000000000000284e+01 1.600193526263920418e+01 1.638080584073941637e+01 1.950629103134060571e+01 1.729634404490640875e+01
6.179999999999999716e+01 5.610000000000000853e+01 5.895000000000000284e+01 1.871801602684491073e+01 1.748585898302595254e+01 1.651469091500085540e+01 1.757285530829057407e+01
7.089999999999999147e+01 5.819999999999999574e+01 6.454999999999999716e+01 2.033742996071027065e+01 1.973126273971259437e+01 9.944691714590199183e+00 1.667112813833768925e+01
6.510000000000000853e+01 6.129999999999999716e+01 6.320000000000000284e+01 1.569586401109867602e+01 1.771656100822823632e+01 1.926377695037147575e+01 1.755873398989946210e+01
6.510000000000000853e+01 6.029999999999999716e+01 6.270000000000000284e+01 1.721262345917181236e+01 1.853067656036630595e+01 1.032780993287589233e+01 1.535703665080467140e+01
5.550000000000000711e+01 5.779999999999999716e+01 5.665000000000000568e+01 1.760970819956519051e+01 1.652758417794768064e+01 6.510574325272330043e+01 3.308101187674538579e+01
6.620000000000000284e+01 6.420000000000000284e+01 6.520000000000000284e+01 1.606655916158009489e+01 1.950027695616346080e+01 1.610674723060364499e+01 1.722452778278239904e+01
6.210000000000000142e+01 6.620000000000000284e+01 6.415000000000000568e+01 1.401426037475470210e+01 1.731547360973422656e+01 1.333354001413991874e+01 1.488775799954294854e+01
5.929999999999999716e+01 5.350000000000000000e+01 5.639999999999999858e+01 1.715094953558292801e+01 1.676060885521523147e+01 9.885446274897368824e+00 1.459900155523184395e+01
6.579999999999999716e+01 6.060000000000000142e+01 6.320000000000000284e+01 1.750363996131383360e+01 1.792341477611409317e+01 1.194026943344316116e+01 1.578910805695702813e+01
6.189999999999999858e+01 5.600000000000000711e+01 5.895000000000000284e+01 1.587188796016993031e+01 1.940470453034302523e+01 1.472008412620945705e+01 1.666555887224080479e+01
5.819999999999999574e+01 5.139999999999999858e+01 5.479999999999999716e+01 1.790590702470569440e+01 1.801397751428712368e+01 1.030464771004798052e+01 1.540817741634693228e+01
6.450000000000000000e+01 6.260000000000000142e+01 6.354999999999999716e+01 1.522548705527605151e+01 1.600335149433156445e+01 1.540583576092723384e+01 1.554489143684494934e+01
5.290000000000000568e+01 6.160000000000000142e+01 5.725000000000000000e+01 1.657539859558763240e+01 2.240942955903130596e+01 7.453563997247913164e+01 3.784015604236602570e+01
6.429999999999999716e+01 6.179999999999999716e+01 6.304999999999999716e+01 1.735776763448311044e+01 1.998510662863769483e+01 1.245302206178274851e+01 1.659863210830118518e+01
