7.089999999999999147e+01 6.520000000000000284e+01 6.804999999999999716e+01 1.656373845662859878e+01 1.318613914102569673e+01 9.695359710261097774e+00 1.314841243597179776e+01
6.440000000000000568e+01 7.000000000000000000e+01 6.720000000000000284e+01 1.093881956756455942e+01 1.607611078414471351e+01 7.745507165525459925e+00 1.158681250574491095e+01
6.750000000000000000e+01 7.089999999999999147e+01 6.919999999999998863e+01 1.213592336210026268e+01 1.143820123687001811e+01 8.362438518596746917e+00 1.064552103918900805e+01
5.809999999999999432e+01 6.870000000000000284e+01 6.339999999999999858e+01 1.168359544607275602e+01 1.285250474411908428e+01 3.280357520543888228e+01 1.911322513187690575e+01
5.959999999999999432e+01 6.310000000000000142e+01 6.134999999999999432e+01 1.497596490292517579e+01 1.492639262357405272e+01 3.763597253571612811e+01 2.251277668740511828e+01
6.700000000000000000e+01 6.740000000000000568e+01 6.720000000000000284e+01 1.290425276491723139e+01 1.029555236768622173e+01 6.736780198914297912e+00 9.978861777172582492e+00
6.479999999999999716e+01 6.329999999999999716e+01 6.404999999999999716e+01 1.496239810205327636e+01 1.450121665618267208e+01 3.468626786221625480e+01 2.138329420681739990e+01
6.740000000000000568e+01 6.460000000000000853e+01 6.600000000000000000e+01 1.334425195087389682e+01 1.277590024433783711e+01 6.447522930014332410e+00 1.085589170840868967e+01
6.730000000000001137e+01 7.070000000000000284e+01 6.900000000000000000e+01 1.142237194085378427e+01 1.254814077460235566e+01 1.348925546956024135e+01 1.248658939500545983e+01
6.650000000000000000e+01 6.139999999999999858e+01 6.395000000000000284e+01 1.477330062953850032e+01 1.417983818915508110e+01 1.062003657037926807e+01 1.319105846302428375e+01
6.710000000000000853e+01 6.510000000000000853e+01 6.610000000000000853e+01 1.492023179539983246e+01 1.350638388875007578e+01 7.514699068259976578e+00 1.198043825080329583e+01
5.989999999999999858e+01 6.720000000000000284e+01 6.354999999999999716e+01 1.352349940676700868e+01 1.205006188138955991e+01 3.778202684945630807e+01 2.111852937920429341e+01
6.750000000000000000e+01 6.250000000000000000e+01 6.500000000000000000e+01 1.393080863844118689e+01 1.248996066286443352e+01 1.178580339135829824e+01 1.273552423088797347e+01
6.800000000000000000e+01 6.750000000000000000e+01 6.775000000000000000e+01 1.150512644066716206e+01 1.171266364191833986e+01 9.197767186887704227e+00 1.080518575649106872e+01
6.450000000000000000e+01 6.750000000000000000e+01 6.600000000000000000e+01 1.165749641343485976e+01 1.243108209275749232e+01 9.159085911682323555e+00 1.108255480595822462e+01
6.670000000000000284e+01 6.700000000000000000e+01 6.684999999999999432e+01 1.356642523549328239e+01 1.202651418368862402e+01 9.321208622001616817e+00 1.163804934706117500e+01
6.600000000000000000e+01 6.710000000000000853e+01 6.655000000000001137e+01 1.214563311531105327e+01 1.211245649178245287e+01 7.968918372117404836e+00 1.074233599307030396e+01
6.640000000000000568e+01 6.610000000000000853e+01 6.625000000000000000e+01 1.227267564200676553e+01 1.826962447273291090e+01 1.314156958799170027e+01 1.456128990091045772e+01
6.939999999999999147e+01 6.320000000000000284e+01 6.629999999999999716e+01 1.366867551404340198e+01 1.782050123536975761e+01 8.738105406820446674e+00 1.340909405207786875e+01
6.360000000000000142e+01 6.979999999999999716e+01 6.670000000000000284e+01 1.339917253709813316e+01 1.048355367253821413e+01 1.116703159174123350e+01 1.168325260045919300e+01
6.919999999999998863e+01 6.629999999999999716e+01 6.775000000000000000e+01 1.251548411623126711e+01 1.765680670570610289e+01 1.141236142882818605e+01 1.386155075025518535e+01
6.780000000000001137e+01 6.660000000000000853e+01 6.720000000000001705e+01 1.072405503033105134e+01 1.199515038629800934e+01 8.628370010936574630e+00 1.044919180918854451e+01
6.380000000000000426e+01 6.529999999999999716e+01 6.454999999999999716e+01 8.916525658261651444e+00 1.322442157270395136e+01 8.985553778986984597e+00 1.037550033665086069e+01
6.790000000000000568e+01 6.690000000000000568e+01 6.740000000000000568e+01 1.351950784285232920e+01 1.308558801115895420e+01 9.602783089664312044e+00 1.206929298122519789e+01
6.919999999999998863e+01 6.660000000000000853e+01 6.790000000000000568e+01 1.368608184636060088e+01 1.438928349729701495e+01 8.479389371005543907e+00 1.218491823822105324e+01
6.670000000000000284e+01 6.959999999999999432e+01 6.815000000000000568e+01 1.311740358559514696e+01 1.118842057830123515e+01 1.019287225447669343e+01 1.149956547279102459e+01
6.089999999999999858e+01 6.629999999999999716e+01 6.359999999999999432e+01 1.260786281961065214e+01 1.252009571956013900e+01 4.035353991308122090e+01 2.182716615075067068e+01
7.009999999999999432e+01 6.790000000000000568e+01 6.900000000000000000e+01 1.002558866262748616e+01 1.349158303260895231e+01 1.091360611959130367e+01 1.147692593827591345e+01
5.739999999999999858e+01 6.690000000000000568e+01 6.215000000000000568e+01 1.220695415896692992e+01 1.410770830747655502e+01 2.984757161389125457e+01 1.872074469344491376e+01
6.820000000000000284e+01 6.800000000000000000e+01 6.809999999999999432e+01 9.945705654879100521e+00 1.864996000265745124e+01 7.709244035650351989e+00 1.210163656439563340e+01
6.150000000000000000e+01 7.089999999999999147e+01 6.619999999999998863e+01 1.250615005887170028e+01 1.184061478437576653e+01 3.338332949969965568e+01 1.924336478098237535e+01
5.729999999999999716e+01 6.690000000000000568e+01 6.210000000000000142e+01 1.113566330273463834e+01 1.573523219187726596e+01 3.231088242030863711e+01 1.972725930497351499e+01
6.380000000000000426e+01 6.440000000000000568e+01 6.410000000000000853e+01 9.860123793165834982e+00 1.292812240312272110e+01 1.074906564397116959e+01 1.117910394675324248e+01
7.139999999999999147e+01 6.790000000000000568e+01 6.965000000000000568e+01 9.883509834645598957e+00 1.811355900034932631e+01 9.033872259606203770e+00 1.234364703153371146e+01
6.760000000000000853e+01 6.950000000000000000e+01 6.855000000000001137e+01 1.242804719079521192e+01 1.886824829124072167e+01 1.039460921500012525e+01 1.389696823234535294e+01
6.650000000000000000e+01 6.969999999999998863e+01 6.809999999999999432e+01 1.710233888895200494e+01 1.267845622347246959e+01 1.021548036852383134e+01 1.333209182698276862e+01
6.250000000000000000e+01 7.050000000000000000e+01 6.650000000000000000e+01 1.477799345106903495e+01 1.367401519879198091e+01 1.096953270924863943e+01 1.314051378636988510e+01
6.900000000000000000e+01 6.889999999999999147e+01 6.894999999999998863e+01 1.149695390937955963e+01 1.335479834029364987e+01 1.253574386235966820e+01 1.246249870401095983e+01
6.969999999999998863e+01 6.629999999999999716e+01 6.800000000000000000e+01 1.349738990068999378e+01 1.309465059584865365e+01 5.064736277578056445e+00 1.055225892470556737e+01
6.690000000000000568e+01 6.360000000000000142e+01 6.525000000000000000e+01 1.297405120260399158e+01 1.584339053268389108e+01 9.087915018751637319e+00 1.263511891801317155e+01
6.129999999999999716e+01 6.629999999999999716e+01 6.379999999999999716e+01 1.304795629838196902e+01 1.441795362229717803e+01 4.154562786661736595e+01 2.300384592909883352e+01
6.889999999999999147e+01 7.009999999999999432e+01 6.950000000000000000e+01 1.182447810433334290e+01 1.292244651123198018e+01 8.813141970012150495e+00 1.118668886185915845e+01
6.840000000000000568e+01 6.560000000000000853e+01 6.700000000000000000e+01 1.022625064851413690e+01 1.263584099417771078e+01 1.137427243706232893e+01 1.141212135991805887e+01
6.950000000000000000e+01 6.650000000000000000e+01 6.800000000000000000e+01 1.254403696957262504e+01 1.219648401207691002e+01 1.207422164055772917e+01 1.227158087406908749e+01
6.579999999999999716e+01 6.250000000000000000e+01 6.415000000000000568e+01 1.242932191039305856e+01 1.338172269155632144e+01 9.674524909990815047e+00 1.182852317064673286e+01
7.009999999999999432e+01 6.279999999999999716e+01 6.644999999999998863e+01 1.258621451109935840e+01 1.243474109711094400e+01 1.115221111030463064e+01 1.205772223950497768e+01
6.860000000000000853e+01 6.150000000000000000e+01 6.505000000000001137e+01 1.092766782230276057e+01 1.393678420261982787e+01 1.202593187780260209e+01 1.229679463424172958e+01
6.490000000000000568e+01 6.540000000000000568e+01 6.515000000000000568e+01 9.678558183581477792e+00 1.233526416575829110e+01 1.158459948099353554e+01 1.119947394344443659e+01
6.889999999999999147e+01 6.730000000000001137e+01 6.809999999999999432e+01 1.394937040885227653e+01 1.375734464524162526e+01 7.934014886254868060e+00 1.188024331344958995e+01
6.490000000000000568e+01 6.879999999999999716e+01 6.684999999999999432e+01 1.061243516791799202e+01 1.319091310448243171e+01 1.151040722132070648e+01 1.177125183124037733e+01
6.770000000000000284e+01 6.889999999999999147e+01 6.829999999999999716e+01 1.130092150939483808e+01 1.291609993842130777e+01 1.189934339160976329e+01 1.203878827980863520e+01
6.889999999999999147e+01 6.380000000000000426e+01 6.634999999999999432e+01 1.484475282275559138e+01 1.653628718901992656e+01 1.383694076510779780e+01 1.507266025896110584e+01
6.400000000000000000e+01 6.450000000000000000e+01 6.425000000000000000e+01 1.275412766608641491e+01 1.413311718219007673e+01 6.753825013825911050e+00 1.121368995403413571e+01
6.660000000000000853e+01 6.520000000000000284e+01 6.590000000000000568e+01 1.049655965728859108e+01 1.413662126719793477e+01 7.655081886973840177e+00 1.076275427048678779e+01
6.510000000000000853e+01 7.170000000000000284e+01 6.840000000000000568e+01 1.106632597877745283e+01 1.261299153683767216e+01 7.964761072521772789e+00 1.054802619604563318e+01
6.429999999999999716e+01 6.700000000000000000e+01 6.565000000000000568e+01 1.055866031918114878e+01 1.579814153299569313e+01 8.863140419820711102e+00 1.173998075733251767e+01
5.989999999999999858e+01 6.360000000000000142e+01 6.175000000000000000e+01 1.304519452783768685e+01 1.355302246064868932e+01 1.086543947890599782e+01 1.248788548913079133e+01
6.050000000000000000e+01 6.989999999999999147e+01 6.519999999999998863e+01 1.454516828457594357e+01 1.268581468918024058e+01 3.144851978720269869e+01 1.955983425365296213e+01
6.409999999999999432e+01 6.939999999999999147e+01 6.675000000000000000e+01 1.413597854591020564e+01 1.467195021428448243e+01 1.162233116399001531e+01 1.347675330806156779e+01
6.089999999999999858e+01 7.209999999999999432e+01 6.650000000000000000e+01 1.185002843289872843e+01 1.057660107776417568e+01 3.825664237311959681e+01 2.022775729459416638e+01
6.520000000000000284e+01 6.810000000000000853e+01 6.665000000000000568e+01 1.095209924529747880e+01 1.291605998638123509e+01 9.646370724186342116e+00 1.117150998528835260e+01
6.750000000000000000e+01 6.300000000000000000e+01 6.525000000000000000e+01 1.084053007967526838e+01 1.716582393245280613e+01 1.095618845207156156e+01 1.298751415473321202e+01
6.750000000000000000e+01 6.879999999999999716e+01 6.815000000000000568e+01 1.241839035912022382e+01 1.807851280815068407e+01 7.919673187896178135e+00 1.280552545172236201e+01
6.700000000000000000e+01 6.979999999999999716e+01 6.840000000000000568e+01 1.403775357299707416e+01 1.242361596209941865e+01 1.130877459754098169e+01 1.259004804421249268e+01
6.700000000000000000e+01 6.520000000000000284e+01 6.609999999999999432e+01 1.243924017020618678e+01 1.263479366749955801e+01 1.016382646653807065e+01 1.174595343474793907e+01
7.000000000000000000e+01 6.610000000000000853e+01 6.805000000000001137e+01 1.184001370068852665e+01 1.473952391547388530e+01 1.318662258968973333e+01 1.325538673528404843e+01
5.799999999999999289e+01 6.590000000000000568e+01 6.195000000000000284e+01 1.122251811669659105e+01 1.198821659836745646e+01 3.400491002859864409e+01 1.907188158122089661e+01
6.700000000000000000e+01 6.179999999999999716e+01 6.440000000000000568e+01 1.049697599266660930e+01 1.272986912427224482e+01 8.923550427578110344e+00 1.071679851483898993e+01
6.790000000000000568e+01 6.959999999999999432e+01 6.875000000000000000e+01 1.165176791472437046e+01 1.295729583927428585e+01 1.021260493513213596e+01 1.160722289637693017e+01
5.550000000000000711e+01 7.000000000000000000e+01 6.275000000000000000e+01 1.384451446219007487e+01 1.303534204430072130e+01 3.470032955374347239e+01 2.052672868674475737e+01
6.959999999999999432e+01 6.440000000000000568e+01 6.700000000000000000e+01 1.137538091948268537e+01 1.280229266933138277e+01 9.377180362454293316e+00 1.118495131708945145e+01
6.950000000000000000e+01 6.310000000000000142e+01 6.629999999999999716e+01 1.475721596766275212e+01 1.297904802506504929e+01 9.685659387876174975e+00 1.247397446020132428e+01
6.889999999999999147e+01 6.760000000000000853e+01 6.825000000000000000e+01 1.765006131229968744e+01 2.032047381913314155e+01 9.239455712291729128e+00 1.573666361457485152e+01
6.720000000000000284e+01 6.810000000000000853e+01 6.765000000000000568e+01 1.146439995772316678e+01 1.581032139171082740e+01 8.792439211608702010e+00 1.202238685368089932e+01
6.660000000000000853e+01 6.710000000000000853e+01 6.685000000000000853e+01 1.286324161942593847e+01 1.261492061852836599e+01 1.066355712863115812e+01 1.204723978886182145e+01
6.850000000000000000e+01 6.420000000000000284e+01 6.634999999999999432e+01 9.935706746947868595e+00 1.510164315294584547e+01 8.360311277928305529e+00 1.113255372594067261e+01
6.339999999999999858e+01 6.770000000000000284e+01 6.554999999999999716e+01 1.354337580133615759e+01 1.403107664445924208e+01 3.506133781409611316e+01 2.087859675329717035e+01
5.669999999999999574e+01 6.529999999999999716e+01 6.100000000000000000e+01 1.660085477451314873e+01 1.339832564203845067e+01 3.783511565981631719e+01 2.261143202545597219e+01
5.959999999999999432e+01 6.270000000000000284e+01 6.114999999999999858e+01 1.592247176864653646e+01 1.321110344618992549e+01 4.217470658583336274e+01 2.376942726688993801e+01
6.760000000000000853e+01 6.860000000000000853e+01 6.810000000000000853e+01 1.231647019169096247e+01 1.259132768009155967e+01 8.085804160744750391e+00 1.099786734417575751e+01
6.210000000000000142e+01 6.690000000000000568e+01 6.450000000000000000e+01 1.154052531849555763e+01 1.603662022303583967e+01 8.065173323448256326e+00 1.188077295499321906e+01
6.590000000000000568e+01 6.429999999999999716e+01 6.509999999999999432e+01 1.190389727554054389e+01 1.458433698985913907e+01 8.966489319734073149e+00 1.181824119504458537e+01
6.870000000000000284e+01 6.510000000000000853e+01 6.690000000000000568e+01 1.122018912470458574e+01 1.310739452643674063e+01 8.130816630267457157e+00 1.081946676046959510e+01
6.909999999999999432e+01 6.670000000000000284e+01 6.790000000000000568e+01 1.686895825809805416e+01 1.285068784155989086e+01 1.015871102406525495e+01 1.329278570790773273e+01
6.750000000000000000e+01 6.939999999999999147e+01 6.844999999999998863e+01 1.132920454272406019e+01 1.418992922543792545e+01 9.151117957031166483e+00 1.155675057506438463e+01
6.670000000000000284e+01 6.950000000000000000e+01 6.809999999999999432e+01 1.593105526472991862e+01 1.397507761115722147e+01 8.402920800206386431e+00 1.276968455869784158e+01
6.590000000000000568e+01 6.710000000000000853e+01 6.650000000000000000e+01 1.144704527015679929e+01 1.529953294967582877e+01 8.367340654050483550e+00 1.170463962462770269e+01
6.620000000000000284e+01 6.339999999999999858e+01 6.479999999999999716e+01 1.139548979062684175e+01 1.292347502546720506e+01 6.221237838958628252e+00 1.018006755168422472e+01
6.840000000000000568e+01 6.320000000000000284e+01 6.580000000000001137e+01 1.347245978945667311e+01 1.296146625975635125e+01 1.628179394354107856e+01 1.423857333091803490e+01
6.820000000000000284e+01 6.500000000000000000e+01 6.659999999999999432e+01 1.170793417789605861e+01 1.220669834338482929e+01 8.754278950024589889e+00 1.088963715710182534e+01
6.929999999999999716e+01 6.620000000000000284e+01 6.775000000000000000e+01 1.217263725525965157e+01 1.178062669989661160e+01 1.394223303740335140e+01 1.263183233085320545e+01
6.520000000000000284e+01 6.860000000000000853e+01 6.690000000000000568e+01 1.166920634261611589e+01 1.600238428060391271e+01 1.123383694255710807e+01 1.296847585525904378e+01
6.239999999999999858e+01 6.989999999999999147e+01 6.614999999999999147e+01 1.024206023677420241e+01 1.317886358958698878e+01 3.608924517306896718e+01 1.983672299981005338e+01
6.360000000000000142e+01 6.380000000000000426e+01 6.370000000000000284e+01 9.979729331580241336e+00 1.210669835634593205e+01 9.029950151647296863e+00 1.037212594652449127e+01
6.460000000000000853e+01 6.360000000000000142e+01 6.410000000000000853e+01 1.373291741672010247e+01 1.083308013566600714e+01 1.058584360163850313e+01 1.171728038467487032e+01
6.110000000000000142e+01 6.229999999999999716e+01 6.170000000000000284e+01 2.028276234005554457e+01 1.288459430640448922e+01 4.043432298144301029e+01 2.453389320930101647e+01
6.840000000000000568e+01 6.570000000000000284e+01 6.705000000000001137e+01 1.169413595987163568e+01 1.289029025529713479e+01 8.791335151071228537e+00 1.112525378874666693e+01
6.909999999999999432e+01 6.450000000000000000e+01 6.679999999999999716e+01 1.674382345832222541e+01 1.432986723115164196e+01 1.260052798093102489e+01 1.455807289013496408e+01
5.410000000000000142e+01 6.250000000000000000e+01 5.829999999999999716e+01 1.293006118701301155e+01 1.369525885817493283e+01 3.788679506798499119e+01 2.150403837105764637e+01
6.830000000000001137e+01 7.029999999999999716e+01 6.930000000000001137e+01 1.142802062767903415e+01 2.202513376235659592e+01 9.461284051084090763e+00 1.430481281370657420e+01
