6.860000000000000853e+01 7.189999999999999147e+01 7.025000000000000000e+01 7.157291506644431145e+00 1.149343388056959903e+01 1.174021379034495105e+01 1.013031305918632796e+01
6.479999999999999716e+01 7.170000000000000284e+01 6.825000000000000000e+01 8.345736774307274786e+00 9.207290725256092045e+00 2.364368254611401454e+01 1.373223668189245927e+01
6.900000000000000000e+01 7.200000000000000000e+01 7.050000000000000000e+01 8.072157923644777355e+00 1.079139295135224508e+01 5.206326418653996591e+00 8.023292431217006637e+00
6.950000000000000000e+01 7.209999999999999432e+01 7.079999999999999716e+01 8.420317757352608012e+00 8.934638501789834208e+00 6.074603307465483937e+00 7.809853188869308127e+00
6.939999999999999147e+01 7.070000000000000284e+01 7.004999999999999716e+01 8.953115023396522432e+00 9.585032960232965138e+00 5.996221624516531179e+00 8.178123202715338991e+00
6.750000000000000000e+01 7.009999999999999432e+01 6.879999999999999716e+01 1.235661960986165475e+01 1.263832352461636610e+01 7.269850730400556849e+00 1.075493128829285894e+01
6.710000000000000853e+01 7.259999999999999432e+01 6.984999999999999432e+01 9.328480301707788414e+00 8.437995481398035125e+00 6.586207751234492314e+00 8.117561178113438913e+00
6.790000000000000568e+01 6.889999999999999147e+01 6.840000000000000568e+01 8.739322223899383957e+00 8.896258116442993469e+00 6.015380163864850083e+00 7.883653501402410058e+00
7.109999999999999432e+01 6.510000000000000853e+01 6.809999999999999432e+01 1.054192596595227904e+01 1.018078943979000783e+01 5.293883800830021968e+00 8.672199735524102948e+00
6.900000000000000000e+01 6.640000000000000568e+01 6.770000000000000284e+01 1.116107558610455541e+01 1.034472759583010948e+01 1.033231619884364783e+01 1.061270646025943876e+01
6.740000000000000568e+01 7.089999999999999147e+01 6.915000000000000568e+01 8.598896516458822248e+00 9.738580898121181662e+00 7.693202394092411467e+00 8.676893269557472976e+00
6.270000000000000284e+01 6.830000000000001137e+01 6.550000000000000000e+01 9.205392019912400414e+00 8.674404336378570335e+00 1.838210241348221530e+01 1.208729958992439357e+01
6.750000000000000000e+01 6.679999999999999716e+01 6.715000000000000568e+01 1.024467178085791019e+01 9.767732088531218437e+00 1.529928850515802630e+01 1.177056412484905223e+01
6.210000000000000142e+01 7.050000000000000000e+01 6.629999999999999716e+01 9.596370442204865014e+00 9.637672378929545758e+00 2.102772670763779672e+01 1.342058984292406798e+01
7.029999999999999716e+01 7.050000000000000000e+01 7.040000000000000568e+01 9.682362099237625586e+00 8.097322673451913033e+00 5.179041947677310631e+00 7.652908906788948862e+00
6.579999999999999716e+01 7.189999999999999147e+01 6.884999999999999432e+01 8.572592425059996302e+00 9.294689280187345304e+00 1.637284616359095324e+01 1.141337595627943280e+01
7.029999999999999716e+01 7.100000000000000000e+01 7.065000000000000568e+01 8.463080820691343931e+00 1.003632216123144971e+01 6.156626716880391648e+00 8.218676566267728134e+00
7.079999999999999716e+01 7.239999999999999147e+01 7.159999999999999432e+01 8.723698805908158604e+00 9.601310514477663816e+00 6.679687670142170575e+00 8.334898996842666108e+00
7.150000000000000000e+01 6.750000000000000000e+01 6.950000000000000000e+01 8.627341218932160771e+00 1.120354629412402581e+01 9.769751135089487448e+00 9.866879549381891934e+00
6.260000000000000142e+01 7.079999999999999716e+01 6.670000000000000284e+01 8.491972105177897134e+00 8.686150514024495450e+00 1.799740113589195900e+01 1.172517458503144816e+01
6.820000000000000284e+01 7.100000000000000000e+01 6.959999999999999432e+01 7.314191370115690205e+00 1.263048817476887287e+01 1.348858273116750794e+01 1.114442075868402604e+01
6.440000000000000568e+01 7.019999999999998863e+01 6.729999999999999716e+01 1.029403746437865053e+01 8.163027768800469985e+00 1.796008809456656863e+01 1.213905110924856423e+01
7.100000000000000000e+01 7.229999999999999716e+01 7.165000000000000568e+01 7.859153782444690428e+00 1.195400276322493838e+01 1.400379778786592944e+01 1.127231811117851912e+01
6.939999999999999147e+01 6.129999999999999716e+01 6.534999999999999432e+01 1.236315602541380443e+01 9.170525929892853867e+00 5.280044006154552605e+00 8.937908653820402449e+00
7.000000000000000000e+01 7.079999999999999716e+01 7.040000000000000568e+01 7.565882460705164902e+00 1.070932617695152089e+01 8.551378431127499624e+00 8.942195689594727881e+00
6.650000000000000000e+01 7.179999999999999716e+01 6.915000000000000568e+01 8.465550566199702587e+00 8.828301195256914369e+00 2.037556581388367860e+01 1.255647252511342948e+01
7.009999999999999432e+01 7.100000000000000000e+01 7.054999999999999716e+01 1.005976458463661238e+01 1.055770821639809398e+01 6.005756370188713333e+00 8.874409723741139899e+00
6.690000000000000568e+01 6.969999999999998863e+01 6.829999999999999716e+01 7.143314386724179954e+00 8.971230240127725963e+00 8.515045102994601933e+00 8.209863243282169876e+00
6.790000000000000568e+01 6.189999999999999858e+01 6.490000000000000568e+01 9.649516887369994578e+00 1.163808177390899523e+01 1.056386863630491746e+01 1.061715576586130361e+01
6.939999999999999147e+01 6.830000000000001137e+01 6.884999999999999432e+01 8.020032230592386568e+00 1.322173110584123634e+01 8.514675560661945752e+00 9.918812965698522888e+00
6.870000000000000284e+01 7.179999999999999716e+01 7.025000000000000000e+01 1.307576932751724286e+01 9.877066385127562853e+00 7.065239621696356664e+00 1.000602511144705353e+01
6.900000000000000000e+01 7.109999999999999432e+01 7.004999999999999716e+01 7.149883619493066611e+00 9.089808962801477321e+00 8.368773583234188962e+00 8.202822055176243410e+00
6.979999999999999716e+01 6.600000000000000000e+01 6.790000000000000568e+01 8.009462477366749766e+00 1.025616188433026998e+01 9.245679304115144603e+00 9.170434555270722043e+00
6.690000000000000568e+01 6.700000000000000000e+01 6.695000000000000284e+01 1.113231838564192522e+01 8.308404901415553212e+00 6.530961467090984129e+00 8.657228251382820261e+00
6.650000000000000000e+01 6.840000000000000568e+01 6.745000000000000284e+01 9.673995816866863606e+00 9.838244110578163060e+00 9.681655437719223656e+00 9.731298455054750107e+00
6.300000000000000000e+01 7.109999999999999432e+01 6.704999999999999716e+01 9.370102595076955865e+00 1.207824818591466176e+01 1.850202681270096505e+01 1.331679253123085971e+01
6.969999999999998863e+01 7.250000000000000000e+01 7.109999999999999432e+01 1.049601842602648993e+01 7.108682260133858399e+00 1.219358142084657537e+01 9.932760702335642122e+00
6.939999999999999147e+01 6.989999999999999147e+01 6.964999999999999147e+01 8.921810293085124854e+00 1.337391965980683572e+01 6.316870606212393824e+00 9.537533519701451468e+00
6.119999999999999574e+01 7.179999999999999716e+01 6.650000000000000000e+01 9.156514939261670705e+00 1.128559407607646570e+01 1.980741206189947690e+01 1.341650702574587228e+01
6.790000000000000568e+01 7.220000000000000284e+01 7.005000000000001137e+01 9.807951706993792484e+00 9.983135456530840557e+00 6.791005028418330092e+00 8.860697397314320156e+00
6.629999999999999716e+01 7.229999999999999716e+01 6.929999999999999716e+01 8.195230430312202330e+00 8.967740816579139462e+00 2.108293210151860819e+01 1.274863444946998392e+01
6.179999999999999716e+01 7.059999999999999432e+01 6.619999999999998863e+01 1.414024747367449919e+01 8.742897869476260908e+00 1.849684654215295154e+01 1.379333062843456936e+01
6.870000000000000284e+01 7.189999999999999147e+01 7.029999999999999716e+01 7.610086028231914490e+00 8.984944982879351727e+00 5.486571200244591218e+00 7.360534070451952182e+00
6.780000000000001137e+01 6.720000000000000284e+01 6.750000000000000000e+01 1.103516758044875168e+01 8.699034996563728583e+00 1.198106680271740565e+01 1.057175645990996316e+01
6.710000000000000853e+01 7.170000000000000284e+01 6.940000000000000568e+01 7.463978462499691879e+00 1.123257836782525843e+01 4.572314419284150055e+00 7.756290416536367083e+00
7.139999999999999147e+01 6.660000000000000853e+01 6.900000000000000000e+01 9.061259307251983586e+00 1.375411012464249083e+01 7.823503980708988337e+00 1.021295780420115484e+01
6.919999999999998863e+01 7.320000000000000284e+01 7.119999999999998863e+01 6.943637909925335805e+00 1.179174936804586871e+01 5.713300689806430022e+00 8.149562655925878474e+00
6.750000000000000000e+01 6.950000000000000000e+01 6.850000000000000000e+01 9.278370464088625980e+00 1.175389991281558011e+01 7.179722699827720156e+00 9.403997692243976303e+00
6.409999999999999432e+01 7.009999999999999432e+01 6.709999999999999432e+01 1.048808881730566966e+01 9.256664288655896300e+00 2.693229438530443787e+01 1.555901583042200009e+01
7.159999999999999432e+01 7.129999999999999716e+01 7.144999999999998863e+01 9.702763771609030030e+00 1.158046950576970424e+01 5.749663374560057605e+00 9.010965550646263367e+00
6.800000000000000000e+01 6.929999999999999716e+01 6.865000000000000568e+01 1.036823408790521484e+01 1.224160399012950506e+01 1.186733455896815492e+01 1.149239087900095768e+01
6.170000000000000284e+01 7.159999999999999432e+01 6.665000000000000568e+01 9.322473132591815315e+00 9.305883269260160517e+00 2.154789616930808549e+01 1.339208419038668829e+01
6.460000000000000853e+01 7.200000000000000000e+01 6.830000000000001137e+01 1.205156867634302742e+01 8.128025175074240494e+00 1.910856964080699427e+01 1.309605449740808503e+01
7.029999999999999716e+01 7.070000000000000284e+01 7.050000000000000000e+01 9.286947523379568636e+00 9.089177305522930794e+00 7.837359491122004584e+00 8.737828106674834672e+00
6.310000000000000142e+01 7.079999999999999716e+01 6.695000000000000284e+01 8.251814228423302922e+00 8.273493284255135194e+00 1.598683098900786881e+01 1.083737950056210231e+01
6.850000000000000000e+01 6.670000000000000284e+01 6.759999999999999432e+01 1.244944306101195863e+01 1.031554722769555177e+01 1.826687937947997753e+01 1.367728988939582813e+01
6.720000000000000284e+01 6.989999999999999147e+01 6.854999999999999716e+01 9.203043283358137927e+00 9.319271212777438862e+00 5.967435173883712807e+00 8.163249890006431642e+00
6.479999999999999716e+01 6.989999999999999147e+01 6.734999999999999432e+01 8.603252620835693421e+00 1.428040410688636364e+01 5.098544778482370532e+00 9.327400502068142529e+00
6.780000000000001137e+01 7.009999999999999432e+01 6.895000000000000284e+01 9.110866042102761853e+00 8.996539197612765548e+00 5.790660989299374783e+00 7.966022076338300728e+00
6.959999999999999432e+01 6.909999999999999432e+01 6.934999999999999432e+01 2.454291217333287989e+01 1.202429458459131695e+01 7.624727327088259621e+00 1.473064469500415186e+01
6.500000000000000000e+01 7.070000000000000284e+01 6.784999999999999432e+01 8.919112145436976391e+00 1.191638784113182226e+01 2.393216471294329750e+01 1.492255489983736538e+01
6.840000000000000568e+01 6.909999999999999432e+01 6.875000000000000000e+01 8.739039626284087703e+00 9.733556906560169253e+00 8.282150083557009879e+00 8.918248872133755611e+00
6.900000000000000000e+01 7.129999999999999716e+01 7.015000000000000568e+01 8.617254379078708837e+00 9.054267065172158624e+00 9.301457154978450603e+00 8.990992866409772688e+00
6.870000000000000284e+01 7.039999999999999147e+01 6.954999999999999716e+01 1.122440734234692172e+01 8.725940287919202731e+00 7.074180464804799229e+00 9.008176031690306118e+00
6.079999999999999716e+01 6.579999999999999716e+01 6.329999999999999716e+01 1.088066544643353240e+01 1.274020365597806403e+01 2.310213944310279288e+01 1.557433618183812918e+01
7.009999999999999432e+01 7.039999999999999147e+01 7.025000000000000000e+01 9.068763815268759743e+00 1.061564929965547677e+01 7.019718502946943772e+00 8.901377205957059502e+00
6.620000000000000284e+01 7.209999999999999432e+01 6.915000000000000568e+01 1.047815413325428224e+01 9.871408554986457418e+00 7.341564589277815855e+00 9.230375759172851247e+00
6.139999999999999858e+01 7.200000000000000000e+01 6.670000000000000284e+01 8.848957071100938876e+00 1.009454743075506400e+01 1.984660666104566928e+01 1.293003705430055739e+01
7.250000000000000000e+01 6.909999999999999432e+01 7.079999999999999716e+01 1.305313888124138266e+01 1.029021545483984390e+01 8.048808864282044340e+00 1.046405440012109089e+01
6.700000000000000000e+01 6.660000000000000853e+01 6.680000000000001137e+01 1.479480928734307810e+01 7.944552050759566164e+00 7.797779252620265389e+00 1.017904686357430322e+01
6.750000000000000000e+01 7.189999999999999147e+01 6.969999999999998863e+01 8.206914148068815251e+00 1.025044633884897571e+01 7.362859069127125622e+00 8.606739852014973380e+00
6.870000000000000284e+01 7.159999999999999432e+01 7.015000000000000568e+01 8.197575102819719461e+00 9.397012376461983507e+00 7.849537660912650594e+00 8.481375046731450595e+00
6.820000000000000284e+01 7.050000000000000000e+01 6.934999999999999432e+01 1.032079692121040182e+01 9.788170002811051873e+00 4.508186604750661353e+00 8.205717842924038052e+00
7.070000000000000284e+01 7.100000000000000000e+01 7.084999999999999432e+01 8.240861574763460595e+00 1.228909702561092843e+01 6.955839942508923457e+00 9.161932847627770826e+00
6.350000000000000000e+01 6.550000000000000000e+01 6.450000000000000000e+01 8.588389149360088126e+00 9.328113781344324451e+00 7.141587987722462394e+00 8.352696972808958620e+00
7.059999999999999432e+01 7.019999999999998863e+01 7.039999999999999147e+01 1.210055188100218437e+01 8.831205586988494005e+00 6.220713526106085745e+00 9.050823664698921078e+00
6.800000000000000000e+01 7.139999999999999147e+01 6.969999999999998863e+01 7.566472848163946274e+00 1.054406650724325445e+01 5.448333052312939628e+00 7.852957469240046784e+00
6.740000000000000568e+01 6.400000000000000000e+01 6.570000000000000284e+01 9.888945320645547099e+00 1.029681095957699988e+01 5.359369359148525191e+00 8.515041879790357982e+00
7.139999999999999147e+01 6.790000000000000568e+01 6.965000000000000568e+01 1.322106133453503851e+01 1.015454479167958368e+01 5.177290780016833516e+00 9.517632302077151607e+00
5.939999999999999858e+01 7.120000000000000284e+01 6.529999999999999716e+01 9.034547696760110824e+00 9.546772377159234324e+00 1.820354406327946961e+01 1.226162137906626981e+01
6.389999999999999858e+01 7.279999999999999716e+01 6.834999999999999432e+01 9.130462825242419811e+00 9.469025125992478920e+00 1.917649376007433659e+01 1.259199390376974570e+01
6.720000000000000284e+01 7.079999999999999716e+01 6.900000000000000000e+01 9.392502218837824657e+00 9.471865824032347447e+00 7.260795094155561458e+00 8.708387712341911779e+00
6.590000000000000568e+01 6.959999999999999432e+01 6.775000000000000000e+01 9.653180491134593311e+00 9.950801115910323347e+00 7.659004444530104649e+00 9.087662017191673769e+00
6.520000000000000284e+01 7.159999999999999432e+01 6.840000000000000568e+01 8.272372405143405771e+00 1.131346071933914210e+01 5.984629455115851648e+00 8.523487526532798952e+00
6.629999999999999716e+01 7.159999999999999432e+01 6.894999999999998863e+01 8.358793429015356935e+00 7.711560514401491595e+00 7.259099279919543513e+00 7.776484407778796459e+00
6.929999999999999716e+01 6.939999999999999147e+01 6.934999999999999432e+01 9.123504581308793604e+00 8.641793516352684890e+00 6.597772961236484157e+00 8.121023686299320588e+00
6.690000000000000568e+01 7.019999999999998863e+01 6.854999999999999716e+01 9.611675047583458920e+00 9.971861151324286965e+00 6.080934134806394553e+00 8.554823444571379554e+00
7.029999999999999716e+01 7.029999999999999716e+01 7.029999999999999716e+01 9.029269008363534965e+00 8.911341121448895564e+00 5.311022644887489541e+00 7.750544258233307282e+00
6.790000000000000568e+01 7.200000000000000000e+01 6.995000000000000284e+01 8.650595724259611430e+00 1.017483978325760141e+01 9.864652162943613689e+00 9.563362556820274918e+00
6.909999999999999432e+01 7.129999999999999716e+01 7.019999999999998863e+01 8.799579340368552494e+00 9.935321319240216553e+00 6.219782807611619724e+00 8.318227822406795369e+00
6.329999999999999716e+01 6.950000000000000000e+01 6.640000000000000568e+01 1.345964620484032181e+01 1.073692135272461456e+01 1.768659439223427299e+01 1.396105398326640312e+01
6.820000000000000284e+01 7.129999999999999716e+01 6.975000000000000000e+01 9.402879299171777561e+00 8.462677597030271670e+00 6.271166083323290508e+00 8.045574326508447172e+00
6.959999999999999432e+01 7.420000000000000284e+01 7.190000000000000568e+01 9.689569129161842653e+00 1.220269958897639562e+01 7.630615054881038972e+00 9.840961257673093598e+00
6.220000000000000284e+01 6.969999999999998863e+01 6.594999999999998863e+01 1.242615534266556132e+01 9.896254977525801522e+00 2.011184112874996188e+01 1.414475048298044157e+01
6.770000000000000284e+01 7.179999999999999716e+01 6.975000000000000000e+01 1.084644184964107794e+01 1.949547353413522544e+01 5.151668449963735519e+00 1.183119461124667993e+01
6.950000000000000000e+01 7.179999999999999716e+01 7.065000000000000568e+01 1.062764403853439532e+01 1.060020367315049228e+01 6.495560266930334947e+00 9.241135992871740257e+00
6.239999999999999858e+01 7.189999999999999147e+01 6.714999999999999147e+01 9.543105404125268976e+00 1.057729046316952193e+01 1.735499122183220067e+01 1.249179569637566267e+01
6.780000000000001137e+01 7.300000000000000000e+01 7.040000000000000568e+01 2.054070069776770069e+01 1.327618563764373860e+01 5.879540464601273442e+00 1.323214226667090543e+01
6.590000000000000568e+01 7.229999999999999716e+01 6.909999999999999432e+01 8.192549756220419255e+00 9.602152360243701779e+00 1.569724532801663663e+01 1.116398248149358530e+01
6.129999999999999716e+01 7.039999999999999147e+01 6.584999999999999432e+01 1.265318447719880979e+01 9.125333021950947199e+00 1.667508088004772659e+01 1.281786612639916179e+01
