6.079999999999999716e+01 5.550000000000000711e+01 5.815000000000000568e+01 1.511356105369832648e+01 1.726637301460339913e+01 1.537635535688172972e+01 1.591876314172781726e+01
5.900000000000000000e+01 5.639999999999999147e+01 5.769999999999999574e+01 1.449371142777648380e+01 2.017522629355091368e+01 1.224630419743631293e+01 1.563841397292123681e+01
6.220000000000000284e+01 5.729999999999999716e+01 5.975000000000000000e+01 1.477476306305659470e+01 2.286953070137304778e+01 1.527049922341982224e+01 1.763826432928315668e+01
6.050000000000000000e+01 5.410000000000000142e+01 5.729999999999999716e+01 1.545362432778452977e+01 1.918785218481296084e+01 1.190567977550106527e+01 1.551571876269951922e+01
6.019999999999999574e+01 5.460000000000000142e+01 5.739999999999999858e+01 1.706813676103246635e+01 1.782537895471398670e+01 1.238439996795206000e+01 1.575930522789950317e+01
6.119999999999999574e+01 5.620000000000000284e+01 5.870000000000000284e+01 1.506858861361812174e+01 1.705228379793420146e+01 1.150468553138354189e+01 1.454185264764529073e+01
5.989999999999999858e+01 5.440000000000000568e+01 5.715000000000000568e+01 1.416591457622826056e+01 1.689173029082581223e+01 1.486541657728838217e+01 1.530768714811414988e+01
5.909999999999999432e+01 5.570000000000000284e+01 5.739999999999999858e+01 1.417404612748477710e+01 1.893222826403161463e+01 1.152185577795441773e+01 1.487604338982360197e+01
6.069999999999999574e+01 5.510000000000000142e+01 5.789999999999999858e+01 1.416067925949037942e+01 1.767057594147298971e+01 1.200684787466479797e+01 1.461270102520938963e+01
5.919999999999999574e+01 5.400000000000000000e+01 5.659999999999999432e+01 1.400876204020346272e+01 1.861057039774372868e+01 1.482818332296991493e+01 1.581583858697236877e+01
6.119999999999999574e+01 5.610000000000000853e+01 5.865000000000000568e+01 1.540401221674364507e+01 2.108618361590780665e+01 1.481363091054715930e+01 1.710127558106620427e+01
6.129999999999999716e+01 5.689999999999999147e+01 5.909999999999999432e+01 1.540063547724924753e+01 1.683080521586741085e+01 1.537941066730768824e+01 1.587028378680811613e+01
6.119999999999999574e+01 5.639999999999999147e+01 5.879999999999999716e+01 1.723246671371190075e+01 1.877545025375965793e+01 1.392620890645861742e+01 1.664470862464339262e+01
6.229999999999999716e+01 5.639999999999999147e+01 5.934999999999999432e+01 1.401114333813601753e+01 1.916768627319562768e+01 1.150898525766842440e+01 1.489593828966668809e+01
5.950000000000000000e+01 5.560000000000000853e+01 5.755000000000000426e+01 1.414647874496627544e+01 1.723962178306696202e+01 1.457431734842982429e+01 1.532013929215435333e+01
5.959999999999999432e+01 5.639999999999999147e+01 5.799999999999999289e+01 1.646554321710270585e+01 1.704646430124470768e+01 1.645099028432500177e+01 1.665433260089080747e+01
6.110000000000000142e+01 5.480000000000000426e+01 5.795000000000000284e+01 1.462475412240774908e+01 2.223499345156961482e+01 1.560856314932573241e+01 1.748943690776770055e+01
6.110000000000000142e+01 5.500000000000000711e+01 5.805000000000000426e+01 1.405807632922626915e+01 1.676932581912905817e+01 1.208526199706361659e+01 1.430422138180631464e+01
6.270000000000000284e+01 5.510000000000000142e+01 5.890000000000000568e+01 1.498781850343071298e+01 1.713039585027102873e+01 1.175531543240605892e+01 1.462450992870260080e+01
6.089999999999999858e+01 5.560000000000000853e+01 5.825000000000000000e+01 1.424181363741657869e+01 1.966432195545316830e+01 1.190323841963172136e+01 1.526979133750048767e+01
6.220000000000000284e+01 5.789999999999999858e+01 6.004999999999999716e+01 1.404012910377500134e+01 1.699443255657082830e+01 1.175376450117058980e+01 1.426277538717214100e+01
5.939999999999999858e+01 5.719999999999999574e+01 5.829999999999999716e+01 1.540056665302256533e+01 1.745446768555026651e+01 1.588274936174116903e+01 1.624592790010466814e+01
6.029999999999999716e+01 5.580000000000000426e+01 5.804999999999999716e+01 1.459940626578591427e+01 1.672949555294604806e+01 1.152384340324862677e+01 1.428424840732686363e+01
5.959999999999999432e+01 5.560000000000000853e+01 5.760000000000000142e+01 1.417525347475236686e+01 1.809002898315475605e+01 1.167581087567229403e+01 1.464703111119313839e+01
5.799999999999999289e+01 5.620000000000000284e+01 5.709999999999999432e+01 1.436140553918880869e+01 1.773719930546087298e+01 1.158653272309474147e+01 1.456171252258147497e+01
5.969999999999999574e+01 5.600000000000000711e+01 5.785000000000000142e+01 1.488536783910730499e+01 1.687622204597053610e+01 1.256881960791868202e+01 1.477680316433217378e+01
6.110000000000000142e+01 5.570000000000000284e+01 5.840000000000000568e+01 1.540546017493950792e+01 1.820015192028484208e+01 1.151004921952032944e+01 1.503855377158156159e+01
6.069999999999999574e+01 5.709999999999999432e+01 5.889999999999999147e+01 1.404170126003345587e+01 1.920545340522298616e+01 1.184450709340416452e+01 1.503055391955353493e+01
6.179999999999999716e+01 5.699999999999999289e+01 5.939999999999999147e+01 1.490982217264529552e+01 1.714292305407773398e+01 1.495751781167565575e+01 1.567008767946622960e+01
6.150000000000000000e+01 5.699999999999999289e+01 5.925000000000000000e+01 1.458644912171332741e+01 1.678152011450103132e+01 1.211871983801000141e+01 1.449556302474145220e+01
6.200000000000000000e+01 5.550000000000000711e+01 5.875000000000000000e+01 1.419341907501583755e+01 1.773050480997827805e+01 1.212081295728544461e+01 1.468157894742652125e+01
6.139999999999999858e+01 5.620000000000000284e+01 5.879999999999999716e+01 1.410992924548928329e+01 1.666823622325795995e+01 1.388987640239268195e+01 1.488934729037997506e+01
6.019999999999999574e+01 5.530000000000000426e+01 5.775000000000000000e+01 1.410638098821507747e+01 1.774105857001102393e+01 1.236166759611314525e+01 1.473636905144641496e+01
5.989999999999999858e+01 5.629999999999999716e+01 5.809999999999999432e+01 1.407368942981385906e+01 1.689672846177645837e+01 1.380234982613411354e+01 1.492425590590814188e+01
6.229999999999999716e+01 5.490000000000000568e+01 5.860000000000000142e+01 1.405264721018118479e+01 1.675190307817327096e+01 1.387338645808170412e+01 1.489264558214538603e+01
6.009999999999999432e+01 5.689999999999999147e+01 5.849999999999999289e+01 1.525467273685001324e+01 2.285706259231530524e+01 1.576103182694366112e+01 1.795758905203632594e+01
5.939999999999999858e+01 5.450000000000000711e+01 5.695000000000000284e+01 1.406339277374938845e+01 1.722928293332120475e+01 1.685115849124139586e+01 1.604794473277066302e+01
6.110000000000000142e+01 5.799999999999999289e+01 5.954999999999999716e+01 1.588781636864709590e+01 1.813238431224415592e+01 1.177259198943315965e+01 1.526426422344147049e+01
5.919999999999999574e+01 5.729999999999999716e+01 5.825000000000000000e+01 1.551545596393998139e+01 1.712944375874865699e+01 1.183617067191934069e+01 1.482702346486932576e+01
5.979999999999999716e+01 5.620000000000000284e+01 5.800000000000000000e+01 1.432034841259739189e+01 2.147191076939727594e+01 1.155914311422407614e+01 1.578380076540624799e+01
6.009999999999999432e+01 5.500000000000000711e+01 5.754999999999999716e+01 1.414524423410874832e+01 1.666804260198526677e+01 1.240269653532884497e+01 1.440532779047428669e+01
5.869999999999999574e+01 5.739999999999999858e+01 5.804999999999999716e+01 1.408988673451634632e+01 1.775339072385975214e+01 1.191700080210614487e+01 1.458675942016074778e+01
5.929999999999999716e+01 5.550000000000000711e+01 5.740000000000000568e+01 1.461612684916401861e+01 1.694449019858420158e+01 1.553764014625511969e+01 1.569941906466777937e+01
6.179999999999999716e+01 5.510000000000000142e+01 5.845000000000000284e+01 1.432098892202257368e+01 2.089904489990943759e+01 2.054281928262249579e+01 1.858761770151816961e+01
6.029999999999999716e+01 5.669999999999999574e+01 5.850000000000000000e+01 1.444885043166428140e+01 2.359850180738056480e+01 1.401691235466748431e+01 1.735475486457077565e+01
6.050000000000000000e+01 5.560000000000000853e+01 5.805000000000000426e+01 1.568663804583298216e+01 1.839716406299955054e+01 1.293244646340081871e+01 1.567208285741111773e+01
6.019999999999999574e+01 5.550000000000000711e+01 5.785000000000000142e+01 1.404574929014049722e+01 1.703759272098157140e+01 1.168963811980831302e+01 1.425766004364346173e+01
6.050000000000000000e+01 5.600000000000000711e+01 5.825000000000000000e+01 1.500288845865955167e+01 1.715639067999966372e+01 1.151797460466239365e+01 1.455908458110720183e+01
6.139999999999999858e+01 5.629999999999999716e+01 5.884999999999999432e+01 1.400999604968807510e+01 2.431974956074273564e+01 1.301274032362654332e+01 1.711416197801911920e+01
5.950000000000000000e+01 5.510000000000000142e+01 5.729999999999999716e+01 1.714802148241805213e+01 1.925165423215759830e+01 1.319016718322281179e+01 1.652994763259948741e+01
5.909999999999999432e+01 5.470000000000000284e+01 5.689999999999999858e+01 1.905483187066096917e+01 1.704423809426764080e+01 1.326356253701523968e+01 1.645421083398128204e+01
5.989999999999999858e+01 5.729999999999999716e+01 5.859999999999999432e+01 1.411181226385255449e+01 2.002482913911218887e+01 1.308987652041750138e+01 1.574217264112741610e+01
6.050000000000000000e+01 5.520000000000000284e+01 5.785000000000000142e+01 1.401635860479442997e+01 1.921418936977551795e+01 1.726907346461169013e+01 1.683320714639387816e+01
6.139999999999999858e+01 5.510000000000000142e+01 5.825000000000000000e+01 1.404219196100131484e+01 1.780557086232358444e+01 1.152580636660948876e+01 1.445785639664479483e+01
6.119999999999999574e+01 5.580000000000000426e+01 5.850000000000000000e+01 1.444883472229691890e+01 1.708470412910919833e+01 1.155070815096950199e+01 1.436141566745853915e+01
6.029999999999999716e+01 5.540000000000000568e+01 5.785000000000000142e+01 1.472137132145641125e+01 1.668918892098895768e+01 1.436575021722079271e+01 1.525877015322205388e+01
6.000000000000000000e+01 5.669999999999999574e+01 5.834999999999999432e+01 1.493998385196744572e+01 1.676610789195161999e+01 1.504809642263061598e+01 1.558472938884989389e+01
6.200000000000000000e+01 5.570000000000000284e+01 5.885000000000000142e+01 1.456057151618572476e+01 1.666275135471263980e+01 1.216686157247391087e+01 1.446339481445742514e+01
6.069999999999999574e+01 5.490000000000000568e+01 5.779999999999999716e+01 1.401367629703116080e+01 2.085274936395239820e+01 1.199396866689603414e+01 1.562013144262652986e+01
5.969999999999999574e+01 5.430000000000000426e+01 5.700000000000000000e+01 1.407714918737682197e+01 1.684920899645468850e+01 1.547784528515851754e+01 1.546806782299667482e+01
6.029999999999999716e+01 5.629999999999999716e+01 5.829999999999999716e+01 1.463746705932641667e+01 1.727766778010287041e+01 1.374669205184817145e+01 1.522060896375915284e+01
6.089999999999999858e+01 5.699999999999999289e+01 5.894999999999999574e+01 1.424194198589012750e+01 1.700682377829733127e+01 1.319274566991352238e+01 1.481383714470032764e+01
5.989999999999999858e+01 5.639999999999999147e+01 5.814999999999999147e+01 1.461933592147634009e+01 2.011991602018932923e+01 1.634667109885898029e+01 1.702864101350821713e+01
6.000000000000000000e+01 5.540000000000000568e+01 5.770000000000000284e+01 1.430663784564251095e+01 1.739260901235718393e+01 1.318169612222256148e+01 1.496031432674075212e+01
5.969999999999999574e+01 5.610000000000000853e+01 5.790000000000000568e+01 1.446007188417500267e+01 2.070091382148520154e+01 1.257548290515025435e+01 1.591215620360348559e+01
6.229999999999999716e+01 5.719999999999999574e+01 5.975000000000000000e+01 1.664597477012090465e+01 1.741959735766278783e+01 1.415083909047807076e+01 1.607213707275392167e+01
6.029999999999999716e+01 5.470000000000000284e+01 5.750000000000000000e+01 1.413016877641050328e+01 2.179312309676294390e+01 1.945726608029214333e+01 1.846018598448852899e+01
6.100000000000000000e+01 5.789999999999999858e+01 5.945000000000000284e+01 1.401152541498216841e+01 1.761006609926224087e+01 1.282879827778552517e+01 1.481679659734331089e+01
6.150000000000000000e+01 5.629999999999999716e+01 5.889999999999999858e+01 1.418521167156994700e+01 1.710678325120165866e+01 1.227234492595019688e+01 1.452144661624060085e+01
6.060000000000000142e+01 5.550000000000000711e+01 5.805000000000000426e+01 1.402875051883253121e+01 1.692613305958090564e+01 1.566651975463444479e+01 1.554046777768262722e+01
6.089999999999999858e+01 5.450000000000000711e+01 5.770000000000000284e+01 1.412402749239581112e+01 1.885287591543805519e+01 1.199819861392168541e+01 1.499170067391851724e+01
5.879999999999999716e+01 5.689999999999999147e+01 5.784999999999999432e+01 1.479363425252326358e+01 1.809089544428804430e+01 1.152758154346138930e+01 1.480403708009089847e+01
6.050000000000000000e+01 5.639999999999999147e+01 5.844999999999999574e+01 1.484668863348779588e+01 1.675862401994342576e+01 1.219492613253868285e+01 1.460007959532330091e+01
5.969999999999999574e+01 5.500000000000000711e+01 5.735000000000000142e+01 1.457354920275174592e+01 1.705426527874364240e+01 1.150546313178464253e+01 1.437775920442667577e+01
6.139999999999999858e+01 5.410000000000000142e+01 5.775000000000000000e+01 1.479949281832966257e+01 1.819299023111608804e+01 1.206566132851431128e+01 1.501938145932002122e+01
6.100000000000000000e+01 5.620000000000000284e+01 5.860000000000000142e+01 1.439155224333300076e+01 1.702697832282592927e+01 1.287496381990786887e+01 1.476449812868893297e+01
6.019999999999999574e+01 5.629999999999999716e+01 5.825000000000000000e+01 1.467594835446337243e+01 1.718134608460709245e+01 1.428534803727846914e+01 1.538088082544964408e+01
6.089999999999999858e+01 5.739999999999999858e+01 5.914999999999999858e+01 1.410610519913645611e+01 1.974113513326124547e+01 1.301158948244499314e+01 1.561960993828089705e+01
5.979999999999999716e+01 5.600000000000000711e+01 5.790000000000000568e+01 1.556978410991152195e+01 1.727956817572782455e+01 1.401635507496231980e+01 1.562190245353388995e+01
6.119999999999999574e+01 5.490000000000000568e+01 5.804999999999999716e+01 1.654233023186896645e+01 1.905272784385069329e+01 1.287278083578834931e+01 1.615594630383600361e+01
6.100000000000000000e+01 5.719999999999999574e+01 5.909999999999999432e+01 1.850407655773215865e+01 1.711835690558056911e+01 2.021453719399368154e+01 1.861232355243546976e+01
5.989999999999999858e+01 5.560000000000000853e+01 5.775000000000000000e+01 1.433223103664837339e+01 1.668004698123527874e+01 1.402189084799758589e+01 1.501138962196041327e+01
5.779999999999999716e+01 5.620000000000000284e+01 5.700000000000000000e+01 1.414702417124314238e+01 1.670870928183771653e+01 1.297715232703806087e+01 1.461096192670630778e+01
6.019999999999999574e+01 5.400000000000000000e+01 5.709999999999999432e+01 1.416379661838390547e+01 1.671740181821593652e+01 1.151096798495383311e+01 1.413072214051789111e+01
6.029999999999999716e+01 5.550000000000000711e+01 5.790000000000000568e+01 1.536651144340600794e+01 1.674219476840116627e+01 1.153307266232217110e+01 1.454725962470978118e+01
5.950000000000000000e+01 5.600000000000000711e+01 5.775000000000000000e+01 1.417898800535048487e+01 1.678291773652552266e+01 1.265808728869433963e+01 1.453999767685678357e+01
6.089999999999999858e+01 5.659999999999999432e+01 5.875000000000000000e+01 1.574834833389063249e+01 1.689929122776818460e+01 1.658294435135027456e+01 1.641019463766970077e+01
6.139999999999999858e+01 5.779999999999999716e+01 5.959999999999999432e+01 1.407701006825270973e+01 1.754305168228264122e+01 1.197098370087862840e+01 1.453034848380465860e+01
6.060000000000000142e+01 5.470000000000000284e+01 5.765000000000000568e+01 1.402353475530288840e+01 2.250329943481156647e+01 1.317721346194157306e+01 1.656801588401867775e+01
5.989999999999999858e+01 5.540000000000000568e+01 5.765000000000000568e+01 1.402187644498621921e+01 1.708881150734565679e+01 1.263196027642247898e+01 1.458088274291811892e+01
6.250000000000000000e+01 5.689999999999999147e+01 5.969999999999999574e+01 1.411446476082146617e+01 2.404626336268326270e+01 1.347799017461366233e+01 1.721290609937279825e+01
5.879999999999999716e+01 5.610000000000000853e+01 5.745000000000000284e+01 1.691753656344934598e+01 1.927822211969207089e+01 1.185550883673541911e+01 1.601708917329228044e+01
6.019999999999999574e+01 5.500000000000000711e+01 5.760000000000000142e+01 1.403006337205798459e+01 1.666430696559277891e+01 1.330453198296963357e+01 1.466630077354013117e+01
6.119999999999999574e+01 5.610000000000000853e+01 5.865000000000000568e+01 1.515142022220764595e+01 1.744673864953033871e+01 1.152617622467096226e+01 1.470811169880298230e+01
5.909999999999999432e+01 5.510000000000000142e+01 5.709999999999999432e+01 1.403656905486879936e+01 1.692033464286352995e+01 1.150485967152024180e+01 1.415392112308419037e+01
5.879999999999999716e+01 5.440000000000000568e+01 5.660000000000000142e+01 1.483833608573803886e+01 1.670851571226729604e+01 1.157171718816824679e+01 1.437285632872452901e+01
6.100000000000000000e+01 5.390000000000000568e+01 5.745000000000000284e+01 1.409379241580185926e+01 1.716417178612999095e+01 1.692836719412894908e+01 1.606211046535359799e+01
5.979999999999999716e+01 5.510000000000000142e+01 5.745000000000000284e+01 1.418443224005167025e+01 1.791177083180927099e+01 1.354797800215198045e+01 1.521472702467097271e+01
5.989999999999999858e+01 5.639999999999999147e+01 5.814999999999999147e+01 1.439497688814761744e+01 1.704742010177151101e+01 1.212587527275223032e+01 1.452275742089045174e+01
6.019999999999999574e+01 5.550000000000000711e+01 5.785000000000000142e+01 1.401318713694830720e+01 1.666266792439250821e+01 1.156030200543088959e+01 1.407871902225723382e+01
