-9.800060200539799382e+01
1.950662144999516840e+02
5.501931856778845287e+01
-3.576195992083565045e+01
9.726362425441593018e+01
2.758845211284524908e+02
6.925573932452057591e+01
-6.905060017023605212e+01
8.306863500834514014e+01
3.678023686358324653e+02
5.068250250084462039e+01
1.297813657745285241e+02
9.273461795822265685e+01
7.582686281608326340e+01
-9.985656007006096502e+01
2.666225204049216018e+02
5.078237498088532931e+01
4.803649799144065646e+00
-1.148774741503140575e+02
7.828436961927647531e+01
5.680588650122749783e+01
5.443633661775951538e+01
5.713149290723819007e+01
6.253558747120919037e+01
-1.444282810018128416e+00
-9.877118746563715490e+01
1.447557491425136220e+02
8.943752552515883281e+01
-5.264532839780209628e+01
-9.355940375159661926e+01
2.478848111399618404e+02
1.134323290603737178e+02
8.919023118619838897e+01
1.083532294015405455e+02
1.024111846358551787e+02
9.772061481953458895e+01
4.638154500948331105e+01
1.059643192208291111e+02
8.173945674853409571e+01
-8.246281647547256455e+01
1.735612301311286387e+02
7.159704040037270545e+01
1.439433065044007947e+02
2.262051684012123474e+02
7.077303765947996794e+01
8.654397510847287833e+01
1.281258649170386548e+02
7.120423680454079829e+01
5.172784075568918638e+01
-1.176867783585500291e+02
2.393810558323906719e+02
3.024460163577713843e+02
1.135081317996108226e+02
1.083415241299304768e+02
2.780855864325215521e+02
4.480183144789491934e+01
1.045574492318485653e+02
3.259173662345249056e+01
1.305994129278035132e+02
1.923355344131117874e+02
8.304192076300486747e+01
1.935133929832743434e+02
1.528482633564133550e+02
1.846706160853226777e+02
4.394392554040612708e+01
-1.486330140778289604e+02
1.817077687965837640e+02
1.699346098865173076e+02
3.318136106663325222e+02
1.167762731031227190e+02
1.524223549789029448e+02
1.527461062176570863e+02
7.331416604696508443e+01
8.352113597522696864e+01
2.752917421046387858e+02
1.409474601604187285e+02
6.627506968407935517e+01
6.294807571588272310e+00
-6.648798064772439176e+00
1.662960080087195252e+02
1.984772599967832036e+02
3.467695698448171981e+01
-8.762313843760469467e+01
1.788205121813842524e+01
2.317598784239177974e+02
-4.300230593301532878e+01
5.104377220838087226e+01
-1.624640909656658749e+01
1.726768037755724094e+01
-1.909237597090049974e+02
1.847146122143988691e+02
-8.581220857948199665e+00
-1.213351685378975304e+02
-4.759620388706317584e+01
7.754076522075934008e+00
3.303742405868971588e+01
-2.252639763294951791e+01
-4.715644738950770432e+01
2.605018840989534112e+01
8.404359093266913305e+01
6.614408641086363332e+02
5.017890891275545755e+02
3.516908198484464378e+02
4.182532582503200160e+02
5.638462444563988356e+02
1.007327728661848170e+02
3.593984011225453514e+02
4.482748162970454473e+02
3.327058023075425695e+02
4.307945036648082464e+02
3.959206204526273041e+02
3.810470420060624406e+02
3.431111339566475067e+02
4.224595317226447833e+02
3.827560163772524220e+02
2.351899388975777185e+02
3.768724817074304383e+02
3.887335234209356827e+02
5.055391714350432153e+02
3.757395761044467690e+02
3.901834558548487735e+02
4.004150576266000598e+02
3.498103520212106901e+02
3.480318748760193444e+02
6.713591232697793885e+02
-2.010948255174035921e+02
-2.190617634099940574e+02
-4.798125035346176759e+01
1.698911250394711203e+01
5.994567321171631846e+01
3.553271296407515365e+02
-5.149452034934082434e+01
-7.511301466809922545e+01
-3.315663044736702147e+01
1.923638820153835809e+02
-1.115286030584490078e+02
-2.008235116762840633e+01
-5.461488033202368797e+01
-8.777906416000284651e+01
-4.641572280882925838e+01
1.224773543714988477e+02
-7.793467350401994054e+01
-1.874469598638695516e+02
-2.262023458264439739e+02
-4.426333878352511420e+01
-7.093331630249718955e+01
-1.250694540624411104e+02
-7.269961866075102819e+01
-1.517664879507481857e+01
1.073894775219091002e+02
6.706740263342392439e+01
2.472170404899243010e+02
1.124258083783297764e+02
1.010180231759624121e+02
2.634322969792036133e+02
-8.412543819992261263e+01
8.581440235392115312e+01
2.634280001715416688e+02
5.871819983360726525e+01
5.250234984332509214e+01
1.160558882597957506e+02
1.080106434175706340e+02
6.233255951425471864e+01
1.285661091806363174e+02
2.135025441366815926e+02
6.497863525320740052e+01
1.428205893937642657e+02
2.041306925195234498e+02
1.175764583104929955e+02
9.846838294537295155e+01
1.459995862233467392e+02
9.419735588755611388e+01
1.122439463141142539e+02
1.287773235115037096e+02
2.123617679738638913e+02
2.321048723392624993e+02
2.663854025361329150e+02
9.113555367643274963e+01
2.545179352195390550e+02
5.444638401035376774e+02
5.219474070069953342e+01
1.254199182114748083e+02
2.210241737895520941e+02
1.583591838521138868e+02
5.548647539362049486e+01
7.003171566122031777e+01
1.217516395636888404e+02
8.190124704250700916e+01
1.748384698001034963e+02
2.986746828368663387e+01
-1.360421676690961590e+02
9.706282837726460855e+01
9.347614624570584851e+01
2.366572744434488698e+02
1.470543025454580288e+02
1.142430060390136646e+02
6.549999142492148962e+01
2.856548631485713940e+01
1.482975124343778646e+02
4.370170091866634152e+02
-4.100521823807242185e+02
-2.119432611280068670e+02
-1.889433385967222989e+02
-1.881183957587422810e+02
-5.239597456751671700e+01
-3.874625061437404270e+02
-1.421775837336774941e+02
-2.247537463079609097e+02
-2.018896560109857603e+02
-3.187563902439646881e+02
-1.873922769450391002e+02
-2.110374071956274804e+02
-1.438811866005879097e+02
-1.929610775187596801e+02
-2.838788023197612915e+02
-4.504602830886052516e+02
-2.365117746626443704e+02
-4.005856500235512385e+01
-5.732603333358336073e+01
-1.231955462803384478e+02
-1.770099438937448610e+02
-1.379446631441523436e+02
-1.543408245269282020e+02
-1.420442668873062075e+02
-2.317056259639120412e+02
7.854532748598582259e+01
2.473696745141116082e+02
4.571184006165535152e+01
1.338538954154733176e+02
3.060890016334332131e+02
1.584915126066262872e+02
-1.853374468082750326e+01
1.469088006671019571e+02
3.934087065919184312e+01
-7.569735414328044953e+01
7.778373757415920409e+01
9.423299850548610834e+01
1.904558493507983030e+01
6.775008849580166270e+01
-1.600006092713931878e+02
2.746870541232355549e+02
8.581173943905230317e+01
-1.431601405438184571e+01
-4.427921586658136732e+00
2.488490679208972978e+01
9.157836293417680906e+00
3.811598705038633739e+01
2.396157193718142508e+01
-2.336528647113512136e+01
3.056172767984849088e+02
2.613890939765433359e+02
-1.834116408441123838e+02
-2.978066024203482698e+01
1.044465804516497229e+02
3.680825210702082018e+01
-4.427275351392249547e+01
-2.056686579028453821e+01
-1.594997170619931381e+01
-2.981568224389048538e+01
2.210520429585870374e+02
-1.427809511451684443e+01
-5.174091190422586806e+01
-9.367245521667861397e+00
-2.840243618538983128e+01
-1.127127461049590522e+02
-2.116307952311671556e+02
-3.807898284246950027e+01
-1.278544172262768654e+02
-9.237548489055075152e+01
1.546343275731547351e+01
-9.294591542691314601e+01
-6.827042816791032465e+01
-3.516330375933884511e+01
-3.673541484958751369e+01
2.183405740031211053e+02
-5.473158812527243526e+02
-1.009996478876051924e+02
-1.538839294155738742e+02
-2.134488627974754422e+02
-1.823697079461877024e+02
1.543153374700863480e+02
-1.733791436128886119e+02
-1.600514266280182483e+02
-1.755683029796545043e+02
-2.870058661695510978e+02
-1.619480509738533840e+02
-1.833291690591786107e+02
-1.654766576658708175e+02
-1.725882719565082652e+02
-2.882308129654246045e+02
6.851939804583264504e+01
-1.561520572303692234e+02
-1.460636477052175906e+02
-2.054339452419183658e+02
-1.840951041064316200e+02
-2.092021727416099566e+02
-1.888471809638811010e+02
-1.905976473692541333e+02
-2.232834154806181175e+02
-2.501741960537200384e+02
-2.539184544698097739e+02
-2.208825828943702163e+02
-2.241301821581747618e+02
-3.165769705502931401e+02
-2.873141373363885123e+02
1.532944596692738344e+02
-1.764666065613432693e+02
-3.313038244961387022e+02
-1.795481620101007252e+02
-4.138981687280119104e+02
-1.832895978662364769e+02
-1.152830883582542043e+02
-1.603737166889454784e+02
-2.297230719304380671e+02
-4.463021429640808719e+02
2.771376697565553116e+01
-2.070843335741649582e+02
-1.073093545340291968e+02
-8.073829465350164014e+01
-1.882144588029161980e+02
-1.423018987013678043e+02
-1.108669433426937587e+02
-2.166180323881627601e+02
-1.867994629220200125e+02
-5.032344186131533661e+02
7.335442406902917867e+01
3.011631984051849145e+02
9.624482838675574214e+01
1.693797457646419105e+02
4.342695327232317482e+02
-1.653531277486033559e+02
5.975382157188990107e+01
1.889605039638940696e+02
5.075706380059600065e+01
4.849621558660098941e+01
3.843271279519669292e+01
9.117855093811395761e+01
6.658643596096575834e+01
1.189710280339328250e+02
1.931859057397543609e+02
-1.637474469804776049e+02
8.015183552896624519e+01
3.321766102385908681e+01
-7.634789411658395863e-01
1.116871982768443559e+02
9.289937266417892658e+01
7.271586443779918341e+01
7.457934559235199856e+01
1.213036002757030332e+02
3.619469975408032951e+02
3.953767108954959753e+01
5.453570225642185676e+01
-5.555690800288596165e+01
-3.098572591503410223e+01
9.706758287167235721e+01
-3.164623493977746449e+00
-8.253614350958598322e+01
-1.061033204392373932e+02
-6.079812265398550153e+01
-3.282733030872453810e+02
-9.203692193510576658e+01
-1.307998213133834611e+02
-1.093480638004176910e+02
-9.343043076343542452e+01
1.327389145653571063e+02
-6.452005703247021984e+01
-9.837558772678953289e+01
-8.985884670390402107e+01
-4.333169068724778583e+00
-9.488826303687764607e+01
-7.924071311803724882e+01
-1.324981962844876477e+02
-1.090992654685650933e+02
-2.914927634667494871e+01
-2.795952243585978891e+01
-1.264235115735221484e+02
2.182436784543902490e+02
2.764814847483675919e+01
1.107136586643798992e+00
6.112297946456587994e+01
-9.557124064654506412e+01
-4.376336341614051051e-01
1.093350961409469164e+02
2.576570325748458501e+01
-2.525989877655741793e+02
4.813963935182933795e+01
1.729037111218151779e+01
1.003349112861946857e+01
-4.392138760989267254e+00
7.800525409785115016e+01
3.573112236625627247e+01
4.748580189654386885e+00
-1.051448342758512808e+02
-2.246370833451044859e+02
1.359470683463676544e+01
7.534825406108801360e+00
7.124539570807426614e+00
6.816889809645030596e+01
2.659185926919466425e+01
-4.954201408365649684e+01
3.912062998855369642e+02
2.409631516235222080e+02
1.098715894944629525e+02
-1.553034681132746364e+01
1.532506177886318710e+02
-1.441515821783642934e+02
1.405865339058377401e+02
-3.444207030900491162e+01
4.428339374905522874e+01
-4.408777625811734424e+01
6.641213396446536876e+01
5.811436188321549423e+01
1.083229338358098346e+02
1.140866100160402112e+02
3.450417642437273003e+01
-1.719946293502544847e+02
9.120118561345735486e+01
2.055104509546582676e+02
4.210392290277549137e+02
1.380492698618317888e+02
1.492182641299684747e+02
1.096293331245083778e+02
7.886312848211760240e+01
1.243651268986850624e+02
1.901039191028739026e+02
2.732465816164519197e+02
5.691596930075071441e+02
3.450988233867944928e+02
4.326214217462436409e+02
6.547552862045567963e+02
1.720239883905368004e+02
2.985789109704779207e+02
3.231664848260232930e+02
3.109906366028014872e+02
4.207963227286380175e+02
3.301210488996374579e+02
3.350346141452752136e+02
2.733068639947456973e+02
3.168796346604058272e+02
4.495106648553265245e+02
1.599732950444102073e+02
3.586380605320117070e+02
3.332406707697434172e+02
3.556187196718107657e+02
2.473733217081790485e+02
3.547252095941845482e+02
3.341643935207885079e+02
3.130639894215467507e+02
2.942305814241944404e+02
5.462590383521423973e+02
1.380229469004255805e+02
5.856606154404137499e+01
-1.289667485628319241e+02
7.143435886219702269e-01
3.137248632654810763e+02
-3.696381423860100313e+02
-5.906553195063270323e+01
-1.845758504535385498e+02
-1.276975768066409387e+02
-4.477876424007803848e+02
-1.910213951261762588e+02
-1.745571598980853310e+02
-1.432027516057044068e+02
-7.186855840175559251e+01
-5.111795824724341628e+02
-4.306955812708023927e+02
-1.386296167072428034e+02
-6.224487107207648506e+01
1.146044689661128331e+02
-9.453880062855660071e+01
-6.658647240414207147e+01
-5.071842033395852667e+01
-1.825883838555774332e+02
-7.299905202335317256e+01
1.647643654986115109e+02
1.035268090174836573e+02
-2.957464488004917413e+01
6.240918973860399177e+01
1.515666651829405254e+01
-6.710078065997551278e+01
3.637076069831506402e+02
9.623780710677237948e+01
-6.523025145071059683e+01
8.209633891108337878e+01
1.373373055882778431e+02
7.943543817679631047e+01
9.247297092517693784e+01
8.033121978898023485e+01
3.582885972516062623e+01
-3.698041746509987604e+01
3.815530863786606233e+02
6.731586304436189039e+01
-1.458251953470654882e+01
-8.984297515935253386e-01
4.555331776879300776e+01
6.063455931296699220e+01
5.258009258420229060e+01
5.423536441017396470e+01
8.218754777493914787e+01
-6.840438393905989756e+01
-1.335651456025415484e+01
-2.284329422865613992e+02
-4.429506219449672244e+01
-9.037006730800705157e+01
-3.097411530624017928e+02
4.248282970623346699e+01
-1.153100169848781142e+01
-1.566631592819220771e+02
-6.406107383965931490e+00
3.199752462854854116e+02
1.857925422307478058e+01
-6.611352772522080556e+01
1.246648091600172492e+01
-3.665102644825905998e+01
2.651449670896945463e+02
1.399374214006047907e+02
-5.208500210082249993e+01
3.960842125544856174e+01
1.122716527578884609e+02
-2.524440427389268748e+01
-6.556631453958148370e+01
-3.263185441449708435e+01
8.794649627612873388e+00
-2.049847897483747516e+01
-3.231218013615398377e+02
5.658549067405047595e-01
1.382225598955602379e+02
1.869776319093888617e+02
2.648681834358392848e+02
1.635217640422352758e+02
1.673579817563531265e+02
1.551242427905301327e+02
2.965463482801782789e+02
1.722576131096584504e+02
1.449121476802432085e+02
1.864048591319467505e+02
1.197304129942918962e+02
1.640378000349199397e+02
1.599286013216826348e+02
2.352407946231975586e+02
1.492308619327452845e+02
1.323851096392379247e+02
1.262801219050516863e+02
1.253503531259134718e+00
1.725012244596633479e+02
1.240238503957196912e+02
1.822032232818109776e+02
1.878087077331447006e+02
1.572061898049208821e+02
4.412632720955344325e+02
-5.305602172809096118e+01
-1.340055911512954481e+02
-1.212345701342586501e+01
6.764956020741546006e+00
-1.497943146219000141e+02
-7.619977708243857251e+01
2.521470308891867163e+01
-8.411639860871153473e+01
1.526746857009919012e+01
2.951680096009640693e+02
2.873481119548590357e+01
4.958747175607737034e+01
2.950360105967258306e+01
1.180009714226149597e+01
-6.293076147155719013e+01
-1.389946399311583036e+02
4.041837530322295891e+01
1.429490463500767419e+02
2.174078100504219435e+02
4.098794394539444497e-01
1.163598518401560256e+00
3.875552503855270459e+01
5.379039927190406800e+00
-4.501181074342231625e+01
-1.010070714801788405e+01
-1.054218633623775858e+01
-3.049604288651111688e+02
-1.527072418351445435e+02
-3.174520988078048163e+02
-4.486748301487476169e+02
-2.332975348699465599e+02
-1.419064208492308694e+02
-1.354648942600445594e+02
-2.088693854512764574e+02
-9.003774321669560265e+01
-1.588867135533392343e+02
-1.686776902006011198e+02
-1.181438464738438086e+02
-1.246826658964988752e+02
-1.464698233884959961e+02
-3.477456507371031194e+02
-1.242873872468030640e+02
2.747650523252035626e+00
2.357706616852247805e+01
-9.385607149160733798e+01
-1.231415570112327629e+02
-1.411982938676249546e+02
-1.605923563906618483e+02
-1.428176235262709781e+02
-3.630339777262842631e+02
6.920605243504144255e+01
-1.904588463931858087e+02
-4.757092068401362894e+01
-1.684310992723567324e+02
-3.783141757522643047e+02
3.064846865657307262e+02
-5.482816343900166345e+01
-6.023259952234524661e+01
1.836786762950170981e+01
-1.816993214986690930e+02
5.767499056543954339e+01
-2.467019070814032489e+01
-1.773276456311855043e+01
-1.200852931533646597e+02
-1.257377477469387657e+02
2.589133904424944603e+02
-8.745833695172291300e+01
-1.386760428612422515e+02
-3.138154729698664482e+02
-3.631360981016909761e+01
-5.124803576985917886e+01
-4.166692409135854547e+01
1.305291818266702819e+01
-6.550448915712190967e+01
-3.861944316394361181e+02
8.057230776851612575e+01
-2.082893069456731325e+02
-2.607852021338003112e+01
2.063373104293524136e+02
1.938429186397154069e+02
4.648959306559657279e+00
6.809748776991713726e+01
-1.245053059144769065e+02
-3.667523389688242474e+01
8.380780800227910277e+01
-4.178763240294883730e+01
-4.152987245454809795e+00
-1.971001276429756643e+01
-2.083296870882577423e+00
-4.089822504737084614e+02
2.254866422437934261e+02
-3.610753268604018018e+00
1.055612159603604994e+02
9.914305295013315344e+01
-2.313803666185715713e+01
3.625744420966312020e+01
1.291281259722059360e+02
7.041699178775804313e+00
3.004857898393201765e+01
3.006483053260309930e+02
-4.036575317466836168e+02
-1.016117318889825469e+02
-1.709341353509476278e+02
-2.794962604310289294e+02
-2.841783960242223657e+02
-2.918001493617402957e+02
-2.026545965949224239e+02
-2.602079174099698378e+01
-1.586219833675687880e+02
-3.994155071788600253e+02
-1.503326379752338937e+02
-1.589257961288124079e+02
-1.908940210258770946e+02
-1.983325788621373249e+02
-3.102390594054302255e+02
-4.544021035101330313e+02
-1.758169265981670719e+02
-2.647793453438714550e+02
-4.715429880850429640e+02
-1.613838694081244682e+02
-1.686387835885294919e+02
-2.084661642872740970e+02
-1.595001297365375876e+02
-1.959642684414187386e+02
-3.843673569694323646e+02
-3.059339519899633615e+02
-2.927070360013458981e+02
-1.315078278353719270e+02
-2.360098452268044298e+02
-3.492481710610127266e+02
-1.066126587967322337e+01
-9.155141753972684171e+01
-2.175077681486773429e+02
-9.559752021935740629e+01
-2.197713178290599956e+02
-1.704198367460315637e+02
-1.342134460913894429e+02
-7.200755086918350401e+01
-8.898989690222599336e+01
-2.582614803279083162e+02
-1.458576978329908798e+02
-1.494388293970606583e+02
-3.888163612857214702e+01
6.445584215392068472e+01
-6.217731734660931409e+01
-1.074163036982692603e+02
-9.610682243159435245e+01
-1.372818512940570486e+02
-1.532098117639507961e+02
-1.846580124300268437e+02
4.041432639566710918e+02
3.588118547661674711e+02
2.379112716476974185e+02
3.250042499373241753e+02
5.246401000791543083e+02
2.204771090944970240e+02
1.864989416954753381e+02
2.506121831993874594e+02
2.282684326215371584e+02
2.275742971456561179e+02
2.073825299464718341e+02
2.491549597450238593e+02
2.167524599044450326e+02
2.421379871846539231e+02
3.942306418962812700e+02
2.449718627885976332e+02
2.480406541952069688e+02
3.155853905819121223e+02
4.406970933294837209e+02
2.133449289074593480e+02
2.422620715455007030e+02
2.319556645774524952e+02
1.959596203947217532e+02
2.318510897092742198e+02
5.818262418127878846e+02
-1.768599870850830058e+01
-6.138490688485008917e+01
6.662544024323918279e+01
1.626587847726426048e+02
3.139148149609073357e+02
9.696076086399909855e+01
2.101892448318791651e+01
-3.764915236766517381e+01
9.709669948181712584e+00
-2.166173071193428967e+01
-8.022834113598811712e+00
9.327520030424022934e+01
3.540931795763381729e+01
5.773031269884421590e+01
1.344439746670218767e+02
-8.394886248572164789e+01
2.902308815626575367e+01
-7.680185608678478104e+01
2.915383050887873395e+01
6.664904620142131364e+01
5.983621347164006465e+01
-1.577743415494751389e+00
7.787814507923229712e-02
2.947459945813007565e+01
4.753107914893576549e+02
3.996234948880378113e+01
-1.754480182477041126e+02
1.019356897033033427e+01
1.867069891827181038e+02
2.638058156222327852e+02
4.349185416134811533e+01
5.810329528425310031e+00
-1.108276919681475761e+02
1.285446505050873967e+01
-6.649194815873924824e+01
-2.885382746081799255e+01
-1.012852806070780787e+01
2.115422209135049414e+01
-4.276444801351324543e+01
8.170405577365457361e+01
-2.457436123951444813e+02
-1.993339363538515840e+01
3.996469815915455825e+01
1.363549427784838031e+02
2.080262015902084727e+01
9.887941519785554689e+00
1.490328002538304730e+01
1.807439816662295584e+00
-1.442482680087572611e+01
3.383268346556050119e+02
-1.811513905615879239e+01
1.642493640038046294e+02
1.253934492046927858e+02
1.161173484466906984e+02
1.887371981974510504e+02
3.028884366873505485e+01
5.843963875458758395e+01
1.252223285777038484e+02
7.945373286371132338e+01
-1.124443341707867177e+02
1.573835242997846251e+02
1.319400171460083548e+01
8.911162938949928503e+01
9.146315254227262415e+01
2.931119011046887408e+02
-1.352252247978314870e+02
8.848102853585211847e+01
2.067923068646107652e+02
1.430196107073962821e+02
1.240021454806740735e+02
6.261753944623174561e+01
3.425660454215771722e+01
7.901089305741014357e+01
1.600411490537436521e+01
2.837416006689506389e+02
-3.281038704271495732e+01
-1.133668075617094217e+01
-9.744515010379235775e+01
-2.913297420427561519e+02
-2.467510570678645081e+02
-2.742215386314988450e+02
-9.077078229646224372e+01
-1.515693917613140229e+02
-1.165624730480246569e+02
-4.853241239736539683e+02
-1.210402246515877778e+02
-7.408910183629609492e+01
-1.901974358776259066e+01
-3.899303941208352597e+01
-1.205870897495654646e+02
-4.345391782666141580e+02
-5.142075014406289313e+01
-9.327496449234418208e+01
-9.443870447174072069e+01
-6.592765870405258966e+01
-4.665656749167746398e+01
-5.346113604942786424e+01
-1.115008659048399551e+02
-7.798788561750291137e+01
-3.064058406652468989e+02
-2.486926307574076986e+02
-2.295837398763842430e+02
-1.272822274354851118e+02
-2.608569193833976669e+02
-4.603304172899494802e+02
7.094798371810399829e+01
-1.089960900411241198e+02
6.898588761591840068e+01
-1.049602006914834931e+02
-2.171618823770929509e+02
-1.721106094810402283e+02
-9.316735127809553774e+01
-7.983347433630640921e+01
-1.183203157777745389e+02
-2.131077712998638845e+02
-1.402381542106707286e+02
-9.654101542190315399e+01
-4.274366511603503938e+01
-1.909068015035469443e+02
-5.880740955641663703e+01
-8.386386589665276858e+01
-1.109597709564049808e+02
-9.362256028987785328e+01
-5.505822372527056530e+01
-3.380158593743288975e+02
-1.743970034077661921e+02
-1.851265452204437167e+01
-1.409102450419957719e+01
1.192135818521349506e+02
3.232585095096695795e+02
-3.234864777016376252e+02
-1.930881168056335895e+01
-6.063930470408259055e+00
-1.232290141065803226e+02
-1.195259756839636935e+02
-1.146268933490466964e+02
-1.990631182271138755e+01
-1.031979732202136688e+02
-3.727420274362491170e+01
-8.570555361597752153e+01
-2.803952946361392264e+02
-1.775203793018431497e+01
-3.763253143282263125e+00
-3.622455022252275114e+00
-6.592665055459107748e+01
3.437433697931552956e+01
-9.052050338594810341e-01
-3.893099612733194448e+01
1.606542449898533675e+00
3.684221656587992584e+02
4.190512055877767921e+02
9.504609495288613630e+01
1.241673451027609332e+02
1.665568634112597692e+02
2.732357211580639387e+02
-2.459201693399110766e+01
1.114759394481500436e+02
3.320312141866883593e+01
6.397227004348926727e+01
2.697619220731255609e+02
7.039606974640017256e+01
1.480178232873490174e+02
1.343124418125926240e+02
1.989154311318024497e+02
2.988768006471994454e+02
-1.027250266159208110e+02
2.113977457639792874e+02
2.371134737545200153e+02
3.872758579783595110e+02
1.176239643827041306e+02
1.888616985483336066e+02
1.196652517527897572e+02
8.724094849982607514e+01
1.139930875531259744e+02
3.825060579791399391e+02
-9.961510211043825791e+01
1.012283616733571421e+02
4.490024585828115278e+01
4.199833934814205350e+01
1.631414580688254716e+02
2.852343529089733210e+01
2.463870584639521510e+01
-8.469831261724968385e+01
2.665599687393335770e+01
-2.474184989437205573e+01
8.059906345986908605e+01
-2.419756938215562059e+01
2.150378194854770442e+01
4.152844292546671312e+00
1.085558367854854680e+02
4.379820410628637717e+01
1.544307176486659117e+01
1.313812742095171870e+02
1.596342362727121511e+01
1.806572785564939210e+01
4.325025729102014793e+01
4.308796463003278632e+01
4.210237798466998527e+01
-9.258912002222695392e+00
-1.605138755811905682e+01
-2.470738801241241163e+02
-2.502937893958628379e+01
-9.319495510560829032e+00
-1.263241962055401473e+02
-3.230683607740002117e+02
-3.349964771147806175e+01
-4.531836858379293176e+01
1.673940640016878945e+02
1.839858334745033375e+01
3.931690594734998712e+01
4.708474051985626829e+01
4.055997207715850550e+01
8.784617210951047639e+00
-7.900966981758863028e+00
2.820986337578128769e+02
-3.336400113749888874e+02
2.350975870107198062e+01
1.894175784746522240e+01
-8.156809612133386622e+01
6.299867294834101017e+00
1.534008147412150613e+01
-3.346577482859480313e+00
-1.713315652932823951e+01
-5.159619429153219983e+01
-3.494097141803709405e+02
-2.263001360591873947e+02
3.689651879363941234e+00
-2.363560370449351922e+01
-7.626924512745266327e+01
-1.483506011126353030e+02
1.687005722010612985e+01
-5.615395112217466078e+01
7.004386633670307560e+01
2.945385578822560291e+01
-1.314367214550477172e+02
3.804369207767928529e+00
9.246052630527895388e+00
-3.482504916601281053e+01
-6.420350054342902979e+01
2.919039224680819871e+02
-1.682995708537353607e+02
-3.615974224555692729e+01
-4.090301598272958472e+01
-2.473142331832312948e+02
-4.453003784200713966e+01
-1.248097189782925476e+01
-4.963074473716051926e+01
-2.338644978535788965e+01
-5.919244899743819843e+00
-2.791868996495679767e+02
-3.817656171086971426e+02
3.165982340778620241e+01
-8.095216401901657832e+01
-2.291370392615471872e+02
-1.771298857321249329e+02
2.800281207295616781e+01
-1.197109010714634394e+02
-1.569121348645065268e+02
-9.402734618083390217e+01
-3.142010290989131249e+02
-1.380648761057113916e+02
-5.813806180008788971e+01
-1.129491043555577079e+02
-1.448332060310484337e+02
2.128724670761342708e+01
1.412019294796626312e+01
-1.457358171462173857e+02
-2.177689614153474906e+02
-2.217576337680167455e+02
-1.122296448617034912e+02
-1.066894695784136644e+02
-1.564728961656848583e+02
-1.089735382601503346e+02
-6.432823701872786160e+01
-2.374574472056392551e+02
1.293034223263907734e+02
-2.547119102168732354e+02
-8.901998922638290423e+01
-8.100848895171148456e+01
-3.095971522814289187e+02
7.167827353664510781e+01
-2.020188739288033020e+01
-3.521625645831256435e+01
-4.666210035642419030e+01
-5.256329531178758430e+01
4.989792823633791841e-01
1.681253646516442757e+01
1.056235269826959211e+01
-1.906841138278132775e+01
-8.165805061150931010e+01
9.924426131993651268e+01
-9.796953176920304429e+00
5.210766673522365977e+01
-8.909592405742543519e+01
-1.852787750359854613e+01
-5.560623313143310043e+00
5.242456330002978149e+01
-2.254799955325124472e+01
-9.901521638097886324e+00
-3.774444770596011267e+02
-1.759195518022012550e+02
2.531630984449534196e+02
3.893197247748078382e+01
-4.523112886327525217e+01
-4.224599374150403719e+01
-9.298530398322233737e+01
1.205106966497088727e+01
1.421875393791887063e+02
4.145134772869862161e+01
-1.042060523532052940e+02
3.823027911878899232e+01
-1.471481982300732128e+00
-3.668466520739546155e+00
2.549852719740297147e+01
7.354831887678858493e+01
-3.811587402714084760e+01
6.904890415748207388e+00
3.189612595965673592e+01
-4.501186578260011117e+01
7.819834618003662641e+00
3.271114137489467311e+01
4.954320741010715068e+01
3.018403485116249030e+01
-1.119149888777755031e+01
-7.747214519003365751e+01
1.264171406345301847e+02
5.562114221994131640e+02
2.717805443140694024e+02
1.105909894329487031e+02
2.145475105639362141e+02
3.611105958542124768e+02
2.317640236398545994e+02
4.008974386151315912e+02
2.604297856503782214e+02
2.111883689724830617e+02
3.211640718082730359e+02
2.751412373358070909e+02
2.796455463980248055e+02
2.376088637369373657e+02
3.167540997690190920e+02
4.361794556829163980e+02
3.121866223937630025e+02
3.043346549772569460e+02
2.521180011645554373e+02
2.423019132382284511e+02
2.778518488647816866e+02
2.859179762918958545e+02
2.958422141268869154e+02
2.414062648415170429e+02
3.524729345866029817e+00
3.906098103598823172e+02
1.420227532096129153e+02
1.721186515413190250e+02
2.259866141127800176e+02
3.267105563666114563e+02
2.597662347914819065e+02
2.090015600732144208e+02
1.461977421499153706e+02
1.646814578570837568e+02
1.218566381267250875e+02
1.434993727498572866e+02
1.391977151724570660e+02
1.618113436320542178e+02
2.337125732711158150e+02
1.546374519748523255e+02
4.655127601517297649e+02
1.801241374408043612e+02
2.280568080995443268e+02
3.128537594796936219e+02
1.546667793669422792e+02
2.139261518031055402e+02
1.868622201969853052e+02
1.495912239277383264e+02
2.081969158772567994e+02
3.246166578143191259e+02
1.744109377695467344e+01
-8.805599027436937831e+01
-1.409726948024787134e+02
-1.165956124123590740e+02
-1.574942699416099572e+02
-1.959880389806952508e+02
-1.370495711266515855e+02
-2.523254503803698867e+02
-1.970438004651704773e+02
-1.049579769735785106e+02
-1.882249263595053321e+02
-1.599984411200124725e+02
-1.696947649899403530e+02
-1.294631638305920092e+02
-2.625455342410963340e+02
3.849590007263932989e+01
-8.663049181131165710e+01
-1.064541579277695433e+02
-2.723281083539496450e+01
-2.040219555270504657e+02
-1.307956356548767189e+02
-1.139215043904703464e+02
-1.406382701759608551e+02
-1.300056387339865864e+02
-1.849202663413543917e+02
-1.995200330306870455e+02
-3.017278724852972118e+02
-1.112310316357286126e+02
-2.633682923656885322e+01
-9.567475909974673698e+01
-2.691976788215129091e+02
-1.006766668862652381e+02
-2.321787425380481409e+02
-1.184568449497839850e+02
-1.071989058822150866e+02
-1.381003125330406647e+02
-1.130032161709327028e+02
-1.080253399168807675e+02
-1.257124464385968992e+02
1.541821472216830280e+01
-3.889389172232882288e+02
-1.013288841219900718e+02
-8.194239325304573640e+01
-6.821969930080447853e+01
-1.142437996813251431e+02
-1.073676303746846656e+02
-1.457938068563119600e+02
-1.036296849872662023e+02
-1.041836294742102780e+02
-1.032377315972540828e+02
4.790600099897522455e+02
1.000951337472947387e+02
2.215126751769075781e+02
3.507413107178813334e+02
2.112678141852116482e+02
3.860514949986497868e+02
2.555890950652704419e+02
3.678618560425089754e+02
2.757976341959472961e+02
3.581286648377866868e+02
2.489268327100110412e+02
2.210687308532067448e+02
2.333725349482374440e+02
2.259734192207725414e+02
3.693283199483090584e+02
3.209683015892820208e+02
2.057615654920394661e+02
1.559211540923391794e+02
1.654465107005607081e+02
2.537283380588197019e+02
2.186913560342547385e+02
2.188442758802116543e+02
2.196586751201246841e+02
2.766209547872066423e+02
3.872625691377515977e+02
6.457323879726559426e+02
4.710616710422239635e+02
3.831928439367127339e+02
5.216471922300656843e+02
5.419745347403977576e+02
6.168099954760749597e+02
3.712456435572099736e+02
5.693682942556998796e+02
4.739427371206630255e+02
6.615193979500783144e+02
4.432052169907827874e+02
4.640554956453646014e+02
3.868520171926179501e+02
4.030532547752331993e+02
5.860804896763444276e+02
7.412912121774540992e+02
3.961860345104888097e+02
3.166500691817537927e+02
3.973469347752741783e+02
4.129070723579575315e+02
3.845441897628147672e+02
3.835302470434877478e+02
4.039731850752413038e+02
4.326818359541959467e+02
5.129747144186792411e+02
2.107175897117647310e+02
3.306333153891447409e+02
2.004017491636451496e+02
2.009549060459244174e+02
4.422151708799812582e+02
3.544637798974624161e+02
1.887025909385002649e+02
3.350594482832556054e+01
2.157301537157133566e+02
-4.041518249178530908e+01
1.543101660251808198e+02
8.972656224687149518e+01
1.602884612474518065e+02
1.853042314609743642e+02
3.182705544232954367e+02
5.564068144854658158e+02
1.424697541991864682e+02
1.427987528265693413e+02
1.976118978664447070e+02
1.592591229425843267e+02
1.863181517081210075e+02
1.233748272426084185e+02
1.739428992895383317e+02
1.753912821446207317e+02
2.488773643210239470e+02
-2.144514642183420960e+01
-3.746214093278581458e-01
-1.304420838680821149e+01
-2.203628650154544744e+01
5.569433156076327407e+01
-1.637500714026751609e+02
-5.359611975823386842e+01
-5.142220977306071461e+01
-5.766108292474591934e+01
-2.578341042663111011e+02
-6.249797348572453615e+01
-5.636157062830746867e+01
-2.575097563736501627e+01
1.731503971760151472e+01
1.583681384123367764e+01
-2.603517376394456733e+02
-2.979851883037170523e+01
-1.739390103763039406e+02
-1.290741485046936816e+02
1.289431569100569419e+01
-3.316928909217317312e+01
-6.972173866698001632e+01
-6.156756289396359705e+01
-5.586215347452218083e+01
1.363202850092966401e+02
3.492326652896401242e+02
5.801385405324720068e+01
5.231771072803073253e+01
4.176965464300703701e+01
2.978535277373339341e+00
2.989760933998617531e+00
5.293947341593207767e+01
7.166223237319587724e+01
3.170227909667753607e+01
1.678573327275475435e+01
8.029356818824183506e+01
2.732584879961442681e+01
1.078209317617276497e+02
1.486914936956787301e+02
-3.740214836037019097e+00
-1.382071764308403203e+02
8.971557044150591764e+01
8.737049150470224390e+01
2.771446691444554631e+02
1.173568865942227148e+02
5.902163765598466227e+00
2.964047948714269864e+01
8.463818822064645531e+00
5.716142518584589993e+00
1.225074356543157563e+02
2.245861031176582117e+02
-1.472974131393316668e+02
3.412663429098705237e+00
1.401799885560699863e+02
1.686181828531581459e+02
3.035384662248196364e+00
8.979901380095202512e+01
-1.259183486859709404e+02
-1.142151048190704898e-01
1.867666672990040126e+02
2.777546344394974653e+01
1.233200198866664365e+01
1.768781162183319111e+01
1.921494714551201355e+01
-2.999202406131404928e+02
7.880325528920931788e+01
1.182003952947898284e+01
1.216206803884987551e+02
1.432433684291775933e+02
1.574961356821171421e+01
1.402992805005334986e+01
5.115512972230779098e+01
8.368076513676140138e+00
5.588798661026286396e+01
1.410118680974040331e+02
-4.554075627650386338e+01
1.395321442156536875e+02
5.402521032828960301e+01
4.203530695088647207e+01
5.367410552954523695e+01
2.578912937648205457e+02
6.162904423569926138e+01
5.505016413279401633e+01
6.049844979361407127e+01
6.751382571947606159e+00
5.381951036439740932e+01
8.658202966833484027e+01
6.741831071590507918e+01
7.019091038144335926e+01
-2.101246360836757532e+01
2.180461597407419561e+02
2.945822076044476034e+01
9.322813624166657576e+01
1.418623977996990106e+02
9.886888804181845103e+01
1.416984990088810292e+01
2.156692588486495055e+01
3.140875251426887615e+01
7.511623066637466195e+01
1.303808033640353017e+02
-2.618320056302292755e+02
-3.781402814374734476e+02
-3.022965004607095238e+02
-2.642298435368183505e+02
-4.312341891295079108e+02
-6.588272790647940838e+02
-2.458186706074968413e+02
-3.218244415162464520e+02
-3.494819559201947072e+02
-3.165253272012574826e+02
-2.968376169520029748e+02
-2.511187046439108030e+02
-2.585901869911373865e+02
-2.508930550766206977e+02
-4.793762940622204951e+02
-6.684068272892824325e+02
-2.643990579711526152e+02
-1.973416605312920638e+02
-6.194780000053214053e+01
-2.595850215244276455e+02
-2.849177295681009809e+02
-2.039240278049431083e+02
-2.838909368524901424e+02
-2.860054977911535161e+02
-3.058666745668495537e+02
-6.647481704467675456e+01
-2.256585120465318539e+02
-1.152153363826463561e+02
-9.918626242428159046e+00
2.006142044588957845e+02
-2.891773165217483097e+02
-1.363005856911948683e+02
-2.730227197738436757e+02
-1.217170154070390566e+02
-2.699297950518034099e+02
-1.414236793332019033e+02
-1.719253498361922539e+02
-1.261162837778062453e+02
-1.108627556118182866e+02
2.651604430662112577e+01
-4.722407271094390921e+02
-1.614057838405036023e+02
-3.102684180904170930e+01
8.512844568010704904e+01
-8.787958549490106464e+01
-1.010238838552807294e+02
-1.394360946907928849e+02
-1.536544651698808934e+02
-1.753761687001553469e+02
2.344230914586629808e+02
-3.261792080875022179e+02
-2.093972112049246448e+02
-5.780551675797808286e+01
-3.176846701908137049e+01
1.326935593741896291e+01
-5.067608570239484322e+01
-5.609517733662246286e+01
-9.021893241038500832e+01
-3.046129992809090936e+01
-2.565676274353975828e+02
-1.229426461494328464e+02
-8.139657227053348265e+01
-7.551103527019178330e+01
-7.487221690631164961e+01
-1.971639841437211089e+02
-3.622990920947942755e+02
-8.910909843373852368e+01
-1.355189710673564605e+02
-3.048845631231250195e+02
-3.547264978947650604e+01
-2.455589452646541559e+01
-8.143925239195593235e+01
-6.642995194248236146e+01
-8.194714594845726197e+01
1.163554088445796282e+02
5.879341587042158608e+02
4.880254549054324116e+02
1.718318533193088626e+02
1.426804629425210749e+02
4.175627647281046393e+02
4.413694048042149376e+01
1.300662992904900648e+02
1.836950459414267698e+02
1.353342567697538925e+02
4.083386044478397991e+01
1.548339304117488382e+02
1.765885492348467665e+02
1.584302840613765113e+02
1.968941979545592176e+02
2.484692894184784606e+01
2.124626031300031457e+02
1.909762559889594229e+02
6.517023144092462417e+01
2.028698899068344588e+02
1.678398073678789046e+02
1.643355458474985937e+02
1.552345690859162346e+02
1.637056434783422674e+02
1.468087106785117726e+02
3.428494705064670143e+02
-5.485440854561819890e+01
3.939989967431658329e+02
7.938173271056314206e+01
1.769756389977720801e+01
1.793902643020490757e+02
-9.715127155582814567e+01
9.425714921880891950e+01
9.774742168411857790e+01
8.324195427930983726e+01
2.397243672914678569e+01
1.032707911030197323e+02
7.446961461093965795e+01
4.394144334276830222e+01
1.133937168673552378e+02
-4.725786706935624437e+01
9.530285793769225222e+01
6.905606080940438574e+01
5.907108706469013981e+01
2.024386091589545913e+02
5.527413750313380802e+01
8.507126703524873790e+01
1.039910003564738190e+02
5.464045558031806138e+01
6.425664988377202747e+01
-3.046847502369499949e+01
3.700355452697644978e+02
2.529793001307107545e+02
1.262196835773420105e+02
2.322793389423481187e+02
2.758344967400149130e+02
7.470056026783508329e+00
1.028549657687312049e+02
3.049773023975465662e+02
1.518893149551036572e+02
5.504059279617128908e+01
1.584923265184215779e+02
1.519466031067861707e+02
1.436691957966942539e+02
2.099849981943997363e+02
3.501377439510175122e+02
5.588249707795682042e+01
2.043984839878327762e+02
2.441718424161281291e+02
3.545200945471526097e+02
1.671948071925108366e+02
1.731890916642305740e+02
1.707631669252352253e+02
1.300334644756813702e+02
1.343906629724092454e+02
2.155773636011186056e+02
6.708689773940534451e+01
-1.512658125052353739e+02
-2.035210785458419309e+02
-2.857095623552656320e+02
-3.087959786262679813e+02
-3.378124836366563386e+02
-1.132182510164739142e+02
-2.397536908474695281e+02
-1.872683802778986148e+02
-3.862013246638543364e+02
-1.854500284597990287e+02
-1.614521926052635195e+02
-1.893199150927743517e+02
-1.625499690628225551e+02
-2.948370046518542722e+02
-4.021057279086854237e+02
-1.534279448778377173e+02
-1.913326748252601561e+01
-2.707688304899292575e+00
-1.625930118646721212e+02
-1.010413424288466331e+02
-1.505094703463436758e+02
-2.185064642769964394e+02
-9.326763714909162672e+01
-4.871516404940837219e+02
9.333158190719058211e+01
-5.497033996507560971e-01
-1.488676670914625220e+02
-4.328939091494049052e+01
-4.410327535702711543e+01
-2.168114396396389623e+02
-1.004593646325926244e+02
-1.422169550936109204e+02
-8.249207311766255657e+01
-4.294138929046982298e+02
-1.121757105160066317e+02
-8.982155643487655539e+01
-1.406800342406863535e+02
-1.159894997408239448e+02
-3.718062786354810214e+02
-1.221738450096509325e+02
-1.240414302493717145e+02
-2.206956200966541815e+02
-2.619357860432041889e+02
-1.600687283894695554e+02
-1.343080468181678953e+02
-8.737960520829157929e+01
-1.362448450634912831e+02
-7.925309051418412309e+01
-1.919110328918368111e+02
-2.429479599383442121e+02
3.265827207469644691e+02
7.513568501861837490e+01
8.329675920932490385e+01
2.619718017396368168e+02
2.012095347535320400e+02
6.478911902197772577e+00
1.720770851572912647e+02
1.115923407861238701e+02
3.867321371192632284e+01
3.672018041764412999e+01
1.616971765853182887e+02
8.767892348701536775e+01
6.509154507156725344e+01
1.017609227007932446e+02
1.113405798647299036e+02
8.605427846226567112e+01
2.222001525844046910e+01
-1.248343163311815545e+02
7.493764137369106493e+01
8.784406480389264971e+01
1.029855467906494795e+02
8.283773983421306752e+01
6.929506685407619671e+01
1.304209360434761322e+02
1.261159533076528874e+02
-1.544648404214433697e+02
-1.190530811506311863e+02
-9.441278686472631421e+01
-2.183385437817779291e+02
-4.359261948187867119e+02
-1.414012109837623541e+02
3.734049738804868923e+01
-1.076378609729760285e+02
1.239669200348606068e+02
-6.355248194430364350e+01
-9.752794812603539754e+01
-9.363791743517421651e+01
-9.525447022555067633e+01
1.290441767104668997e+02
-4.917899448419643704e+02
-9.145880374148846670e+01
-1.131851348998113167e+02
1.355667303313026295e+01
-8.643414107231677690e+01
-1.531632155563629851e+02
-1.354755649851705641e+02
-1.016443706041985848e+02
-1.041367798748348434e+02
-2.410100996525710855e+02
-9.177693699325305943e+01
-4.096806191010831526e+02
-2.895742767777203426e+02
-1.447340186704651899e+02
-1.502763924269331426e+02
-2.746800189557922067e+02
-2.848332467581415699e+02
-3.978790612580678498e+02
-3.206508619980991739e+02
-2.471572291402212613e+02
-3.202781571236182572e+02
-3.050992779076098600e+02
-3.222677375844812104e+02
-3.744552494698932037e+02
-2.408980176438003014e+02
-2.315540147258742820e+02
-3.233361065434696684e+02
-3.188886850826699515e+02
-4.008524618330384897e+02
-3.450857070193408731e+02
-3.037128272033255598e+02
-2.834627472457051454e+02
-2.597979882341744542e+02
-2.237433885411383869e+02
-2.081540524793328757e+02
4.527434157432022488e+01
2.065584412484577683e+02
4.825481449464790984e+01
9.994005920697297540e+00
1.947912475250122952e+02
1.341071632460227647e+02
7.853057280023456599e-01
4.510751006220147730e+01
5.542382074368131839e+01
1.191603827541067915e+02
5.311816084253210590e+01
7.846061141499599501e+01
3.938052377874016940e+01
1.955462565187978896e+01
9.064825101799083029e+01
-9.399715214051114742e+01
1.451078903711978541e+01
5.368771661300994680e+01
2.841656358205581796e+02
8.397416516849135348e+01
3.012897444979985906e+01
1.140151898925779506e+01
-7.452445045746927121e-01
-1.259147121363774602e+01
1.570668739567364014e+02
4.136172543722796036e+01
-5.498779384374559953e+01
3.779366368854218194e+01
1.964602690471457436e+02
1.423151156325490092e+02
2.856855986827414995e+02
1.148105488683752924e+02
1.077509016058365177e+01
5.552915439919720342e+01
-4.899313526046613276e+01
7.388375406819193358e+00
5.028839431910886759e+01
5.241831966957094835e+01
6.328962626300202743e+01
-9.024843597572385079e-01
3.337639376018664734e+02
2.951800149050026789e+01
5.546062738796817371e+01
2.108628013157223791e+02
4.937478880692606253e+01
5.285922306627382738e+01
9.148778572089112515e+01
2.799330631918659407e+01
1.083340316312074521e+02
1.779719464666260080e+02
-2.491061553721550581e+02
2.725270954350349371e+02
6.985016365466492516e+01
-3.691567484554917655e+01
-1.152900090408109861e+02
2.526994670382663060e+02
8.172790927392665594e+01
1.697418099378761269e+02
1.559467682664403867e+02
3.393172684672579749e+02
1.297515532892294914e+02
1.367143530459701992e+02
8.069198064633079071e+01
5.391381466329539762e+01
-7.951609692939027241e+01
3.229534555384302621e+02
5.866364276234478581e+01
1.014512098073048776e+02
-1.148048996207209171e+01
8.909891339367365504e+01
5.813710009432229242e+01
1.172057323402737836e+02
9.480361955892098536e+01
6.789904308910917052e+01
-3.057159552757102574e+02
1.336754456146545067e+02
-2.993597541319717834e+02
-2.477557921484665826e+02
-3.699917857796131671e+02
-4.659771986357720266e+02
-4.448202940373518004e+02
-2.061805763145973174e+02
-3.617814254963379881e+02
-2.761316857125008823e+02
-4.784387852144510020e+02
-2.259436762798908944e+02
-2.734367572062038221e+02
-1.898506637195812914e+02
-2.114477409160391517e+02
-4.266493317136061023e+02
-4.218269821598947829e+02
-2.178577293735725959e+02
-3.075525108401074021e+02
-1.816447284741065289e+02
-2.295470158862332823e+02
-2.260796993562954071e+02
-2.004501357063647049e+02
-2.328886692408696604e+02
-2.401604867703325397e+02
-5.242314936566682491e+02
-3.230543068334634427e+02
-4.551298082741879369e+01
-6.096453397357134207e+00
1.520454561693810547e+02
1.869975578214522614e+02
5.964125748236563140e+01
3.775716434514373532e+01
3.639572231937337676e+01
-2.001892061573416370e+01
3.667686261237627150e+02
-4.533744742911931525e+01
2.465647917134207745e+01
-2.553102909858652581e+01
-3.731573376501227557e+01
-3.138260547293703553e+02
-3.325267864802593465e+01
-3.888805923864003944e+01
-8.529521682043022679e+01
-1.339415679164870596e+02
-2.346172994825934666e-02
-3.609448971407751827e+01
2.062746303089367217e+01
-1.095844861994310193e+01
1.249882922525741691e+01
1.425791513284726193e+02
1.800152967768057977e+02
-3.731106281301055105e+01
1.246961144286660783e+01
-2.897545203163339878e+01
-1.456303879498610456e+02
-1.279022697874959249e+02
4.862360320856496543e+01
-1.125289925563146198e+02
-2.647267558464093895e+00
3.535547305133362670e+02
1.736568950825777335e+00
-1.538443245640665680e+01
3.449946668401641858e+01
3.190414369951809448e+01
1.134901751459605634e+01
-3.295466598567959409e+02
4.418972105141334339e+01
4.954480607821221128e+01
8.883912153074561502e+01
1.434812117624547056e+01
-2.762363142226413260e+01
-2.769228972090100171e+01
-7.295160320033502899e+00
2.885449398110283781e+01
-7.518465424976626821e+01
-3.836608420362780407e+02
-4.615370084216059468e+02
-3.767503814953689130e+02
-3.795525066758888784e+02
-5.552732080828795915e+02
-6.696724183577148892e+01
-3.151083599064523355e+02
-3.753691205707949052e+02
-3.480695198442300580e+02
-2.105404633335051869e+02
-3.786845187474323779e+02
-3.537148473610889141e+02
-2.997568873495950470e+02
-3.615947447707143851e+02
-5.698877433932113945e+02
-2.134763603089826347e+02
-3.380234696118853321e+02
-2.336692483504957920e+02
-2.441095146186561635e+02
-3.129141600604293671e+02
-3.763002417435745315e+02
-3.210956438066753549e+02
-3.365988054942573626e+02
-3.286480754561462732e+02
-6.484957678075403464e+02
3.090947867704534815e+02
1.403955081193729768e+02
1.281198229716668457e+01
-3.163286149645397316e+01
3.000898499534407904e+01
5.892056008149250346e+01
-1.510503838770107166e+01
7.806958657352471675e+01
1.586591403331290895e+00
-1.054274818302424066e+01
1.103510391496452847e+01
2.934675563689181921e+00
-2.321188610300729493e+01
1.279858823597168183e+01
-1.729117208041368769e+02
2.736661288666419409e+02
-3.331629156498983502e+00
-1.414254968356155757e+02
-1.721566211582141648e+01
-1.775839561554616353e+01
7.205239318653793745e+00
1.429472113215717677e+01
-7.434214493619013542e-01
-5.341767351412198650e+01
9.017551360139773209e+00
1.430828578363494046e+02
1.661993432753602917e+02
5.357525154355897712e+01
-1.450872834835805136e+01
1.184413017805882333e+02
2.083203762125071989e+02
6.284411987005309186e+01
-9.615634648857715661e+01
6.556598202581520241e+01
2.540412315450950302e+02
3.691123914034299958e+01
1.025795498960359424e+02
7.125555897598269439e+01
7.374762824523271831e+01
3.226592917774615898e+01
1.045772284476981007e+01
6.377063749772932510e+01
6.167961482001306450e+01
2.326879961590189794e+02
8.394043969695479745e+01
6.317360575762407393e+01
3.209771004087771473e+01
-7.652192767867658674e+00
4.350217337829107578e+01
2.034005566460788827e+01
4.051212440380292037e+02
2.472923416795300966e+02
1.088161542749493691e+02
4.359871851639243800e+01
7.190858709644773228e+01
7.708771725527047636e+01
1.446454563816939469e+02
1.111081163909407508e+02
1.275938058013607304e+02
9.186882150273150671e+01
1.893404864875620888e+02
1.479296733594890725e+02
1.157891236434870166e+02
1.053215103311804057e+02
5.260897359636551585e+01
1.602939942941681579e+02
1.289319878307980218e+02
2.169536248429770637e+02
3.195019213238611542e+02
1.402764028723296121e+02
1.804262396446533785e+02
1.709349249959589088e+02
1.350850660607413261e+02
1.316936847395362520e+02
-1.552946328280612676e+01
8.846376513854127666e+01
1.701233402708732569e+02
8.935648585130311972e+01
1.636884572767916097e+02
1.495261779206014694e+02
2.254373458390347480e+02
1.343758939950074307e+02
1.462120440369724577e+02
1.171160686492287937e+02
1.741228228794336417e+02
8.087266282544629803e+01
1.204526222599734098e+02
6.295040600021361854e+01
7.620407196034126684e+01
-1.237438719884572720e+02
4.111913462101161940e+02
8.302375603146852256e+01
-1.171730547243794440e-01
4.917268245322037501e+01
8.861112426511849094e+01
9.667076850765839424e+01
1.035738723605690268e+02
9.445187664577041176e+01
1.527655192456956286e+02
1.525682169680670484e+02
-3.875722255992850478e+02
-7.907748362450311674e+01
-5.042083242847581914e+01
-1.446055476084473526e+02
-3.601537792285358819e+02
8.264302392204871239e+01
-3.377736414180139946e+01
6.092852788267397557e+01
-4.506739688870384697e+01
8.726258199213951627e+01
3.138003779092414902e+00
-4.857398289421642801e+01
-7.949930534361200785e+01
-1.227556364138700218e+02
-1.095743326532493143e+02
1.511965561681605266e+02
-8.915459983140496547e+01
-8.568446177896902327e+00
-1.070279184709984577e+02
-6.170146221554460197e+01
-8.504687029684544086e+01
-4.084127525924528612e+01
-3.787866954829951993e+01
-4.957947964452165479e+01
-3.596224545656701821e+02
-7.318886421490333305e+01
-1.215153409425028030e+02
-6.237423591966028624e+01
8.960338631175349633e+01
-5.665983434526008011e+01
-1.407822069763985695e+01
-2.596772603794630641e+01
-1.177022029068825475e+02
-3.407343945323721357e+01
1.263523178879904663e+02
-1.520950135695243688e+01
-2.940875252235270665e+01
-8.098639437134590935e+01
-9.931564180047877244e+01
-4.170678648352506457e+02
1.048902069961636130e+01
-5.298496353360032884e+01
-1.613035637253259154e+02
-2.679620583409139272e+02
-1.106832466506531034e+02
-9.976143983500020340e+01
-5.470958672632924902e+00
-4.999216072779872633e+01
-7.813762452875626252e+01
-1.433587046761859796e+01
2.550656855784510526e+02
4.700365181900255607e+02
2.401223733815933485e+02
3.782548958234943939e+02
5.132450602686068351e+02
2.045513661010581359e+02
2.731761495992137725e+02
2.104296401708251665e+02
2.610249973299887642e+02
3.648767517094325967e+02
2.457693605064142730e+02
2.327606002283031330e+02
1.692665264182124361e+02
2.095994000730117648e+02
2.600767512933919647e+02
2.680612884623066066e+02
2.470420047377265576e+02
1.947191930218792209e+02
2.733256974929101375e+02
1.683194322538113283e+02
2.589781229747426892e+02
2.407637321327633799e+02
2.121340695149606574e+02
2.678878594779612854e+02
2.872717107717091949e+02
3.901639976674274521e+02
1.777252240542778736e+02
5.350012664439840648e+01
-2.927202798760465896e+01
4.231380465741648322e+01
-1.457306367238026326e+02
4.584305345692223455e+01
1.854163401454678706e+02
4.138402974911869592e+01
-3.544125515115803893e+01
5.031482677250732394e+01
6.646047184320612189e+01
6.455986427411551176e+01
6.247063473086177510e+01
1.899117869873649909e+02
-1.730779864171420002e+02
3.468666816467022329e+01
4.858535706402653886e+01
1.744890453744472154e+02
1.336244531911155775e+02
8.229158267809657445e+01
4.030930611128182761e+01
5.639676379849502297e+01
1.427568979941436851e+02
2.389304752411305799e+00
-9.807132055289568484e+01
-2.019632216790998882e+02
1.762846360924598699e+01
1.121277314795537592e+02
1.046714945884072137e+02
7.276150429170984069e+01
2.192376669875783790e+01
-8.843585587172468365e+01
-4.215636723084655202e+00
9.999229541702550961e+00
-8.580939321298390610e+01
3.790192364285156046e+00
4.038261171671624084e+01
-1.929705657660258922e+01
-7.905338645847393764e+00
-1.590283505685180785e+02
-1.046092921712906154e+01
-8.943311894984779542e+01
-6.849555912415414127e+01
1.794339733305455908e+01
1.144542171287046983e+01
3.076060437273077497e+01
1.824253466475841634e+01
2.667294098232623156e+01
3.401634924309554435e+02
-4.017269101309058783e+02
1.864694448402126170e+01
-1.253226653359144365e+02
-1.421710373208889564e+02
-1.729532520531166142e+02
-1.605680250132765536e+02
-1.155350263973906522e+02
3.460575822572292992e+01
-1.071381519243495859e+02
5.055367218249562455e+01
-9.010184530796109925e+01
-6.342320827905120950e+01
-1.321478299087444555e+02
-1.100420695139951590e+02
-3.480458372862070178e+02
-3.987982680137017155e+02
-8.093264816613839230e+01
-9.755235064993904359e+01
-1.263089954527791718e+02
-1.166259722322424608e+02
-1.626794753523062127e+02
-1.513212144102026286e+02
-1.587251732248111864e+02
-1.531566182247280210e+02
-2.544547767831093097e+02
4.691365259986939691e+02
4.145870785038245003e+02
1.869301802029424380e+02
2.383209458145391011e+02
3.575999987408251855e+02
-3.584591460049565370e+01
1.525717907246664993e+02
3.071975032193973334e+02
1.695093779186300935e+02
1.690005037737325324e+02
2.118674119079855700e+02
2.030949849852293880e+02
1.579546289716311662e+02
2.045323625653613817e+02
3.834027917759294155e+02
-8.911944547695128449e+01
2.185533526909325985e+02
2.241279253630966934e+02
3.197506139450334786e+02
1.926454527134933414e+02
2.081987523328166958e+02
1.833202108065380003e+02
1.651459619540324582e+02
1.885692084316788453e+02
2.538612339090043122e+02
1.736352038583365811e+02
2.066905764644898511e+02
3.764999724250650104e+00
1.162762372686488419e+02
3.858028201413771967e+02
-5.808606448247996212e+01
3.994898623374743352e+01
-1.281106711130041376e+01
-2.611086878241231091e-01
-6.619267009837454907e+01
-1.165090310261409812e+01
5.124216607236758136e+01
-4.845634147915262702e+00
4.542071235927411976e+01
-1.248768079307969856e+02
5.948678233961189221e+01
4.273219684455008860e+01
1.151313068940328179e+02
2.414323079290422243e+02
-1.375902180555668508e+01
5.960776994383450500e+01
5.396642134312806860e+01
7.007272405257428005e+00
8.183293143757482824e+01
1.023523040123311745e+02
-7.996235922790026507e+01
4.296147974812499371e+01
-2.763719696246013058e+01
-1.323747305997912065e+02
-1.712049249373829412e+02
-1.819614110743607966e+02
1.758419122768466281e+01
-8.681580259958315082e+01
-3.210109747864459706e+01
3.526002889536854212e+01
8.211478892430914556e+00
1.498333102823876928e+01
-2.618019473186468105e+01
-1.235557182253431208e+01
-1.937716368445458102e+02
1.294697773737430850e+02
-2.342570748914730316e+01
6.481651645598523714e+01
1.073802331339711316e+02
-3.482111632991601624e+01
-2.155127486735304032e+01
-2.955771285513133506e+00
1.653888754587029553e-02
5.141280608246018957e+00
-1.833764153606556988e+02
-6.123819619902324263e+00
-9.351251163166728020e+01
-3.351906551544750812e+01
5.803393511504597058e+01
5.987320980019253369e+01
-2.704680480783408143e+02
3.829571808377008946e+00
-1.602475358612256002e+02
-4.660789855686395811e+01
2.428211805459344816e+02
-2.778619915917989047e+01
-4.547721881186217274e+01
-5.648924651482350612e+01
-1.202857813381912422e+01
-5.711947180532936130e+01
-1.935447281296769404e+02
-4.095014275834545714e+01
-5.473930032167830717e+01
-1.802712048894570529e+01
-5.338823373680536122e+01
-7.149145475102730529e+01
-6.122625214786550885e+01
-5.841223599793321597e+01
-1.119450619419001569e+01
-1.399022020300433056e+01
2.762396490874898802e+01
1.778715255564936228e+02
4.407117684723706930e+01
1.742847044120641442e+01
7.182537634500145884e+01
5.353318837148827214e+01
8.282283329972760555e+01
3.768235034948961015e+01
6.621840343428536357e+01
3.527909046206571020e+02
-1.681161844382765480e+01
8.459801824952191396e+01
6.502011393548991691e+01
8.726828080617752903e+01
-8.892702252527139706e+01
1.220613546418230158e+02
5.935733264279785004e+01
6.824886823382459511e+01
2.364700505763183855e+02
5.002600119691528846e+01
5.542633928868876581e+01
7.996592859811062226e+01
4.905311660426548315e+01
8.578759735565594724e+01
3.058094841336876613e+01
-8.984589055766646482e+01
-3.739276892975486248e+02
-1.866744878491825261e+02
-2.843194949422013451e+02
-4.006353627900556376e+02
-1.070515958481564667e+00
-1.750805319146082013e+02
-2.708474139881651581e+02
-1.989188641033753697e+02
-1.040671298934327922e+02
-2.028922657717031655e+02
-2.252424813216912867e+02
-1.680906090608900172e+02
-2.160119718787591694e+02
-6.856493440703187048e+01
6.679274414949205152e+00
-2.046240111942429678e+02
-2.694427015735498117e+02
-3.786363946982826292e+02
-1.417044702026217067e+02
-1.869229699080255784e+02
-2.533729165459330375e+02
-1.515926843457216933e+02
-1.405906460635531516e+02
-5.183412432242138266e+02
3.324158686812983774e+02
1.590427659795195723e+02
1.796980596013337390e+02
2.457494438277300333e+02
1.042897188580262906e+02
1.083647484595315547e+02
1.898082022197580443e+02
2.241348459353848739e+02
1.803295430161308559e+02
2.880648350991214670e+02
1.756110643358851462e+02
2.506271721485849753e+02
2.054678966895935730e+02
2.148963651373727544e+02
2.543934501889606281e+02
2.074186115387715290e+02
2.452678031455842813e+02
2.156866764165552297e+02
3.155276094040796124e+02
1.540518579198337079e+02
2.212853584508672782e+02
2.815752759643114587e+02
1.960914479983115370e+02
2.221440836889125876e+02
3.228809107698853609e+02
-1.152696024557052397e+02
-3.020672950581339933e+01
3.084252931364238837e+00
-3.415355050276850335e+01
-2.004218926334866069e+02
4.955543242362989531e+01
2.743621533167529947e+01
-1.053004149491295038e+01
3.233699828626727424e+01
3.085169885697764585e+02
3.670871115268528939e+01
1.081935464706466377e+02
4.624710013371048944e+01
9.248308451186720447e+01
3.230216129209167519e+01
9.535247514090779930e+01
7.977430739970220941e+01
9.788570107048239777e+01
1.502728161022474183e+02
4.308497072244613690e+01
3.000674034947531155e+01
3.784096208560139019e+01
-1.182395478182344917e+00
-1.165487556944189862e+01
-1.620974837755115630e+02
8.609628204750559632e+01
-6.858398068881642473e+01
5.056523030865449186e+01
2.026270711852996271e+02
1.806315898277734959e+02
2.335954773287721764e+02
6.733233031390334133e+01
2.556864951621889048e+01
4.096690543701070908e+01
2.687908773540723359e+02
7.122372681611807366e+01
6.829959445597248191e+01
9.470071270565098587e+01
1.127569102574148019e+02
-1.048576480423194113e+01
1.484029603710109484e+02
8.824925110425380126e+01
1.490535755812578884e+02
1.033557938450726965e+02
7.429994197000516465e+01
-3.838206130541344407e+00
4.112361525259290573e+01
1.927363533591054789e+01
6.794548394871517871e+01
2.550391574833063828e+02
-8.174854762035261047e+01
-1.111361922420967119e+02
2.540848631479125430e+01
6.231412823383566035e+01
-7.145650979203178110e+01
-5.473697433557275360e+01
1.859503006205583731e+01
1.868394381255682788e+02
4.576985928345605714e+01
2.589577361856328253e+00
4.501190021779552808e+01
5.074080756781973633e+01
5.336455694890631918e+01
4.145617106239915017e+01
1.009898967375299463e+02
-3.164018233824299386e+02
1.628469011218953710e-01
-5.911597685549269698e+01
-1.893313552555173089e+02
8.057228660178425628e+01
4.224441401288757447e+00
1.873086701195204284e+01
3.472803675807446666e+01
2.697306975162942067e+01
1.711121612598549859e+02
5.340006118969321278e+02
2.319148568001064632e+02
2.176278894091366567e+02
2.982078873004107322e+02
5.083082606198802864e+02
4.092724812445191560e+02
2.364491702271923543e+02
2.558890876614576086e+02
2.145159742490159829e+02
-3.015773746075244333e+01
1.771218174882305902e+02
2.115364246734731353e+02
1.886473398566786273e+02
2.324559617979687118e+02
1.641704464834692203e+02
3.943780237510944175e+02
2.294814907632425616e+02
2.055211836650655357e+02
3.052830934827371721e+02
2.266964953025371017e+02
2.846553312870626087e+02
1.891548218579283684e+02
1.851490004611326867e+02
2.616700878210483552e+02
5.028626519597548850e+02
-2.055827903564589860e+02
1.190941629050454225e+02
1.254394610693917116e+02
-1.445462106343739883e+01
-9.179122781208745607e+01
2.749464481388810668e+02
1.318717504386018504e+02
1.936511708582316942e+02
1.722161819201939466e+02
4.728091917436536846e+02
1.631786757046816945e+02
1.675477898823268106e+02
1.566645557853886146e+02
1.007264648959537965e+02
2.915244696497586574e+02
1.294582534302565762e+02
9.350792652741516520e+01
2.650751563886780104e+02
2.544981393132633514e+02
1.860961067192326652e+02
1.432030488304985738e+02
1.414010729531692050e+02
1.392500427191892527e+02
1.305641185843866197e+02
-9.932845708744659419e+01
-6.963582887446910945e+02
-2.204291058593209414e+02
-2.129309698948041500e+02
-3.304452646487202401e+02
-3.829454736205481709e+02
-2.104374095974298200e+02
-2.154652875353651780e+02
-1.855310961702463715e+02
-2.153121829753158067e+02
-1.721122807607981997e+02
-2.144930229981728189e+02
-1.919664737596293094e+02
-1.759618130469397386e+02
-2.498145425644260058e+02
-2.805625123972141637e+02
-2.242556125959405051e+02
-2.040880130058367854e+02
-1.089372846346170149e+02
-2.259038607241903946e+02
-2.175279177336469161e+02
-2.035945418732429459e+02
-1.588296342437496946e+02
-1.663334600467328244e+02
-2.061177684097485781e+02
-5.868526265913374118e+02
-2.285097365513229306e+02
-1.605018666442366282e+02
1.353665077139344319e+01
-2.207255110403096410e+01
-1.236038323488590720e+02
7.110704265271331792e+01
-9.670494895384507572e+00
-2.717090138174612690e+01
2.172349757100305112e+01
2.750073967439327589e+02
2.849929558402169505e+01
3.260323552896797139e+01
4.487318666019952218e+01
8.385132934406501093e+00
2.337794593662892453e+02
-1.351707309638923391e+02
2.548222061484877088e+01
1.155669660637548191e+02
-1.036535057372695867e+01
3.538435902439130842e+01
1.935897563336332894e+01
2.468689832054204203e+01
4.147051397168047515e+01
-1.261147911686383694e+01
-1.937939295866510747e+01
4.586174666091800418e+02
2.802695396002404777e+02
1.562591515381847387e+02
-5.135226057287347601e+00
-2.954577187354168899e+01
3.745923444762759686e+02
1.394033235899831595e+02
1.377445990289992608e+02
1.961115721775719578e+02
8.082862527357649185e+01
1.368278471590323591e+02
1.299679135325809796e+02
1.569618840304923424e+02
1.636102843574255985e+02
2.472222498650026523e+02
3.417122642608855472e+02
1.509964577470577467e+02
1.663003454786042141e+02
2.600439639304568118e+02
1.682653702716700366e+02
1.586610500757541615e+02
1.004041276824283386e+02
1.173125121538334383e+02
1.856532812788581168e+02
5.418213008479898463e+01
4.049018053699224424e+02
4.216111887359696198e+02
3.123815327644310855e+02
3.485854702666810567e+02
4.757782876993418881e+02
4.621505190190916892e+02
2.575743981843103256e+02
4.239888472173280434e+02
3.123425839787028622e+02
3.584638699461020792e+02
2.863766504683439962e+02
3.202997220875284938e+02
2.825406418103888768e+02
2.989935829545968886e+02
4.197671035666826924e+02
5.334934200181641017e+02
3.358181742766448679e+02
2.496197264020976831e+02
2.471078391578674314e+02
2.628176120731981769e+02
3.328423450879342909e+02
3.098748599010206135e+02
3.062245531731824713e+02
3.134415336361312825e+02
4.611150944216757352e+02
2.581670299428558906e+02
1.345917218420072174e+02
8.436927118730955044e+01
1.337314246964005235e+02
2.333058911327488829e+02
3.020749589277085079e+02
2.249453780565798411e+01
1.317852684576807860e+02
1.114754622504994046e+02
-1.011968356645525233e+02
6.094636305481834171e+01
5.468004830725861609e+01
9.016319299764170125e+01
7.455786619929823189e+01
1.975369821967110227e+02
1.899169841924358764e+02
4.883343949748205404e+01
-6.700014857037871252e+01
8.461950819268001567e+01
9.190080810232046815e+01
2.354857011664756428e+01
5.867325091911474999e+00
5.795623082625601086e+01
6.913439444396006195e+01
3.445071030956363529e+02
-5.234577413654233169e+02
-5.367178281103261952e+02
-2.914352328375226193e+02
-2.342123782282922377e+02
-4.682414457576304017e+02
-2.768154265568177266e+02
-2.534947982620430764e+02
-3.844177420547773636e+02
-3.058279912506349092e+02
-4.083881973350922863e+02
-3.255765760029720468e+02
-3.065838152056607555e+02
-3.196011813272612017e+02
-3.135260686836774084e+02
-4.625279444191334619e+02
-4.879490289741848414e+02
-2.982915789212165123e+02
-3.837098254705615545e+02
-5.202948500036046653e+02
-3.238567376719120716e+02
-3.053265468549519710e+02
-3.118993613985555839e+02
-3.314953679993540732e+02
-2.998459018096831983e+02
-3.684080600328023252e+02
1.465591432411655148e+01
-2.853950819798156999e+02
-2.371018367874258672e+02
-5.155936313994739351e+01
8.379994521995811851e+01
-2.009687466567357319e+02
-2.256120092496188647e+02
-2.132969333216286714e+02
-2.019701821451881187e+02
-3.763204338802976849e+02
-2.702424618947175645e+02
-2.293209765082384592e+02
-2.548578127116697090e+02
-2.415320241283079952e+02
-3.940063435180373403e+02
-4.123563355257496710e+02
-2.369655861719469954e+02
-3.093303695129639550e+02
-3.985894128105367145e+02
-2.408651623799747199e+02
-1.917253419288044540e+02
-2.194656306327677271e+02
-2.427028795333445998e+02
-2.216428174849843344e+02
-3.705710299871010704e+01
