2.406999999999999886e+02
2.324000000000000057e+02
0.000000000000000000e+00
2.462333333333333485e+02
2.213333333333333712e+02
2.434666666666666970e+02
2.158666666666667027e+02
2.214666666666666686e+02
2.495000000000000000e+02
0.000000000000000000e+00
2.256000000000000227e+02
2.393333333333333428e+02
2.145999999999999943e+02
2.476000000000000227e+02
2.448333333333333428e+02
2.476000000000000227e+02
2.356999999999999886e+02
2.356999999999999886e+02
2.441333333333333258e+02
2.160666666666666629e+02
2.497333333333333485e+02
2.451666666666666572e+02
2.342666666666666799e+02
2.152000000000000171e+02
2.424333333333333655e+02
2.487333333333333485e+02
2.431999999999999886e+02
0.000000000000000000e+00
2.431999999999999886e+02
2.487333333333333485e+02
2.193333333333333428e+02
2.491000000000000227e+02
2.491000000000000227e+02
2.464000000000000057e+02
2.382666666666666799e+02
2.313000000000000114e+02
2.258333333333333428e+02
2.367333333333333201e+02
2.476000000000000227e+02
2.456333333333333258e+02
2.430000000000000284e+02
2.482666666666666799e+02
2.456333333333333258e+02
2.298000000000000114e+02
2.324333333333333655e+02
2.482666666666666799e+02
2.377000000000000171e+02
2.391000000000000227e+02
2.265666666666666629e+02
2.187666666666666515e+02
2.187666666666666515e+02
2.265666666666666629e+02
2.395999999999999943e+02
2.474000000000000057e+02
2.474000000000000057e+02
2.448000000000000114e+02
2.474000000000000057e+02
2.474000000000000057e+02
2.494333333333333371e+02
2.494333333333333371e+02
2.442333333333333201e+02
2.468333333333333428e+02
2.156666666666666856e+02
2.442333333333333201e+02
2.208666666666667027e+02
2.182333333333333485e+02
2.156000000000000227e+02
2.156000000000000227e+02
2.392666666666666799e+02
2.326000000000000227e+02
2.141000000000000227e+02
2.458333333333333428e+02
2.273333333333333428e+02
2.458333333333333428e+02
2.273333333333333428e+02
2.326000000000000227e+02
2.484666666666666970e+02
2.484666666666666970e+02
2.316666666666666856e+02
2.158666666666667027e+02
2.237666666666666515e+02
2.448333333333333428e+02
2.474666666666666686e+02
0.000000000000000000e+00
2.316666666666666856e+02
0.000000000000000000e+00
2.216000000000000227e+02
2.453333333333333144e+02
2.427000000000000171e+02
2.453333333333333144e+02
2.197333333333333485e+02
2.458666666666667027e+02
2.380333333333333314e+02
2.432666666666666799e+02
2.485000000000000000e+02
2.432666666666666799e+02
2.380333333333333314e+02
2.492333333333333201e+02
2.147666666666667084e+02
2.439333333333333655e+02
2.492333333333333201e+02
0.000000000000000000e+00
2.412666666666666515e+02
2.332999999999999829e+02
2.481333333333333258e+02
2.481333333333333258e+02
2.481333333333333258e+02
2.428333333333333144e+02
0.000000000000000000e+00
2.428333333333333144e+02
2.375666666666666629e+02
2.138000000000000114e+02
2.402000000000000171e+02
2.323000000000000114e+02
2.296333333333333542e+02
2.478666666666666742e+02
2.425333333333333599e+02
2.425333333333333599e+02
2.452000000000000171e+02
2.398666666666666458e+02
2.452000000000000171e+02
2.356333333333333258e+02
2.493333333333333428e+02
2.466000000000000227e+02
2.493333333333333428e+02
2.411333333333333542e+02
2.493333333333333428e+02
2.493333333333333428e+02
2.493333333333333428e+02
2.497666666666667084e+02
2.497666666666667084e+02
2.470999999999999943e+02
2.470999999999999943e+02
2.363333333333333712e+02
2.470999999999999943e+02
2.307666666666666799e+02
2.472666666666667084e+02
2.225333333333333599e+02
2.472666666666667084e+02
2.390333333333333314e+02
2.445000000000000000e+02
2.452333333333333201e+02
2.371333333333333542e+02
2.398333333333333428e+02
2.452333333333333201e+02
2.452333333333333201e+02
2.371333333333333542e+02
2.491000000000000227e+02
2.214333333333333655e+02
2.407999999999999829e+02
2.352666666666666799e+02
2.463333333333333712e+02
2.325000000000000000e+02
0.000000000000000000e+00
