1.355666666666666913e+02
1.494000000000000057e+02
1.438666666666666742e+02
0.000000000000000000e+00
1.429666666666666686e+02
1.429666666666666686e+02
1.403000000000000114e+02
1.375666666666666913e+02
1.485666666666666629e+02
1.458000000000000114e+02
1.487333333333333201e+02
1.290666666666666629e+02
1.262666666666666799e+02
1.375000000000000000e+02
1.346999999999999886e+02
1.403000000000000114e+02
1.443666666666666742e+02
1.253000000000000114e+02
1.498333333333333428e+02
1.280333333333333314e+02
1.280333333333333314e+02
1.443666666666666742e+02
1.498333333333333428e+02
1.280333333333333314e+02
0.000000000000000000e+00
1.225666666666666771e+02
1.416333333333333542e+02
1.437000000000000171e+02
0.000000000000000000e+00
1.354333333333333371e+02
1.299000000000000057e+02
0.000000000000000000e+00
1.271333333333333400e+02
1.326666666666666572e+02
1.408000000000000114e+02
1.435000000000000000e+02
1.489333333333333371e+02
1.462000000000000171e+02
1.218333333333333286e+02
1.408000000000000114e+02
1.197333333333333485e+02
1.496666666666666572e+02
1.469333333333333371e+02
1.387666666666666799e+02
1.333333333333333428e+02
1.267666666666666799e+02
1.294333333333333371e+02
1.320666666666666629e+02
1.479000000000000057e+02
1.452666666666666799e+02
1.275333333333333314e+02
1.355000000000000000e+02
1.460999999999999943e+02
1.195333333333333314e+02
1.301666666666666572e+02
0.000000000000000000e+00
1.328333333333333428e+02
1.195333333333333314e+02
1.355000000000000000e+02
1.487666666666666799e+02
1.171999999999999886e+02
1.458333333333333428e+02
1.484333333333333371e+02
1.406333333333333258e+02
1.432333333333333485e+02
1.195333333333333314e+02
1.377000000000000171e+02
1.480999999999999943e+02
1.325000000000000000e+02
1.455000000000000000e+02
1.367333333333333485e+02
1.419666666666666970e+02
1.498666666666666742e+02
1.235666666666666771e+02
1.340999999999999943e+02
1.453666666666666742e+02
1.480333333333333314e+02
1.401000000000000227e+02
1.348000000000000114e+02
1.421666666666666572e+02
1.342666666666666799e+02
1.421666666666666572e+02
1.421666666666666572e+02
0.000000000000000000e+00
1.477333333333333485e+02
1.371666666666666572e+02
1.398000000000000114e+02
1.345333333333333314e+02
1.490999999999999943e+02
1.412333333333333201e+02
1.352000000000000171e+02
1.272666666666666657e+02
1.484666666666666686e+02
1.458333333333333428e+02
1.405333333333333314e+02
1.478333333333333428e+02
1.399000000000000057e+02
1.214333333333333371e+02
1.412666666666666799e+02
1.359333333333333371e+02
1.279333333333333513e+02
1.492333333333333485e+02
1.385999999999999943e+02
1.452333333333333485e+02
1.452333333333333485e+02
1.479666666666666686e+02
1.479666666666666686e+02
1.479666666666666686e+02
1.343000000000000114e+02
1.343000000000000114e+02
1.181666666666666856e+02
1.181666666666666856e+02
1.235333333333333456e+02
1.343000000000000114e+02
1.289000000000000057e+02
1.373666666666666742e+02
1.236333333333333542e+02
1.373666666666666742e+02
1.373666666666666742e+02
1.455999999999999943e+02
1.428333333333333428e+02
1.347333333333333485e+02
1.401333333333333258e+02
1.320333333333333314e+02
1.455333333333333314e+02
1.401333333333333258e+02
0.000000000000000000e+00
1.266666666666666714e+02
0.000000000000000000e+00
1.300666666666666913e+02
1.356333333333333258e+02
1.245333333333333314e+02
