6.039999999999999858e+01 5.679999999999999716e+01 5.859999999999999432e+01 1.443141911059715810e+01 1.752253698541755611e+01 1.150861158722383060e+01 1.448752256107951553e+01
6.100000000000000000e+01 5.600000000000000711e+01 5.850000000000000000e+01 1.401596568252558939e+01 1.676913245237029670e+01 1.518555787354105036e+01 1.532355200281231156e+01
6.220000000000000284e+01 5.550000000000000711e+01 5.885000000000000853e+01 1.444423068245730768e+01 2.194975207437452269e+01 1.170952178965273305e+01 1.603450151549485625e+01
6.009999999999999432e+01 5.550000000000000711e+01 5.779999999999999716e+01 1.404289426145647646e+01 1.904759124816151683e+01 1.625745197358618199e+01 1.644931249440139354e+01
6.050000000000000000e+01 5.530000000000000426e+01 5.790000000000000568e+01 1.561117888047691693e+01 2.214287457125298886e+01 1.431582674525775722e+01 1.735662673232922160e+01
6.009999999999999432e+01 5.689999999999999147e+01 5.849999999999999289e+01 1.942122769900329260e+01 1.840053793870103860e+01 1.517636238749373234e+01 1.766604267506602000e+01
6.089999999999999858e+01 5.480000000000000426e+01 5.785000000000000142e+01 1.475973432396799900e+01 1.953272129109059208e+01 1.150877222838463609e+01 1.526707594781441024e+01
6.039999999999999858e+01 5.629999999999999716e+01 5.834999999999999432e+01 1.412263582260378492e+01 1.676174021651475243e+01 1.179682444298657629e+01 1.422706682736837003e+01
6.170000000000000284e+01 5.639999999999999147e+01 5.904999999999999716e+01 1.528590203871092790e+01 1.668654752918123663e+01 1.295752011194316289e+01 1.497665655994510736e+01
5.989999999999999858e+01 5.729999999999999716e+01 5.859999999999999432e+01 1.512981279670693269e+01 1.708608085863484405e+01 1.274740013633448577e+01 1.498776459722541965e+01
6.239999999999999858e+01 5.620000000000000284e+01 5.929999999999999716e+01 1.411197861577226043e+01 1.737582260842286175e+01 1.522241934040491707e+01 1.557007352153334701e+01
6.100000000000000000e+01 5.659999999999999432e+01 5.879999999999999716e+01 1.410994087641428152e+01 1.675578793015489865e+01 1.632864306633191731e+01 1.573145729096703427e+01
5.799999999999999289e+01 5.719999999999999574e+01 5.759999999999999432e+01 1.648989485114839226e+01 2.176889087277711710e+01 1.151637208818030089e+01 1.659171927070194030e+01
5.889999999999999858e+01 5.500000000000000711e+01 5.695000000000000284e+01 1.493619245808738327e+01 1.765077884369274841e+01 1.695029493301213463e+01 1.651242207826409114e+01
6.019999999999999574e+01 5.659999999999999432e+01 5.839999999999999147e+01 1.451708120978625338e+01 1.982219015220463021e+01 1.241806546877068307e+01 1.558577894358718829e+01
6.139999999999999858e+01 5.540000000000000568e+01 5.840000000000000568e+01 1.402540604982569228e+01 1.757889013353356589e+01 1.480944031620910728e+01 1.547124549985612241e+01
6.129999999999999716e+01 5.490000000000000568e+01 5.810000000000000142e+01 1.501680931254407447e+01 1.923769399637969713e+01 1.151480308128332020e+01 1.525643546340236334e+01
6.009999999999999432e+01 5.590000000000000568e+01 5.800000000000000000e+01 1.418323806440761814e+01 1.669093950026798723e+01 1.182298193702612998e+01 1.423238650056724452e+01
6.179999999999999716e+01 5.789999999999999858e+01 5.984999999999999432e+01 1.413192823527267805e+01 2.013560616138169834e+01 1.279939428121059564e+01 1.568897622595499008e+01
6.079999999999999716e+01 5.490000000000000568e+01 5.785000000000000142e+01 1.410596054494145868e+01 1.739812625793368994e+01 1.428687335002937964e+01 1.526365338430151120e+01
5.969999999999999574e+01 5.719999999999999574e+01 5.844999999999999574e+01 1.415415378910325828e+01 1.734335600415444389e+01 1.531203149366651672e+01 1.560318042897473845e+01
6.089999999999999858e+01 5.699999999999999289e+01 5.894999999999999574e+01 1.598334661500806142e+01 1.670637152137773995e+01 1.775745531543303457e+01 1.681572448393961139e+01
6.160000000000000142e+01 5.560000000000000853e+01 5.860000000000000853e+01 1.447164729961981067e+01 1.693343122224514730e+01 1.872268891587361139e+01 1.670925581257952430e+01
6.110000000000000142e+01 5.659999999999999432e+01 5.884999999999999432e+01 1.521782490916458386e+01 1.681999380344262462e+01 1.150691050522361536e+01 1.451490973927693950e+01
6.069999999999999574e+01 5.580000000000000426e+01 5.825000000000000000e+01 1.403945821328012400e+01 1.667499664330535225e+01 1.290189446930484429e+01 1.453878310863010626e+01
6.050000000000000000e+01 5.510000000000000142e+01 5.779999999999999716e+01 1.440348528503869119e+01 1.763106342280751093e+01 1.465043250011263609e+01 1.556166040265294548e+01
5.979999999999999716e+01 5.560000000000000853e+01 5.770000000000000284e+01 1.580071257822853426e+01 1.720790629001128735e+01 1.347925154635956879e+01 1.549595680486646465e+01
5.859999999999999432e+01 5.340000000000000568e+01 5.600000000000000000e+01 1.456807833421516563e+01 2.379690935157491438e+01 1.210248764157239521e+01 1.682249177578749411e+01
5.969999999999999574e+01 5.520000000000000284e+01 5.745000000000000284e+01 1.401393745595306051e+01 1.761534617103441391e+01 1.480554860154061636e+01 1.547827740950936182e+01
6.150000000000000000e+01 5.570000000000000284e+01 5.860000000000000142e+01 1.475803227726821021e+01 1.992962720619484784e+01 1.271714306585989540e+01 1.580160084977431723e+01
6.039999999999999858e+01 5.699999999999999289e+01 5.869999999999999574e+01 1.414972130723513821e+01 1.836119188158814453e+01 1.319715519622548427e+01 1.523602279501625389e+01
6.189999999999999858e+01 5.610000000000000853e+01 5.900000000000000000e+01 1.405914799085613787e+01 1.701350331915439540e+01 1.347369260431279514e+01 1.484878130477444280e+01
6.189999999999999858e+01 5.540000000000000568e+01 5.865000000000000568e+01 1.404756421260622012e+01 2.010249512244759984e+01 1.275674001765843890e+01 1.563559978423741903e+01
6.300000000000000000e+01 5.530000000000000426e+01 5.915000000000000568e+01 1.461104510958853098e+01 1.816730284356605907e+01 1.391341529958755352e+01 1.556392108424738296e+01
5.969999999999999574e+01 5.689999999999999147e+01 5.829999999999999716e+01 1.404924933887351202e+01 2.254696538234230729e+01 1.881459659140857354e+01 1.847027043754146192e+01
6.189999999999999858e+01 5.699999999999999289e+01 5.944999999999999574e+01 1.537867690676152854e+01 1.700750255696910784e+01 1.159857776129637230e+01 1.466158574167567075e+01
6.200000000000000000e+01 5.520000000000000284e+01 5.860000000000000142e+01 1.400928194440363406e+01 1.675926450964525927e+01 1.215418890946106423e+01 1.430757845450331978e+01
6.160000000000000142e+01 5.430000000000000426e+01 5.795000000000000284e+01 1.966597493316882606e+01 1.708148183778761364e+01 1.342331511887916129e+01 1.672359062994519974e+01
6.200000000000000000e+01 5.400000000000000000e+01 5.800000000000000000e+01 1.550485528451101302e+01 1.700862170577773114e+01 1.205283238798592826e+01 1.485543645942489199e+01
6.009999999999999432e+01 5.590000000000000568e+01 5.800000000000000000e+01 1.615702183838912021e+01 2.000247224376752797e+01 1.662052422789404460e+01 1.759333943668356426e+01
6.110000000000000142e+01 5.610000000000000853e+01 5.860000000000000853e+01 1.433781164445932177e+01 1.796922991011263449e+01 1.251868301378436321e+01 1.494190818945210530e+01
6.129999999999999716e+01 5.600000000000000711e+01 5.865000000000000568e+01 1.427714938301701864e+01 1.700210615995828434e+01 1.249977484534789163e+01 1.459301012944106368e+01
5.889999999999999858e+01 5.450000000000000711e+01 5.670000000000000284e+01 1.563570188565843111e+01 1.709238086909988397e+01 1.579779668442747287e+01 1.617529314639526561e+01
6.210000000000000142e+01 5.570000000000000284e+01 5.890000000000000568e+01 1.436695229423280118e+01 1.813873622591848900e+01 1.152412975100060244e+01 1.467660609038396302e+01
6.160000000000000142e+01 5.669999999999999574e+01 5.914999999999999858e+01 1.630798162043253896e+01 1.690349101230897944e+01 1.340802135263420780e+01 1.553983132845857540e+01
6.029999999999999716e+01 5.789999999999999858e+01 5.909999999999999432e+01 1.556618810753745485e+01 1.910127862839003043e+01 1.165935857692577038e+01 1.544227510428441796e+01
6.100000000000000000e+01 5.580000000000000426e+01 5.840000000000000568e+01 1.517772161998832914e+01 1.890274561908026740e+01 1.193981617589476940e+01 1.534009447165445472e+01
5.959999999999999432e+01 5.560000000000000853e+01 5.760000000000000142e+01 1.542132760690083160e+01 1.716421171352833142e+01 1.180064085652668560e+01 1.479539339231861561e+01
6.110000000000000142e+01 5.689999999999999147e+01 5.900000000000000000e+01 1.409960260421246581e+01 1.762392343329792510e+01 1.153873030977905145e+01 1.442075211576314508e+01
6.019999999999999574e+01 5.500000000000000711e+01 5.760000000000000142e+01 1.645951062634345874e+01 1.809509090209327908e+01 1.303133099099876624e+01 1.586197750647850135e+01
6.039999999999999858e+01 5.610000000000000853e+01 5.825000000000000000e+01 1.400915607417516284e+01 2.353743157656079177e+01 1.191666157541470561e+01 1.648774974205022303e+01
5.959999999999999432e+01 5.540000000000000568e+01 5.750000000000000000e+01 1.820265735330864842e+01 1.919428840314912321e+01 1.171190500480260077e+01 1.636961692042012473e+01
6.050000000000000000e+01 5.560000000000000853e+01 5.805000000000000426e+01 1.437912261587607254e+01 1.682365349122465759e+01 1.239620144948618474e+01 1.453299251886230614e+01
6.079999999999999716e+01 5.460000000000000142e+01 5.770000000000000284e+01 1.409032184344058081e+01 1.686161022381432772e+01 1.218976037902687359e+01 1.438056414876059286e+01
5.989999999999999858e+01 5.460000000000000142e+01 5.725000000000000000e+01 1.472790279985266260e+01 1.840632214194534555e+01 1.494579068840791081e+01 1.602667187673530691e+01
6.110000000000000142e+01 5.470000000000000284e+01 5.790000000000000568e+01 1.400860471721857259e+01 1.711993939933278952e+01 1.492736287700244269e+01 1.535196899785126767e+01
6.200000000000000000e+01 5.570000000000000284e+01 5.885000000000000142e+01 1.596419496113696823e+01 2.083626775896831163e+01 1.276681177249148469e+01 1.652242483086558877e+01
5.939999999999999858e+01 5.679999999999999716e+01 5.809999999999999432e+01 1.403417209383274411e+01 1.707025379674755428e+01 1.272649022024664944e+01 1.461030537027564868e+01
6.069999999999999574e+01 5.719999999999999574e+01 5.894999999999999574e+01 1.405796263006693003e+01 1.928683436278409502e+01 1.269814044365259420e+01 1.534764581216787427e+01
6.029999999999999716e+01 5.510000000000000142e+01 5.770000000000000284e+01 1.418444945999169704e+01 2.166698218137537069e+01 1.218063404281382134e+01 1.601068856139363206e+01
6.089999999999999858e+01 5.590000000000000568e+01 5.840000000000000568e+01 1.576903691688276155e+01 1.799069220585990436e+01 1.195121698622786610e+01 1.523698203632351067e+01
5.919999999999999574e+01 5.490000000000000568e+01 5.704999999999999716e+01 1.406563896103138411e+01 1.792459688888319747e+01 1.171991683239476245e+01 1.457005089410311349e+01
6.220000000000000284e+01 5.729999999999999716e+01 5.975000000000000000e+01 1.448507944985857421e+01 1.881375557068691151e+01 1.172232010999961460e+01 1.500705171018169892e+01
6.000000000000000000e+01 5.679999999999999716e+01 5.839999999999999858e+01 1.614426868610571830e+01 1.711586041942154424e+01 1.159648305187960737e+01 1.495220405246895723e+01
6.160000000000000142e+01 5.490000000000000568e+01 5.825000000000000000e+01 1.427093648513591795e+01 1.756479922012476891e+01 1.365556740484669618e+01 1.516376770336912649e+01
6.110000000000000142e+01 5.699999999999999289e+01 5.904999999999999716e+01 1.403610838566734031e+01 1.671485220675132055e+01 1.353674547403907802e+01 1.476256868881924511e+01
5.919999999999999574e+01 5.620000000000000284e+01 5.770000000000000284e+01 1.404128127344311316e+01 1.770852401676879850e+01 1.166851180166870527e+01 1.447277236396020506e+01
5.979999999999999716e+01 5.440000000000000568e+01 5.710000000000000142e+01 1.634175924012903280e+01 1.697010969005252434e+01 1.161835289288629092e+01 1.497674060768928506e+01
6.170000000000000284e+01 5.639999999999999147e+01 5.904999999999999716e+01 1.413021031290673513e+01 1.749609012443165312e+01 1.166445418627663067e+01 1.443025154120500453e+01
6.000000000000000000e+01 5.719999999999999574e+01 5.859999999999999432e+01 1.434931471083967303e+01 1.955701049346587084e+01 1.243873671110947221e+01 1.544835397180500536e+01
6.100000000000000000e+01 5.610000000000000853e+01 5.855000000000000426e+01 1.449707036667575188e+01 1.671076909992211057e+01 1.431758047055703997e+01 1.517513997905163414e+01
6.200000000000000000e+01 5.629999999999999716e+01 5.914999999999999858e+01 1.600783784365536633e+01 2.024011232588441800e+01 2.113236104457129727e+01 1.912677040470369505e+01
6.089999999999999858e+01 5.510000000000000142e+01 5.800000000000000000e+01 1.401755548835269849e+01 2.240504632796555740e+01 1.610400594030119592e+01 1.750886925220648394e+01
5.969999999999999574e+01 5.620000000000000284e+01 5.795000000000000284e+01 1.782153487212448439e+01 2.213135953065212291e+01 1.158563857546604936e+01 1.717951099274755222e+01
5.929999999999999716e+01 5.570000000000000284e+01 5.750000000000000000e+01 1.413345085628406039e+01 2.282842575323416767e+01 1.676559603850421709e+01 1.790915754934081505e+01
6.100000000000000000e+01 5.540000000000000568e+01 5.820000000000000284e+01 1.412236914736805993e+01 1.674847873851863511e+01 1.340898926686262627e+01 1.475994571758310769e+01
5.919999999999999574e+01 5.510000000000000142e+01 5.714999999999999858e+01 1.491519859090366396e+01 2.010919110812715260e+01 1.155275593160798309e+01 1.552571521021293499e+01
6.019999999999999574e+01 5.500000000000000711e+01 5.760000000000000142e+01 1.517587079743123724e+01 2.011485702015089672e+01 1.651735601033074019e+01 1.726936127597096160e+01
6.250000000000000000e+01 5.679999999999999716e+01 5.964999999999999858e+01 1.440761817681697998e+01 1.679373746665836364e+01 1.588205826483387639e+01 1.569447130276974178e+01
5.979999999999999716e+01 5.470000000000000284e+01 5.725000000000000000e+01 1.441776923412408706e+01 1.842190440322856659e+01 1.167515077854053196e+01 1.483827480529772913e+01
6.029999999999999716e+01 5.600000000000000711e+01 5.815000000000000568e+01 1.400974568721434999e+01 2.000736255436032707e+01 1.319609523816485463e+01 1.573773449324651175e+01
6.100000000000000000e+01 5.719999999999999574e+01 5.909999999999999432e+01 1.593139155027311560e+01 1.730071022041382278e+01 1.163997784732005591e+01 1.495735987266899691e+01
6.189999999999999858e+01 5.530000000000000426e+01 5.860000000000000142e+01 1.554681025803211547e+01 1.672658931594859055e+01 1.369807773389521977e+01 1.532382576929197349e+01
6.289999999999999858e+01 5.759999999999999432e+01 6.025000000000000000e+01 1.488186184777608467e+01 1.791222114900336138e+01 1.335843805822682384e+01 1.538417368500208937e+01
6.009999999999999432e+01 5.759999999999999432e+01 5.884999999999999432e+01 1.596597716034768233e+01 1.773205369203945381e+01 1.229879919298456237e+01 1.533227668179056558e+01
6.239999999999999858e+01 5.610000000000000853e+01 5.925000000000000000e+01 1.446509094223948821e+01 2.070569306458144609e+01 1.257676402170445407e+01 1.591584934284179731e+01
6.089999999999999858e+01 5.520000000000000284e+01 5.804999999999999716e+01 1.401232458299111983e+01 1.861147599470955782e+01 1.152184451059911297e+01 1.471521502943326176e+01
6.000000000000000000e+01 5.490000000000000568e+01 5.745000000000000284e+01 1.401205838679230098e+01 1.999160139546839332e+01 1.382959178956162383e+01 1.594441719060744056e+01
6.229999999999999716e+01 5.709999999999999432e+01 5.969999999999999574e+01 1.495284772113066296e+01 1.668020731926552358e+01 1.163925730661248004e+01 1.442410411566955553e+01
5.950000000000000000e+01 5.859999999999999432e+01 5.904999999999999716e+01 1.801785094651356900e+01 1.684301178679702105e+01 2.271304674261462253e+01 1.919130315864173753e+01
6.119999999999999574e+01 5.590000000000000568e+01 5.854999999999999716e+01 1.409957663105403114e+01 1.724721480233708348e+01 1.193523992641963716e+01 1.442734378660358452e+01
6.039999999999999858e+01 5.590000000000000568e+01 5.815000000000000568e+01 1.433058970910653329e+01 1.746166513894170436e+01 1.151884449749736739e+01 1.443703311518186894e+01
5.879999999999999716e+01 5.669999999999999574e+01 5.775000000000000000e+01 1.401441644134834519e+01 1.703507460848402744e+01 1.193470504099875384e+01 1.432806536361037608e+01
6.300000000000000000e+01 5.679999999999999716e+01 5.989999999999999858e+01 1.421487549234237946e+01 1.669162322488818972e+01 1.211548459362237118e+01 1.434066110361764679e+01
6.150000000000000000e+01 5.510000000000000142e+01 5.829999999999999716e+01 1.441145415628216320e+01 1.833182440387519563e+01 1.244850832832754506e+01 1.506392896282829952e+01
6.079999999999999716e+01 5.629999999999999716e+01 5.854999999999999716e+01 1.401864303677501411e+01 1.844910407862973045e+01 1.253160247717626241e+01 1.499978319752700351e+01
6.000000000000000000e+01 5.460000000000000142e+01 5.729999999999999716e+01 1.586742772987925143e+01 1.906770655215033372e+01 1.177349135439774486e+01 1.556954187880911000e+01
5.969999999999999574e+01 5.490000000000000568e+01 5.729999999999999716e+01 1.408779197245885939e+01 1.670460533919799317e+01 1.175784688791001109e+01 1.418341473318895396e+01
6.079999999999999716e+01 5.560000000000000853e+01 5.820000000000000284e+01 1.580522834667165633e+01 1.679108238193461133e+01 1.172368067913766332e+01 1.477333046924797877e+01
5.909999999999999432e+01 5.709999999999999432e+01 5.809999999999999432e+01 1.523393380525675589e+01 1.737236935262350457e+01 1.150460636386680058e+01 1.470363650724902094e+01
