6.770000000000000284e+01 6.780000000000001137e+01 6.775000000000000000e+01 1.341284488272076558e+01 1.404359864862738938e+01 7.882840723172519937e+00 1.177976141817355860e+01
6.969999999999998863e+01 6.730000000000001137e+01 6.850000000000000000e+01 1.081874937506742462e+01 1.268822378131967099e+01 8.683384975746902157e+00 1.073011937737800103e+01
6.650000000000000000e+01 6.850000000000000000e+01 6.750000000000000000e+01 1.216717470167827209e+01 1.431232592841310769e+01 7.943088156371586273e+00 1.147419626215432231e+01
6.650000000000000000e+01 6.690000000000000568e+01 6.670000000000000284e+01 1.333534369471255943e+01 1.241522863831782075e+01 7.932835565966875002e+00 1.122780263299908476e+01
6.850000000000000000e+01 6.629999999999999716e+01 6.740000000000000568e+01 1.304828746254016991e+01 1.233078737203839381e+01 8.900491946392387277e+00 1.142652226032365093e+01
6.730000000000001137e+01 6.750000000000000000e+01 6.740000000000000568e+01 1.173163907288708252e+01 1.372386856267998034e+01 7.877581335139373309e+00 1.111102965690214539e+01
6.850000000000000000e+01 6.650000000000000000e+01 6.750000000000000000e+01 1.188207555503140789e+01 1.279805056483910874e+01 9.650273294153256742e+00 1.144346647134125838e+01
6.870000000000000284e+01 6.650000000000000000e+01 6.759999999999999432e+01 1.203835755593030754e+01 1.241527736340912469e+01 8.054897680963525985e+00 1.083617753343431822e+01
6.629999999999999716e+01 6.670000000000000284e+01 6.650000000000000000e+01 1.154531967501767653e+01 1.329541662746142272e+01 8.834864132821456550e+00 1.122520014510018704e+01
6.479999999999999716e+01 6.460000000000000853e+01 6.470000000000000284e+01 1.063468667554806579e+01 1.230811380345737227e+01 8.068886125808200305e+00 1.033722886827121279e+01
6.850000000000000000e+01 6.520000000000000284e+01 6.684999999999999432e+01 1.068325843711300038e+01 1.258454842564340126e+01 8.222266876869998242e+00 1.049669124654213270e+01
6.790000000000000568e+01 6.810000000000000853e+01 6.800000000000000000e+01 1.214183438217231625e+01 1.542821702090153480e+01 8.274791554027070006e+00 1.194828098570030761e+01
6.730000000000001137e+01 6.660000000000000853e+01 6.695000000000001705e+01 1.793139043845460989e+01 1.234524829023287573e+01 8.341239789901120361e+00 1.287262617286287103e+01
6.720000000000000284e+01 6.780000000000001137e+01 6.750000000000000000e+01 1.148508512833941175e+01 1.258676758040692434e+01 7.869716821449782351e+00 1.064718984339870467e+01
6.690000000000000568e+01 6.770000000000000284e+01 6.730000000000001137e+01 1.157475866175169976e+01 1.544443442545920497e+01 1.154739111150801278e+01 1.285552806623963740e+01
6.740000000000000568e+01 6.560000000000000853e+01 6.650000000000000000e+01 1.075913505263994097e+01 1.242035542681315441e+01 8.509831987351191174e+00 1.056310748893476159e+01
6.830000000000001137e+01 6.590000000000000568e+01 6.710000000000000853e+01 1.480534484502176795e+01 1.891931119058295607e+01 1.290567892921576920e+01 1.554344498827349774e+01
6.820000000000000284e+01 6.720000000000000284e+01 6.770000000000000284e+01 1.066435320366841921e+01 1.655949031349732437e+01 8.861980896128487828e+00 1.202860813776474380e+01
6.840000000000000568e+01 6.640000000000000568e+01 6.740000000000000568e+01 1.090661341758365488e+01 1.540816240401793280e+01 1.236288383134434632e+01 1.289255321764864526e+01
6.600000000000000000e+01 6.610000000000000853e+01 6.605000000000001137e+01 1.076570204191959412e+01 1.296855058762245250e+01 7.998306508182118080e+00 1.057751971257472157e+01
6.529999999999999716e+01 6.670000000000000284e+01 6.600000000000000000e+01 1.269908489009042363e+01 1.564073007152501837e+01 7.888500268663531045e+00 1.207610507675965827e+01
6.939999999999999147e+01 6.720000000000000284e+01 6.829999999999999716e+01 1.090203513641260180e+01 1.322956446574658784e+01 8.067008993075244661e+00 1.073286953174481084e+01
6.710000000000000853e+01 6.660000000000000853e+01 6.685000000000000853e+01 1.127875860554542342e+01 1.243596967550436005e+01 9.146807084478668415e+00 1.095384512184281789e+01
6.690000000000000568e+01 6.710000000000000853e+01 6.700000000000000000e+01 1.212882157465868715e+01 1.237588982274815841e+01 1.029011516505873303e+01 1.159827552082185775e+01
6.720000000000000284e+01 6.720000000000000284e+01 6.720000000000000284e+01 1.063242865215845789e+01 1.230505942860118473e+01 8.965115037385448460e+00 1.063420103938169703e+01
7.019999999999998863e+01 6.939999999999999147e+01 6.979999999999998295e+01 1.179978020082087120e+01 1.344563765513719389e+01 1.047274441310772808e+01 1.190605408968859713e+01
6.740000000000000568e+01 6.579999999999999716e+01 6.659999999999999432e+01 1.062809751583393059e+01 1.387951547382008144e+01 9.630913967150984689e+00 1.137950898560166557e+01
6.710000000000000853e+01 6.629999999999999716e+01 6.670000000000000284e+01 1.201336281729592947e+01 1.275921714105911242e+01 9.344012723568123846e+00 1.137219756064105525e+01
6.919999999999998863e+01 6.770000000000000284e+01 6.844999999999998863e+01 1.102772424221304703e+01 1.267182413462736257e+01 7.952517630805787441e+00 1.055068866921539872e+01
6.520000000000000284e+01 6.440000000000000568e+01 6.480000000000001137e+01 1.341496206243772704e+01 1.229930440859346596e+01 1.171860554992710490e+01 1.247762400698609930e+01
6.620000000000000284e+01 6.879999999999999716e+01 6.750000000000000000e+01 1.085903738835842347e+01 1.249642691941193107e+01 8.137733667038080654e+00 1.049773265826947899e+01
6.770000000000000284e+01 6.820000000000000284e+01 6.795000000000000284e+01 1.445983426907002567e+01 1.893834962701493296e+01 1.219487135445326054e+01 1.519768508351273972e+01
6.720000000000000284e+01 6.660000000000000853e+01 6.690000000000000568e+01 1.102761348460042612e+01 1.238947587223265323e+01 7.881765388714645937e+00 1.043295158184924354e+01
6.850000000000000000e+01 6.650000000000000000e+01 6.750000000000000000e+01 1.098620019544719995e+01 1.229936566445491941e+01 7.951825790155424123e+00 1.041246388335251538e+01
6.889999999999999147e+01 6.640000000000000568e+01 6.765000000000000568e+01 1.071058327439098434e+01 1.292520764017508483e+01 7.916133391524185825e+00 1.051730810203008559e+01
6.640000000000000568e+01 6.700000000000000000e+01 6.670000000000000284e+01 1.285601159635905510e+01 1.235873277722125607e+01 8.700704962354395278e+00 1.130514977864490156e+01
6.710000000000000853e+01 6.670000000000000284e+01 6.690000000000000568e+01 1.068623471573198991e+01 1.516078830251151288e+01 7.883571073447355637e+00 1.124353136389695429e+01
6.730000000000001137e+01 6.889999999999999147e+01 6.809999999999999432e+01 1.064689432514313694e+01 1.232512007929723197e+01 7.903054933020150941e+00 1.029168977915350602e+01
6.620000000000000284e+01 6.679999999999999716e+01 6.650000000000000000e+01 1.063445888007754547e+01 1.230721976041615662e+01 7.895111834090822178e+00 1.027893015819484113e+01
6.840000000000000568e+01 6.650000000000000000e+01 6.745000000000000284e+01 1.102587285397818206e+01 1.231157779697723598e+01 8.118537015542727886e+00 1.048532922216604923e+01
6.710000000000000853e+01 6.710000000000000853e+01 6.710000000000000853e+01 1.159546546220670749e+01 1.664713437284432018e+01 8.241179958682543827e+00 1.216125993124452442e+01
6.770000000000000284e+01 6.720000000000000284e+01 6.745000000000000284e+01 1.189542984209140108e+01 1.290806918320985197e+01 9.514983177429909844e+00 1.143949406757705312e+01
6.620000000000000284e+01 6.750000000000000000e+01 6.684999999999999432e+01 1.404177667487181225e+01 1.339171524250556367e+01 8.280680998042704744e+00 1.190472430514002689e+01
6.800000000000000000e+01 6.650000000000000000e+01 6.725000000000000000e+01 1.226532281139740910e+01 1.378954114907264206e+01 9.575016213325190151e+00 1.187662672459841495e+01
6.540000000000000568e+01 6.860000000000000853e+01 6.700000000000000000e+01 1.097147189232803299e+01 1.247063200601532706e+01 7.880047486319116778e+00 1.044071712822082709e+01
6.870000000000000284e+01 6.770000000000000284e+01 6.820000000000000284e+01 1.350834727421236536e+01 1.286122526176417580e+01 1.049982247378032874e+01 1.228979833658562448e+01
6.780000000000001137e+01 6.919999999999998863e+01 6.850000000000000000e+01 1.083910465463936745e+01 1.542735801520943006e+01 9.076172528717000532e+00 1.178087839952193328e+01
6.750000000000000000e+01 6.700000000000000000e+01 6.725000000000000000e+01 1.384386398976090682e+01 1.264875844459325016e+01 1.277020159625045537e+01 1.308760801020153686e+01
6.740000000000000568e+01 6.650000000000000000e+01 6.695000000000000284e+01 1.066355635856115569e+01 1.252046352456740763e+01 7.983979721281373010e+00 1.038933320146997907e+01
6.710000000000000853e+01 6.919999999999998863e+01 6.815000000000000568e+01 1.164372484424358589e+01 1.396487101707245237e+01 1.037299474428692392e+01 1.199386353520098680e+01
6.590000000000000568e+01 6.640000000000000568e+01 6.615000000000000568e+01 1.063444720981779312e+01 1.302376501775641948e+01 7.872418357729382699e+00 1.051021019510119814e+01
6.620000000000000284e+01 6.690000000000000568e+01 6.655000000000001137e+01 1.072878163095471393e+01 1.603144369580660111e+01 8.476884886004921071e+00 1.174570340425541382e+01
6.830000000000001137e+01 6.579999999999999716e+01 6.705000000000001137e+01 1.207782484653066568e+01 1.233880671050463818e+01 8.309895774015624070e+00 1.090884244368364087e+01
6.800000000000000000e+01 6.550000000000000000e+01 6.675000000000000000e+01 1.065997413949800254e+01 1.235236384395103038e+01 1.273167850005696167e+01 1.191467216116866545e+01
6.810000000000000853e+01 6.770000000000000284e+01 6.790000000000000568e+01 1.076900831440804218e+01 1.693054945084513108e+01 9.135225968880728686e+00 1.227826124471130242e+01
6.830000000000001137e+01 6.959999999999999432e+01 6.895000000000000284e+01 1.079591475309406867e+01 1.288446394260077632e+01 7.912112228234981615e+00 1.053083030797660946e+01
6.720000000000000284e+01 6.590000000000000568e+01 6.655000000000001137e+01 1.067876463069884707e+01 1.333896254642424672e+01 8.184694983513464805e+00 1.073414072021218679e+01
6.620000000000000284e+01 6.690000000000000568e+01 6.655000000000001137e+01 1.076643168252965133e+01 1.236434683128729617e+01 8.221309021704712450e+00 1.045069584517388783e+01
6.870000000000000284e+01 6.610000000000000853e+01 6.740000000000000568e+01 1.100705402785121656e+01 1.542526682322213105e+01 9.059724915069159223e+00 1.183068192204750346e+01
6.700000000000000000e+01 6.650000000000000000e+01 6.675000000000000000e+01 1.083701020936890203e+01 1.590737426401318899e+01 7.969602547358572764e+00 1.157132900691355282e+01
6.520000000000000284e+01 6.740000000000000568e+01 6.630000000000001137e+01 1.124169839291118400e+01 1.446295311929160299e+01 8.702710139323317051e+00 1.146912055050870016e+01
6.720000000000000284e+01 6.579999999999999716e+01 6.650000000000000000e+01 1.067449151892977355e+01 1.249770938885302840e+01 9.599902113200059262e+00 1.092403434032762100e+01
6.770000000000000284e+01 6.620000000000000284e+01 6.695000000000000284e+01 1.314635065887674514e+01 1.454230494383660677e+01 8.074756036178685648e+00 1.192113721296401252e+01
6.850000000000000000e+01 6.700000000000000000e+01 6.775000000000000000e+01 1.172462858932645879e+01 1.507586035730739660e+01 1.231883304810830282e+01 1.303977399824738548e+01
6.740000000000000568e+01 6.660000000000000853e+01 6.700000000000000000e+01 1.227753467073539184e+01 1.256394343279075265e+01 1.359721601563012783e+01 1.281289803971875507e+01
6.629999999999999716e+01 6.780000000000001137e+01 6.705000000000001137e+01 1.302027746228480254e+01 1.232817701989239012e+01 8.260250579827401296e+00 1.120290168733486524e+01
6.710000000000000853e+01 6.660000000000000853e+01 6.685000000000000853e+01 1.084979601885786771e+01 1.403992644427925285e+01 9.522281777762433563e+00 1.147066808029985019e+01
6.610000000000000853e+01 6.790000000000000568e+01 6.700000000000000000e+01 1.083149867432910618e+01 1.536298648201241690e+01 1.098869488651414450e+01 1.239439334761855527e+01
6.700000000000000000e+01 6.720000000000000284e+01 6.709999999999999432e+01 1.104162975387021106e+01 1.438602347641389301e+01 1.201900840730189479e+01 1.248222054586199903e+01
6.629999999999999716e+01 6.850000000000000000e+01 6.740000000000000568e+01 1.094380469213562002e+01 1.493810926195985900e+01 8.323082388722111702e+00 1.140166544760586476e+01
6.850000000000000000e+01 6.660000000000000853e+01 6.755000000000001137e+01 1.064274482692306556e+01 1.252816520240489773e+01 8.403426531130770982e+00 1.052477885348624476e+01
6.750000000000000000e+01 6.560000000000000853e+01 6.655000000000001137e+01 1.064015181565625134e+01 1.367880593451399918e+01 1.017139075280639382e+01 1.149678283432554871e+01
6.810000000000000853e+01 6.700000000000000000e+01 6.755000000000001137e+01 1.164031203468074693e+01 1.230083975303740473e+01 1.531562383876679334e+01 1.308559187549498226e+01
6.860000000000000853e+01 6.700000000000000000e+01 6.780000000000001137e+01 1.477854696318104111e+01 1.351840009884781857e+01 7.982659780096064139e+00 1.209320228070830616e+01
6.790000000000000568e+01 6.730000000000001137e+01 6.760000000000000853e+01 1.083913486484501476e+01 1.595371257157949607e+01 7.869867645526623434e+00 1.155423836065037868e+01
6.780000000000001137e+01 6.490000000000000568e+01 6.635000000000000853e+01 1.078579473902727059e+01 1.499013311862624498e+01 1.778856421536401200e+01 1.452149735767250860e+01
6.700000000000000000e+01 6.620000000000000284e+01 6.659999999999999432e+01 1.087086398340767701e+01 1.256999467313763041e+01 8.029579490724945146e+00 1.049014604909008419e+01
6.710000000000000853e+01 6.690000000000000568e+01 6.700000000000000000e+01 1.108488122150700583e+01 1.249052311948598160e+01 1.000927598356371107e+01 1.119489344151890009e+01
6.790000000000000568e+01 6.590000000000000568e+01 6.690000000000000568e+01 1.087430704561060502e+01 1.257364123795053423e+01 7.994264446547899361e+00 1.048073757670301198e+01
6.800000000000000000e+01 6.770000000000000284e+01 6.784999999999999432e+01 1.105320952185941685e+01 1.252900839095016394e+01 9.916763931236150853e+00 1.116632728134857722e+01
6.710000000000000853e+01 6.720000000000000284e+01 6.715000000000000568e+01 1.102416939112844574e+01 1.264620654640712161e+01 8.764777815156064023e+00 1.081171791756387712e+01
6.740000000000000568e+01 6.760000000000000853e+01 6.750000000000000000e+01 1.068592546681092337e+01 1.441711683192173687e+01 8.232991422837459439e+00 1.111201124052337263e+01
6.600000000000000000e+01 6.540000000000000568e+01 6.570000000000000284e+01 1.076260848051406072e+01 1.241766101713136727e+01 1.591910645305205918e+01 1.303312531689916121e+01
6.760000000000000853e+01 6.879999999999999716e+01 6.820000000000000284e+01 1.069718542571520992e+01 1.575649738573547332e+01 7.895480247795894080e+00 1.144972101974885881e+01
6.600000000000000000e+01 6.800000000000000000e+01 6.700000000000000000e+01 1.121873570684549826e+01 1.238399750851328918e+01 8.305009058214139372e+00 1.063591409119097619e+01
6.629999999999999716e+01 6.670000000000000284e+01 6.650000000000000000e+01 1.062510879066354086e+01 1.383139907947123248e+01 9.366900960675081933e+00 1.127446961026995176e+01
6.710000000000000853e+01 6.740000000000000568e+01 6.725000000000000000e+01 1.239042207894276082e+01 1.267427282568038827e+01 8.428733011069656555e+00 1.116447597189760188e+01
6.780000000000001137e+01 6.830000000000001137e+01 6.805000000000001137e+01 1.063081060713691173e+01 1.346331823048422294e+01 8.243523280372055950e+00 1.077921737266439628e+01
6.870000000000000284e+01 6.579999999999999716e+01 6.725000000000000000e+01 1.090601614708064560e+01 1.230978483932123524e+01 1.160817530134912090e+01 1.160799209591699999e+01
6.850000000000000000e+01 6.690000000000000568e+01 6.770000000000000284e+01 1.071700225523700034e+01 1.253116623555966491e+01 8.911971622170179685e+00 1.072004670432228046e+01
6.840000000000000568e+01 6.650000000000000000e+01 6.745000000000000284e+01 1.068678961985183129e+01 1.302893213796381033e+01 8.835162673740253325e+00 1.085029481051863343e+01
6.760000000000000853e+01 6.750000000000000000e+01 6.755000000000001137e+01 1.104654153216172219e+01 1.229936384594250320e+01 7.974074661328798719e+00 1.043999334647767618e+01
6.790000000000000568e+01 6.840000000000000568e+01 6.815000000000000568e+01 1.290509452186308970e+01 1.392625473360563682e+01 7.874191204669370059e+00 1.156851348671269797e+01
6.760000000000000853e+01 6.679999999999999716e+01 6.720000000000000284e+01 1.104925412773322613e+01 1.230417858992995050e+01 1.044593352015061249e+01 1.126645541260459460e+01
6.670000000000000284e+01 6.560000000000000853e+01 6.615000000000000568e+01 1.062439849463995145e+01 2.157013420559049521e+01 7.876377305254591121e+00 1.335697000182834593e+01
6.770000000000000284e+01 6.740000000000000568e+01 6.755000000000001137e+01 1.426587005954628751e+01 1.237040239877676306e+01 7.875046261967527883e+00 1.150377290676352438e+01
6.700000000000000000e+01 6.820000000000000284e+01 6.759999999999999432e+01 1.489606349021376985e+01 1.255981228852836828e+01 8.051351695435290168e+00 1.183574249139247492e+01
6.730000000000001137e+01 6.720000000000000284e+01 6.725000000000000000e+01 1.094867525713340406e+01 1.322124923727821333e+01 8.593557230424238469e+00 1.092116057494528469e+01
6.730000000000001137e+01 6.600000000000000000e+01 6.665000000000000568e+01 1.188240089788842546e+01 1.350601432340671693e+01 9.008590765818674129e+00 1.146566866237127158e+01
6.800000000000000000e+01 6.550000000000000000e+01 6.675000000000000000e+01 1.413918431791514863e+01 1.402470904636289539e+01 1.048104475562470128e+01 1.288164603996758295e+01
