6.150000000000000000e+01 5.979999999999999716e+01 6.064999999999999858e+01 1.940758780648441473e+01 1.939844690201194410e+01 1.277194419693056737e+01 1.719265963514230933e+01
6.289999999999999858e+01 6.150000000000000000e+01 6.220000000000000284e+01 1.747749902399284139e+01 1.746164666485053729e+01 1.042660201134189002e+01 1.512191590006175801e+01
4.850000000000000000e+01 6.830000000000001137e+01 5.840000000000000568e+01 1.958707231135860383e+01 1.891978177322201660e+01 7.190881736304783090e+01 3.680522381587615399e+01
6.740000000000000568e+01 5.470000000000000284e+01 6.105000000000000426e+01 1.826839431341965181e+01 1.902229603247247169e+01 1.112162456752200868e+01 1.613743830447137739e+01
6.420000000000000284e+01 4.729999999999999716e+01 5.575000000000000000e+01 1.772187275800838435e+01 1.776137682733990175e+01 1.108575618994758116e+01 1.552300192509862420e+01
7.050000000000000000e+01 6.220000000000000284e+01 6.634999999999999432e+01 1.453188299689714214e+01 1.921533624884077085e+01 1.040637626162798313e+01 1.471786516912196419e+01
5.330000000000000426e+01 6.350000000000000000e+01 5.840000000000000568e+01 1.693654565411204871e+01 1.768667617592695507e+01 6.424034602703119390e+01 3.295452261902340041e+01
6.000000000000000000e+01 5.679999999999999716e+01 5.839999999999999858e+01 1.726428746447480478e+01 1.916905917832274753e+01 1.289045593281186086e+01 1.644126752520313772e+01
6.079999999999999716e+01 6.179999999999999716e+01 6.129999999999999716e+01 1.402726780345994229e+01 1.512838744168695015e+01 1.307953948031192759e+01 1.407839824181960608e+01
6.640000000000000568e+01 6.460000000000000853e+01 6.550000000000000000e+01 1.689567537793465490e+01 1.625904818447385480e+01 1.117599585238360405e+01 1.477690647159737125e+01
5.709999999999999432e+01 6.339999999999999858e+01 6.025000000000000000e+01 1.768598713981853621e+01 2.112062626838488910e+01 6.978993874456763535e+01 3.619885071759035355e+01
5.969999999999999574e+01 5.779999999999999716e+01 5.875000000000000000e+01 2.052802417280155467e+01 2.034512311571256049e+01 1.656823057027614254e+01 1.914712595293008590e+01
6.409999999999999432e+01 5.979999999999999716e+01 6.194999999999999574e+01 1.601465567456058281e+01 1.919282551920776569e+01 1.649362810231322030e+01 1.723370309869385508e+01
6.870000000000000284e+01 5.889999999999999858e+01 6.379999999999999716e+01 1.388164013208951708e+01 1.860513954905527001e+01 1.253981314130554381e+01 1.500886427415011148e+01
5.889999999999999858e+01 6.560000000000000853e+01 6.225000000000000000e+01 1.477319647216126874e+01 1.808606352381211124e+01 1.211211816155864085e+01 1.499045938584400695e+01
6.679999999999999716e+01 5.010000000000000142e+01 5.845000000000000284e+01 1.754280269390653402e+01 1.817204855047859624e+01 1.235006383087833903e+01 1.602163835842115702e+01
6.360000000000000142e+01 5.620000000000000284e+01 5.990000000000000568e+01 1.375897934481044516e+01 1.767034894150596003e+01 8.435412179499069296e+00 1.328824682193849149e+01
6.470000000000000284e+01 5.869999999999999574e+01 6.170000000000000284e+01 1.317846808151769622e+01 1.855555696135116506e+01 1.143009218063662225e+01 1.438803907450182784e+01
6.690000000000000568e+01 6.329999999999999716e+01 6.509999999999999432e+01 1.569481299697840804e+01 1.712931858497957194e+01 2.617660942814579172e+01 1.966691367003458879e+01
6.279999999999999716e+01 5.370000000000000284e+01 5.825000000000000000e+01 1.697027234940325968e+01 1.909342838316326052e+01 1.266884814068057707e+01 1.624418295774903243e+01
5.679999999999999716e+01 6.009999999999999432e+01 5.844999999999999574e+01 1.628603284250883121e+01 1.943753431705710000e+01 7.314429147560549893e+01 3.628928621172381241e+01
6.200000000000000000e+01 6.470000000000000284e+01 6.335000000000000142e+01 1.743489629672567887e+01 1.851214453816797345e+01 1.333634667055678591e+01 1.642779583515014608e+01
6.310000000000000142e+01 5.160000000000000142e+01 5.735000000000000142e+01 1.962023136462428141e+01 1.974880459286307754e+01 9.293996391252404621e+00 1.622101078291325393e+01
6.650000000000000000e+01 6.229999999999999716e+01 6.440000000000000568e+01 1.402248645894023049e+01 2.166622091010852102e+01 1.329153075806775952e+01 1.632674604237216798e+01
6.550000000000000000e+01 5.829999999999999716e+01 6.189999999999999858e+01 1.557875803866715003e+01 1.785983218109221582e+01 1.353670967786970181e+01 1.565843329920968863e+01
6.129999999999999716e+01 6.189999999999999858e+01 6.159999999999999432e+01 1.444737632294792462e+01 1.987201386573465456e+01 9.703030971621544154e+00 1.467414038676803933e+01
6.720000000000000284e+01 5.989999999999999858e+01 6.354999999999999716e+01 1.832776398210205926e+01 2.124167506275147232e+01 1.130489338442085945e+01 1.695811080975812857e+01
5.550000000000000711e+01 6.329999999999999716e+01 5.940000000000000568e+01 2.644383132491270771e+01 1.594518484745526266e+01 7.824370257387386118e+01 4.021090624874727837e+01
6.520000000000000284e+01 6.179999999999999716e+01 6.350000000000000000e+01 1.655615487554236509e+01 1.762370315131019538e+01 1.326692455785063451e+01 1.581559419490106499e+01
6.579999999999999716e+01 6.089999999999999858e+01 6.334999999999999432e+01 1.621609933846853835e+01 2.246438248435503837e+01 1.236379588580867406e+01 1.701475923621075026e+01
5.869999999999999574e+01 6.210000000000000142e+01 6.039999999999999858e+01 1.701130613341206654e+01 1.991772792542317561e+01 1.631763852546037086e+01 1.774889086143187100e+01
6.550000000000000000e+01 5.809999999999999432e+01 6.179999999999999716e+01 2.035142886987782873e+01 1.670827626692128831e+01 1.694923818594096687e+01 1.800298110758002679e+01
5.779999999999999716e+01 6.239999999999999858e+01 6.009999999999999432e+01 1.781476988306756937e+01 1.626354836767868761e+01 1.162565666057180103e+01 1.523465830377268482e+01
5.300000000000000000e+01 6.590000000000000568e+01 5.945000000000000284e+01 1.731387095328237891e+01 1.848934972945974309e+01 7.352947273264018690e+01 3.644423113846077200e+01
6.289999999999999858e+01 6.250000000000000000e+01 6.270000000000000284e+01 1.877646831456103271e+01 2.001546219665390325e+01 1.565481261746711006e+01 1.814891437622734927e+01
6.320000000000000284e+01 5.929999999999999716e+01 6.125000000000000000e+01 1.555565913189021998e+01 1.915250010358468913e+01 1.015242009062642836e+01 1.495352644203377857e+01
6.579999999999999716e+01 5.649999999999999289e+01 6.114999999999999147e+01 1.697359842048125245e+01 2.152290246225939541e+01 9.835724718950691781e+00 1.611074186723044832e+01
6.429999999999999716e+01 5.130000000000000426e+01 5.779999999999999716e+01 2.037791134731040543e+01 1.630548803896331478e+01 1.836406301594398371e+01 1.834915413407256679e+01
5.869999999999999574e+01 6.750000000000000000e+01 6.309999999999999432e+01 1.802120743914237622e+01 1.594693465602439275e+01 1.090348089724926695e+01 1.495720766413867864e+01
5.850000000000000000e+01 6.620000000000000284e+01 6.235000000000000142e+01 1.570648272139849055e+01 1.966037764133832511e+01 7.578368263705696961e+01 3.705018099993126413e+01
6.279999999999999716e+01 6.100000000000000000e+01 6.189999999999999858e+01 1.790866369931585922e+01 2.164918377822349527e+01 1.002743308424856217e+01 1.652842685392930733e+01
5.480000000000000426e+01 6.440000000000000568e+01 5.960000000000000853e+01 1.572026055718360738e+01 2.216514460362405714e+01 7.281351833799682538e+01 3.689964116626816093e+01
6.730000000000001137e+01 5.829999999999999716e+01 6.280000000000000426e+01 1.815220122975657446e+01 1.993919337286557791e+01 1.263387264825649403e+01 1.690842241695954939e+01
6.339999999999999858e+01 6.089999999999999858e+01 6.214999999999999858e+01 1.823906628594424006e+01 1.813733487151872836e+01 1.315536227162787952e+01 1.651058780969694695e+01
6.610000000000000853e+01 5.629999999999999716e+01 6.120000000000000284e+01 2.006551457761637636e+01 2.177053826992160168e+01 1.503404487497931541e+01 1.895669924083909663e+01
6.470000000000000284e+01 5.929999999999999716e+01 6.200000000000000000e+01 1.862292746782729225e+01 1.554788512574486248e+01 1.587027868753000703e+01 1.668036376036738488e+01
6.400000000000000000e+01 5.789999999999999858e+01 6.095000000000000284e+01 1.876862631984797147e+01 1.939848732733400283e+01 1.062102996487061013e+01 1.626271453735086325e+01
6.389999999999999858e+01 5.859999999999999432e+01 6.125000000000000000e+01 1.426231346873111150e+01 1.769688843787656296e+01 1.324822919670239330e+01 1.506914370110335710e+01
6.400000000000000000e+01 6.339999999999999858e+01 6.370000000000000284e+01 1.659097776050985118e+01 1.757681444043812746e+01 1.128933642503397117e+01 1.515237620866064994e+01
6.189999999999999858e+01 5.979999999999999716e+01 6.084999999999999432e+01 1.750470282527008337e+01 1.924112359529619454e+01 1.155014188295847077e+01 1.609865610117491386e+01
6.520000000000000284e+01 5.919999999999999574e+01 6.220000000000000284e+01 1.725673940984672683e+01 1.978035880433776583e+01 1.467425467994270605e+01 1.723711763137573527e+01
5.759999999999999432e+01 5.550000000000000711e+01 5.654999999999999716e+01 1.919219873562328971e+01 2.166274866971345503e+01 1.141094938654251045e+01 1.742196559729308447e+01
6.470000000000000284e+01 6.289999999999999858e+01 6.379999999999999716e+01 1.603748500491909468e+01 1.805755451418203705e+01 1.731703828337867890e+01 1.713735926749327021e+01
5.000000000000000000e+01 6.400000000000000000e+01 5.700000000000000000e+01 1.771766752511465270e+01 2.246826024881817929e+01 7.006287896399821591e+01 3.674960224597701597e+01
6.360000000000000142e+01 5.649999999999999289e+01 6.004999999999999716e+01 2.146594363324386023e+01 2.261419445328142785e+01 1.126199284258656874e+01 1.844737697637062013e+01
6.039999999999999858e+01 6.009999999999999432e+01 6.025000000000000000e+01 1.718106264355051138e+01 2.068144438991601675e+01 9.921109938160970643e+00 1.592787232387583174e+01
6.479999999999999716e+01 6.029999999999999716e+01 6.254999999999999716e+01 1.593604954398502649e+01 1.701399760595269228e+01 1.114934964691265762e+01 1.469979893228345702e+01
6.220000000000000284e+01 6.079999999999999716e+01 6.150000000000000000e+01 1.818616185359999804e+01 2.027905131410994954e+01 1.767923092871869883e+01 1.871481469880954762e+01
5.759999999999999432e+01 5.850000000000000000e+01 5.804999999999999716e+01 1.828883289771621179e+01 1.881050506344063677e+01 1.221048914765596649e+01 1.643660903627093717e+01
6.329999999999999716e+01 6.300000000000000000e+01 6.314999999999999858e+01 1.800101176911252310e+01 1.899204633489819827e+01 1.313632755039713373e+01 1.670979521813595170e+01
6.629999999999999716e+01 5.799999999999999289e+01 6.214999999999999147e+01 1.468852879513630683e+01 1.843114715206801080e+01 1.258442265359807877e+01 1.523469953360079820e+01
6.800000000000000000e+01 5.969999999999999574e+01 6.384999999999999432e+01 1.937810276832047762e+01 1.922324140621210020e+01 1.722641907240340231e+01 1.860925441564532790e+01
6.179999999999999716e+01 6.579999999999999716e+01 6.379999999999999716e+01 1.450085034564339814e+01 1.831492049944537115e+01 1.378097035099819756e+01 1.553224706536232169e+01
6.600000000000000000e+01 6.200000000000000000e+01 6.400000000000000000e+01 1.611065934805802158e+01 1.767735870740008863e+01 8.777907004409710723e+00 1.418864168662260816e+01
6.470000000000000284e+01 6.289999999999999858e+01 6.379999999999999716e+01 1.891258283285512576e+01 1.741304790821817150e+01 1.575738681887319714e+01 1.736100585331550050e+01
6.129999999999999716e+01 6.139999999999999858e+01 6.134999999999999432e+01 1.815533239200381388e+01 2.319081902867012701e+01 7.952525957209073404e+00 1.643289245929434017e+01
6.050000000000000000e+01 6.139999999999999858e+01 6.095000000000000284e+01 1.367024467185379244e+01 1.672885475844999448e+01 1.267359869714826459e+01 1.435756604248401658e+01
5.310000000000000142e+01 6.270000000000000284e+01 5.790000000000000568e+01 1.663116446111054358e+01 1.755554334966732810e+01 6.469084360605978645e+01 3.295918380561255390e+01
5.909999999999999432e+01 5.510000000000000142e+01 5.709999999999999432e+01 1.629730936897932736e+01 2.110984902904891314e+01 1.402694597729618486e+01 1.714470145844147808e+01
6.450000000000000000e+01 5.929999999999999716e+01 6.189999999999999858e+01 1.583687661936145297e+01 1.671585653156873974e+01 1.417645519332603499e+01 1.557639611475207708e+01
6.310000000000000142e+01 6.620000000000000284e+01 6.465000000000000568e+01 1.536231441879495918e+01 1.982513838131097472e+01 8.138458900845545685e+00 1.444197056698382653e+01
6.620000000000000284e+01 5.909999999999999432e+01 6.264999999999999858e+01 1.526646993934313556e+01 1.958666159163050224e+01 1.276925787684148617e+01 1.587412980260504192e+01
5.420000000000000284e+01 6.200000000000000000e+01 5.810000000000000142e+01 2.014496729919590834e+01 2.026207608357135825e+01 7.380494119023053656e+01 3.807066152433259987e+01
6.650000000000000000e+01 5.859999999999999432e+01 6.254999999999999716e+01 1.622304783695864216e+01 1.797038044341047325e+01 1.390343479706632479e+01 1.603228769247848007e+01
6.520000000000000284e+01 6.210000000000000142e+01 6.365000000000000568e+01 1.580936641110600149e+01 2.106188010146980716e+01 1.153131538412463364e+01 1.613418729890014802e+01
6.710000000000000853e+01 6.050000000000000000e+01 6.380000000000000426e+01 1.588786888135634356e+01 1.787442028911798531e+01 1.251296473052174818e+01 1.542508463366535842e+01
6.329999999999999716e+01 6.350000000000000000e+01 6.339999999999999858e+01 1.612229869164624319e+01 1.804150416856972328e+01 9.729766184394330608e+00 1.463118968153676569e+01
6.400000000000000000e+01 6.110000000000000142e+01 6.254999999999999716e+01 1.880109466289169973e+01 2.048088781572018746e+01 1.127930816461011254e+01 1.685376354774066598e+01
6.300000000000000000e+01 6.650000000000000000e+01 6.475000000000000000e+01 1.552774711846379141e+01 2.142563797585884089e+01 1.089723672717218328e+01 1.595020727383160697e+01
6.770000000000000284e+01 5.929999999999999716e+01 6.350000000000000000e+01 1.439211338118635197e+01 2.447707545975107379e+01 1.337113331478758660e+01 1.741344071857500353e+01
6.210000000000000142e+01 6.270000000000000284e+01 6.240000000000000568e+01 1.767459646092509118e+01 1.703073759527322295e+01 1.163586935585753857e+01 1.544706780401861579e+01
6.200000000000000000e+01 5.789999999999999858e+01 5.995000000000000284e+01 1.510972150726386332e+01 1.924677620956705582e+01 1.162232928371702911e+01 1.532627566684931431e+01
6.810000000000000853e+01 6.339999999999999858e+01 6.575000000000000000e+01 2.458155337434513754e+01 1.796360159612936158e+01 1.372007864682367817e+01 1.875507787243272517e+01
6.339999999999999858e+01 6.279999999999999716e+01 6.309999999999999432e+01 1.557857607510641529e+01 1.912280543131523558e+01 1.304648511983794990e+01 1.591595554208653596e+01
7.029999999999999716e+01 5.510000000000000142e+01 6.270000000000000284e+01 1.383267605395836242e+01 2.137977607707031069e+01 1.183272521576213521e+01 1.568172578226360336e+01
5.789999999999999858e+01 5.240000000000000568e+01 5.515000000000000568e+01 2.008606834215707693e+01 2.016300102275636164e+01 1.397589098245014583e+01 1.807498678245452695e+01
5.909999999999999432e+01 6.409999999999999432e+01 6.159999999999999432e+01 1.736716450279028479e+01 1.680888152264898849e+01 6.916300740512994594e+01 3.444635114352307426e+01
6.039999999999999858e+01 6.039999999999999858e+01 6.039999999999999858e+01 1.578888406191846805e+01 1.922259134070605668e+01 1.190082484473956193e+01 1.563743341578802948e+01
5.260000000000000142e+01 6.460000000000000853e+01 5.860000000000000853e+01 1.517453095107134686e+01 1.804948269060042065e+01 6.696178226988109827e+01 3.339526530385095526e+01
6.429999999999999716e+01 5.620000000000000284e+01 6.025000000000000000e+01 1.647204087721930676e+01 1.734168441302698227e+01 1.394738487118442904e+01 1.592037005381023995e+01
6.279999999999999716e+01 6.119999999999999574e+01 6.200000000000000000e+01 1.531861444465312516e+01 1.780509680171640952e+01 1.209035914556151603e+01 1.507135679731035083e+01
5.370000000000000284e+01 6.360000000000000142e+01 5.865000000000000568e+01 1.367063047683808641e+01 1.817682282987273013e+01 7.472713046364069100e+01 3.552486125678383644e+01
6.490000000000000568e+01 6.029999999999999716e+01 6.260000000000000142e+01 1.926800890465248983e+01 1.928317209086389994e+01 1.346732319771953890e+01 1.733950139774530896e+01
6.420000000000000284e+01 6.760000000000000853e+01 6.590000000000000568e+01 1.865871196121860009e+01 1.861500166126672440e+01 1.426537429292815062e+01 1.717969597180449171e+01
6.790000000000000568e+01 6.409999999999999432e+01 6.600000000000000000e+01 1.674336066838264969e+01 1.690906956201864375e+01 1.217313893587879470e+01 1.527518972209336390e+01
6.510000000000000853e+01 6.460000000000000853e+01 6.485000000000000853e+01 1.476065529740457904e+01 1.853130537603805550e+01 1.430704867104864420e+01 1.586633644816375899e+01
6.470000000000000284e+01 6.400000000000000000e+01 6.434999999999999432e+01 1.721752547853181525e+01 1.906861137220534630e+01 1.455066174498539056e+01 1.694559953190751855e+01
6.640000000000000568e+01 6.139999999999999858e+01 6.390000000000000568e+01 1.598676148459596824e+01 1.971292312950386005e+01 1.102215223679189116e+01 1.557394561696390589e+01
6.170000000000000284e+01 6.500000000000000000e+01 6.335000000000000142e+01 1.664466438691269445e+01 1.993990306376109345e+01 1.493200387119512840e+01 1.717219044062297328e+01
6.110000000000000142e+01 6.239999999999999858e+01 6.175000000000000000e+01 1.680086147595397250e+01 1.902184375595757970e+01 1.301689333826912254e+01 1.627986619006022551e+01
