6.620000000000000284e+01 6.510000000000000853e+01 6.565000000000000568e+01 1.120556817551116957e+01 1.303278912671269651e+01 8.758789631874712711e+00 1.099904897803286019e+01
6.770000000000000284e+01 6.540000000000000568e+01 6.655000000000001137e+01 1.627720149616451550e+01 1.251553702045134031e+01 1.074802247018945955e+01 1.318025366226843964e+01
6.579999999999999716e+01 6.730000000000001137e+01 6.655000000000001137e+01 1.510536658606006455e+01 1.494504533034921856e+01 8.725447191100981215e+00 1.292528636917008811e+01
6.900000000000000000e+01 6.800000000000000000e+01 6.850000000000000000e+01 1.089944347854133255e+01 1.469008064209544884e+01 8.181829213936923750e+00 1.125711777819123505e+01
6.590000000000000568e+01 6.720000000000000284e+01 6.655000000000001137e+01 1.081873218830110162e+01 1.244494399730054290e+01 8.719146331249298498e+00 1.066094083895031552e+01
6.830000000000001137e+01 6.640000000000000568e+01 6.735000000000000853e+01 1.205356590623321367e+01 1.245693089138942078e+01 1.027166531629611335e+01 1.159405403797291711e+01
6.969999999999998863e+01 6.679999999999999716e+01 6.825000000000000000e+01 1.068188737545038514e+01 1.363158195156417030e+01 1.008983864324842372e+01 1.146776932342099364e+01
6.750000000000000000e+01 6.629999999999999716e+01 6.690000000000000568e+01 1.239078161839455028e+01 1.236494789804606675e+01 8.412312941730386129e+00 1.105601415272366772e+01
6.650000000000000000e+01 6.879999999999999716e+01 6.765000000000000568e+01 1.322502800542893731e+01 1.333211174871741456e+01 8.128861021683940535e+00 1.156200025861009806e+01
6.540000000000000568e+01 6.710000000000000853e+01 6.625000000000000000e+01 1.070974666396892161e+01 1.240327863752457382e+01 1.005899150032116651e+01 1.105733893393822065e+01
6.690000000000000568e+01 6.760000000000000853e+01 6.725000000000000000e+01 1.187528552790311132e+01 1.380133335625115265e+01 8.450496112392515968e+00 1.137570499884892605e+01
6.660000000000000853e+01 6.670000000000000284e+01 6.665000000000000568e+01 1.189370232325471832e+01 1.503861921826558401e+01 8.087347519498374382e+00 1.167322302033955772e+01
6.650000000000000000e+01 6.790000000000000568e+01 6.720000000000000284e+01 1.135191008872419793e+01 1.248426657920649596e+01 8.709493221677970354e+00 1.084855662986955416e+01
6.919999999999998863e+01 6.510000000000000853e+01 6.715000000000000568e+01 1.204545673332382805e+01 1.277163327485334676e+01 1.425894826679594196e+01 1.302534609165770441e+01
6.710000000000000853e+01 6.579999999999999716e+01 6.645000000000000284e+01 1.063148901116223932e+01 1.314095723596585863e+01 8.224911093775661541e+00 1.066578578030125435e+01
6.679999999999999716e+01 6.690000000000000568e+01 6.684999999999999432e+01 1.141676248778573566e+01 1.309132934879492183e+01 7.954928745722811279e+00 1.082100686076782381e+01
6.790000000000000568e+01 6.660000000000000853e+01 6.725000000000000000e+01 1.072155769720343699e+01 1.249460330180539813e+01 1.118552844020314829e+01 1.146722981307066114e+01
6.679999999999999716e+01 6.690000000000000568e+01 6.684999999999999432e+01 1.085725828605755972e+01 1.290422799188701219e+01 1.164833209725603602e+01 1.180327279173353539e+01
6.679999999999999716e+01 6.740000000000000568e+01 6.709999999999999432e+01 1.221957850614229990e+01 1.241960844435199363e+01 1.041186617975156992e+01 1.168368437674862115e+01
6.650000000000000000e+01 6.610000000000000853e+01 6.630000000000001137e+01 1.304603086177213456e+01 1.249894243397708316e+01 7.972771348111713507e+00 1.117258154795364256e+01
6.740000000000000568e+01 6.750000000000000000e+01 6.745000000000000284e+01 1.065633169451248641e+01 1.234423605433681281e+01 8.093902400304838096e+00 1.036482338305137851e+01
6.679999999999999716e+01 6.820000000000000284e+01 6.750000000000000000e+01 1.089267987166202367e+01 1.251664938373556524e+01 1.154562837184406554e+01 1.165165254241388482e+01
6.740000000000000568e+01 6.790000000000000568e+01 6.765000000000000568e+01 1.148987340447088989e+01 1.910716458470513146e+01 8.151493744163778032e+00 1.291617724444660098e+01
6.850000000000000000e+01 6.650000000000000000e+01 6.750000000000000000e+01 1.190233934594862752e+01 1.299560078329868240e+01 1.160481538529012191e+01 1.216758517151247787e+01
6.679999999999999716e+01 6.620000000000000284e+01 6.650000000000000000e+01 1.132711145250511642e+01 1.238861135712628680e+01 7.882222674432791010e+00 1.053264849468806297e+01
6.690000000000000568e+01 6.800000000000000000e+01 6.745000000000000284e+01 1.062343801066419680e+01 1.234987131622532353e+01 1.101821414898818396e+01 1.133050782529256928e+01
6.620000000000000284e+01 6.710000000000000853e+01 6.665000000000000568e+01 1.321561847563471304e+01 1.270443350539928140e+01 1.082690223152833120e+01 1.224898473752077344e+01
6.830000000000001137e+01 6.610000000000000853e+01 6.720000000000001705e+01 1.367002266682936806e+01 1.258516428286071687e+01 8.502539916927677410e+00 1.158590895553925293e+01
6.830000000000001137e+01 6.800000000000000000e+01 6.815000000000000568e+01 1.063949004166969914e+01 1.269841989467225751e+01 1.162039508343876371e+01 1.165276833992690797e+01
6.800000000000000000e+01 6.570000000000000284e+01 6.684999999999999432e+01 1.066068562014672594e+01 1.326210984645229729e+01 1.049943489743255043e+01 1.147407678801052633e+01
6.810000000000000853e+01 6.479999999999999716e+01 6.645000000000000284e+01 1.062427788649940297e+01 1.237786638496790914e+01 1.140018667764690008e+01 1.146744364970473917e+01
6.740000000000000568e+01 6.710000000000000853e+01 6.725000000000000000e+01 1.218548608103644781e+01 1.283879762546478531e+01 8.226555523870132447e+00 1.108361307679045638e+01
6.650000000000000000e+01 6.610000000000000853e+01 6.630000000000001137e+01 1.180463807741573490e+01 1.409603201123840499e+01 8.463947444572296419e+00 1.145487251107547877e+01
6.830000000000001137e+01 6.620000000000000284e+01 6.725000000000000000e+01 1.150914966726953637e+01 1.252029294692782457e+01 8.016826148028870946e+00 1.068208958740874515e+01
6.670000000000000284e+01 6.670000000000000284e+01 6.670000000000000284e+01 1.062697405169964959e+01 1.239027905803217955e+01 7.895778858537718214e+00 1.030434398942318275e+01
6.610000000000000853e+01 6.650000000000000000e+01 6.630000000000001137e+01 1.398566038922280086e+01 1.673768939227981534e+01 9.678673346068777050e+00 1.346734104252379893e+01
6.860000000000000853e+01 6.760000000000000853e+01 6.810000000000000853e+01 1.330253410355582666e+01 1.237800447342891452e+01 7.960745461677165125e+00 1.121376134622063603e+01
6.730000000000001137e+01 6.550000000000000000e+01 6.640000000000000568e+01 1.185200426118664119e+01 1.394180901452934407e+01 8.530839565013327075e+00 1.144155094690977137e+01
6.830000000000001137e+01 6.740000000000000568e+01 6.785000000000000853e+01 1.583461037366469881e+01 1.512641621518034363e+01 9.821780874023049890e+00 1.359426915428936411e+01
6.650000000000000000e+01 6.570000000000000284e+01 6.609999999999999432e+01 1.110182403218965064e+01 1.321683264220799536e+01 9.596100414242526355e+00 1.130491902954672412e+01
6.730000000000001137e+01 6.660000000000000853e+01 6.695000000000001705e+01 1.157742743999679469e+01 1.404338804997205514e+01 9.335382677110699134e+00 1.165206605569318299e+01
6.780000000000001137e+01 6.750000000000000000e+01 6.765000000000000568e+01 1.083848499091364204e+01 1.235439608649146415e+01 1.548627975469316098e+01 1.289305361069942002e+01
6.959999999999999432e+01 6.620000000000000284e+01 6.790000000000000568e+01 1.212446839921500796e+01 1.295956468553845831e+01 7.872428601923996183e+00 1.098548722889248630e+01
6.810000000000000853e+01 6.690000000000000568e+01 6.750000000000000000e+01 1.062448444708705608e+01 1.273850693427966085e+01 9.263505425082643185e+00 1.087549893548312063e+01
6.700000000000000000e+01 6.750000000000000000e+01 6.725000000000000000e+01 1.364005223521805377e+01 1.470918303056554777e+01 8.490518311776410698e+00 1.227991785918666956e+01
6.909999999999999432e+01 6.750000000000000000e+01 6.829999999999999716e+01 1.143786012333718638e+01 1.287522067840531115e+01 9.656374427444127662e+00 1.132315174306220662e+01
6.750000000000000000e+01 6.550000000000000000e+01 6.650000000000000000e+01 1.065544339642851313e+01 1.259214064159446167e+01 7.933775711044660284e+00 1.039378658302254443e+01
6.830000000000001137e+01 6.720000000000000284e+01 6.775000000000000000e+01 1.424838002920354185e+01 1.236136793061887218e+01 1.182605935558915533e+01 1.281193577180385468e+01
6.750000000000000000e+01 6.579999999999999716e+01 6.665000000000000568e+01 1.064175977813440888e+01 1.351337436198274133e+01 7.896170291696575028e+00 1.068376814393790930e+01
6.679999999999999716e+01 6.800000000000000000e+01 6.740000000000000568e+01 1.133011289034804747e+01 1.234950101571031311e+01 8.462074314657783702e+00 1.071389607357204987e+01
6.750000000000000000e+01 6.720000000000000284e+01 6.734999999999999432e+01 1.154089573465638452e+01 1.270193819906040389e+01 8.331695659172707380e+00 1.085817653096316526e+01
6.830000000000001137e+01 6.670000000000000284e+01 6.750000000000000000e+01 1.176009105331543125e+01 1.234434916924042014e+01 7.876751088079686269e+00 1.066039710354517922e+01
6.610000000000000853e+01 6.670000000000000284e+01 6.640000000000000568e+01 1.099076644804765479e+01 1.236000827870762819e+01 1.059203461558942472e+01 1.131426978078157042e+01
6.750000000000000000e+01 6.730000000000001137e+01 6.740000000000000568e+01 1.098991897826156539e+01 1.451980166941026162e+01 8.042285209814284741e+00 1.118400195249536999e+01
6.610000000000000853e+01 6.679999999999999716e+01 6.645000000000000284e+01 1.175001243870074141e+01 1.342367234734865278e+01 8.680533741064937914e+00 1.128473950903810952e+01
6.590000000000000568e+01 6.800000000000000000e+01 6.695000000000000284e+01 1.430988307265733361e+01 1.251693112137137831e+01 1.007965595919461599e+01 1.230215671774111108e+01
6.790000000000000568e+01 6.710000000000000853e+01 6.750000000000000000e+01 1.160119519392189780e+01 1.237242862088572259e+01 7.986237844010495301e+00 1.065328721960603886e+01
6.740000000000000568e+01 6.820000000000000284e+01 6.780000000000001137e+01 1.144380261295465395e+01 1.253499855407326002e+01 1.031163299753962903e+01 1.143014472152251493e+01
6.860000000000000853e+01 6.570000000000000284e+01 6.715000000000000568e+01 1.213903906431833413e+01 1.706734698472386214e+01 1.013572684144122782e+01 1.311403763016114077e+01
6.700000000000000000e+01 6.579999999999999716e+01 6.640000000000000568e+01 1.351213626829113856e+01 1.330638599453379811e+01 9.387670132924812449e+00 1.206873079858324793e+01
6.700000000000000000e+01 6.900000000000000000e+01 6.800000000000000000e+01 1.087784173696890733e+01 1.249757326888292575e+01 7.909811535919460290e+00 1.042840884725709749e+01
6.740000000000000568e+01 6.780000000000001137e+01 6.760000000000000853e+01 1.112564184078294538e+01 1.240822880568645736e+01 8.900016718737386867e+00 1.081129578840226202e+01
6.850000000000000000e+01 6.590000000000000568e+01 6.720000000000000284e+01 1.083476140227435103e+01 1.465684231618368472e+01 8.529679313045626543e+00 1.134042767716788802e+01
6.710000000000000853e+01 6.840000000000000568e+01 6.775000000000000000e+01 1.180772804660980668e+01 1.474604931560399024e+01 7.876249497685316570e+00 1.147667561996637176e+01
6.770000000000000284e+01 6.590000000000000568e+01 6.680000000000001137e+01 1.161934872682463293e+01 1.235513195731445890e+01 8.560245617631387915e+00 1.084490876725682540e+01
6.679999999999999716e+01 6.800000000000000000e+01 6.740000000000000568e+01 1.403232015520625353e+01 1.724206436953575405e+01 8.947786125670912583e+00 1.340739021680430731e+01
6.750000000000000000e+01 6.770000000000000284e+01 6.759999999999999432e+01 1.207599951337901878e+01 1.235748855719383599e+01 1.475173232062215156e+01 1.306174013039833604e+01
6.520000000000000284e+01 6.760000000000000853e+01 6.640000000000000568e+01 1.348132474747179543e+01 1.335920117205208690e+01 8.852737800924533218e+00 1.189775457348280518e+01
6.780000000000001137e+01 6.690000000000000568e+01 6.735000000000000853e+01 1.064905459991665282e+01 1.294915441997417105e+01 9.980832066265396207e+00 1.119301369538540847e+01
6.860000000000000853e+01 6.780000000000001137e+01 6.820000000000001705e+01 1.118930512890726625e+01 1.642087518978425109e+01 7.878924119907209089e+00 1.182970147953290940e+01
6.710000000000000853e+01 6.679999999999999716e+01 6.695000000000000284e+01 1.065994474185051111e+01 1.255505746394741351e+01 7.993711511057195906e+00 1.040290457228504017e+01
6.790000000000000568e+01 6.840000000000000568e+01 6.815000000000000568e+01 1.140195658182010163e+01 1.236998448748486368e+01 9.087059398586090353e+00 1.095300015596368581e+01
6.640000000000000568e+01 6.500000000000000000e+01 6.570000000000000284e+01 1.108729225002644547e+01 1.271248588277735436e+01 9.296836153731845798e+00 1.103220476217854973e+01
6.730000000000001137e+01 6.620000000000000284e+01 6.675000000000000000e+01 1.108037765005863662e+01 1.296088216698000117e+01 9.264307858222176506e+00 1.110185589175360299e+01
6.810000000000000853e+01 6.760000000000000853e+01 6.785000000000000853e+01 1.201359949198591970e+01 1.242411306960166328e+01 7.871613845347193106e+00 1.076977546897825810e+01
6.780000000000001137e+01 6.650000000000000000e+01 6.715000000000000568e+01 1.069978098462833671e+01 1.234429966350201902e+01 8.722825807270032428e+00 1.058896881846679605e+01
6.710000000000000853e+01 6.820000000000000284e+01 6.765000000000000568e+01 1.176104861201998197e+01 1.265603545801724472e+01 8.058104684941227447e+00 1.082506291832615197e+01
6.760000000000000853e+01 6.620000000000000284e+01 6.690000000000000568e+01 1.105327482255380112e+01 1.241847335623992521e+01 8.590049690088296330e+00 1.068726595629400755e+01
6.780000000000001137e+01 6.919999999999998863e+01 6.850000000000000000e+01 1.079299787928219345e+01 1.265784605718740252e+01 8.184534225657479567e+00 1.054512605404235792e+01
6.889999999999999147e+01 6.730000000000001137e+01 6.809999999999999432e+01 1.175574645262220663e+01 1.237116664609516192e+01 1.001331187770121645e+01 1.138007499213952656e+01
6.720000000000000284e+01 6.840000000000000568e+01 6.780000000000001137e+01 1.105449441682100797e+01 1.236507206616361465e+01 8.017053400893134452e+00 1.047887329462591843e+01
6.770000000000000284e+01 6.760000000000000853e+01 6.765000000000000568e+01 1.084422179072297610e+01 1.257276787749558089e+01 7.909764405585153924e+00 1.044225135793456971e+01
6.770000000000000284e+01 6.679999999999999716e+01 6.725000000000000000e+01 1.065879756786849519e+01 1.541273424746335863e+01 8.574913224373350573e+00 1.154881501323506576e+01
6.800000000000000000e+01 6.670000000000000284e+01 6.734999999999999432e+01 1.076923191077224118e+01 1.494727256734742227e+01 8.704292112952265015e+00 1.147359886369064164e+01
6.620000000000000284e+01 6.650000000000000000e+01 6.634999999999999432e+01 1.223226427094818902e+01 1.235564225289384410e+01 1.067161317157039946e+01 1.175317323180414597e+01
6.870000000000000284e+01 6.670000000000000284e+01 6.770000000000000284e+01 1.068581205920056298e+01 1.321013356699823049e+01 8.747405692172721459e+00 1.088111710612383831e+01
6.679999999999999716e+01 6.629999999999999716e+01 6.654999999999999716e+01 1.262718898505573151e+01 1.338514834493105354e+01 8.293705849104558325e+00 1.143534772636378172e+01
6.929999999999999716e+01 6.740000000000000568e+01 6.834999999999999432e+01 1.208260589307757904e+01 1.238579381239076405e+01 7.994559512609914265e+00 1.082098640602608519e+01
6.850000000000000000e+01 6.700000000000000000e+01 6.775000000000000000e+01 1.274888149489685141e+01 1.290819040212580759e+01 9.511360255807932873e+00 1.172281071761019611e+01
6.740000000000000568e+01 6.690000000000000568e+01 6.715000000000000568e+01 1.292280948684897979e+01 1.469643935000345181e+01 8.190508303707837001e+00 1.193658571352008835e+01
6.800000000000000000e+01 6.590000000000000568e+01 6.695000000000000284e+01 1.133551819156081564e+01 1.287371744144443753e+01 8.493952840183434105e+00 1.090106282439622909e+01
6.889999999999999147e+01 6.600000000000000000e+01 6.744999999999998863e+01 1.066070193015632661e+01 1.285732475678551801e+01 8.126183204918605796e+00 1.054806996395348229e+01
6.629999999999999716e+01 6.650000000000000000e+01 6.640000000000000568e+01 1.126972728342239805e+01 1.253158419381236932e+01 1.632254392443119784e+01 1.337461846722198722e+01
6.670000000000000284e+01 6.670000000000000284e+01 6.670000000000000284e+01 1.062411930140283367e+01 1.272997817717907409e+01 8.209630696690824792e+00 1.052124272509090908e+01
6.720000000000000284e+01 6.529999999999999716e+01 6.625000000000000000e+01 1.062353132062454542e+01 1.366931665579614830e+01 7.953077327672850139e+00 1.074864176803118276e+01
6.710000000000000853e+01 6.600000000000000000e+01 6.655000000000001137e+01 1.088079196650642899e+01 1.270335911406321827e+01 7.921618127541238508e+00 1.050192306937029407e+01
6.780000000000001137e+01 6.820000000000000284e+01 6.800000000000000000e+01 1.110515600255823010e+01 1.235870022870509821e+01 1.026300753248592557e+01 1.124228792124974952e+01
6.770000000000000284e+01 6.820000000000000284e+01 6.795000000000000284e+01 1.115660498227446418e+01 1.432081221825758099e+01 7.982592121688377951e+00 1.115333644074014074e+01
6.900000000000000000e+01 6.529999999999999716e+01 6.715000000000000568e+01 1.351351080174822705e+01 1.235539857825930277e+01 8.265004267768768287e+00 1.137797121592543270e+01
6.879999999999999716e+01 6.640000000000000568e+01 6.759999999999999432e+01 1.087145385413164078e+01 1.290524115560744178e+01 7.868557171932094363e+00 1.054841739389039112e+01
