6.900000000000000000e+01 6.550000000000000000e+01 6.725000000000000000e+01 1.578271717878898173e+01 1.547385553197359620e+01 8.233163687183155943e+00 1.316324546598191070e+01
6.710000000000000853e+01 6.560000000000000853e+01 6.635000000000000853e+01 1.124427769952212230e+01 1.331395396902267692e+01 1.046508962846810498e+01 1.167444043233763473e+01
6.860000000000000853e+01 6.720000000000000284e+01 6.790000000000000568e+01 1.163638163992143504e+01 1.313151228059849984e+01 1.050214299660548178e+01 1.175667897237513948e+01
6.780000000000001137e+01 6.770000000000000284e+01 6.775000000000000000e+01 1.099210949365621737e+01 1.445490583629129944e+01 8.808780260630765468e+00 1.141859853019276194e+01
6.800000000000000000e+01 6.690000000000000568e+01 6.745000000000000284e+01 1.067141388399107349e+01 1.338524233062304525e+01 7.985490890312631151e+00 1.068071570164224937e+01
6.610000000000000853e+01 6.690000000000000568e+01 6.650000000000000000e+01 1.235656622974672025e+01 1.333201635740567426e+01 1.242168740899802692e+01 1.270342333205014107e+01
6.679999999999999716e+01 6.690000000000000568e+01 6.684999999999999432e+01 1.062301486981096943e+01 1.411477404284907600e+01 1.617415477039415705e+01 1.363731456101806749e+01
6.740000000000000568e+01 6.830000000000001137e+01 6.785000000000000853e+01 1.074438503455093930e+01 1.325143359004984056e+01 8.083106492439631197e+00 1.069297503901347035e+01
6.790000000000000568e+01 6.520000000000000284e+01 6.655000000000001137e+01 1.350582541026537342e+01 1.353381446624069362e+01 8.836165957511147084e+00 1.195860194467240412e+01
6.629999999999999716e+01 6.590000000000000568e+01 6.609999999999999432e+01 1.095718623653010582e+01 1.385286482666859520e+01 1.323041419311323708e+01 1.268015508543731151e+01
6.670000000000000284e+01 6.629999999999999716e+01 6.650000000000000000e+01 1.077896431835978852e+01 1.428258786432334304e+01 8.396451273005620664e+00 1.115266781856291800e+01
6.790000000000000568e+01 6.700000000000000000e+01 6.745000000000000284e+01 1.064319554778351495e+01 1.301692200559389789e+01 8.326381908202371562e+00 1.066216648719326088e+01
6.670000000000000284e+01 6.780000000000001137e+01 6.725000000000000000e+01 1.139089986467055127e+01 1.644830389599923492e+01 1.583349785050860703e+01 1.455756720372613167e+01
6.710000000000000853e+01 6.690000000000000568e+01 6.700000000000000000e+01 1.062832710004974679e+01 1.278478848080085406e+01 1.089717266687867259e+01 1.143676274924309233e+01
6.750000000000000000e+01 6.690000000000000568e+01 6.720000000000000284e+01 1.098163278153345956e+01 1.437381506473072434e+01 7.884525128442372299e+00 1.107999099156885059e+01
6.810000000000000853e+01 6.700000000000000000e+01 6.755000000000001137e+01 1.065166381311530053e+01 1.358396230465951326e+01 8.967226842537634468e+00 1.106761765343748216e+01
6.889999999999999147e+01 6.570000000000000284e+01 6.729999999999999716e+01 1.165454236531981991e+01 1.391574349465745364e+01 7.952860161348522361e+00 1.117438200710859952e+01
6.620000000000000284e+01 6.690000000000000568e+01 6.655000000000001137e+01 1.062897392682792486e+01 1.271368290904784004e+01 8.147338647210776941e+00 1.049666516102884728e+01
6.740000000000000568e+01 6.760000000000000853e+01 6.750000000000000000e+01 1.068109266381131128e+01 1.402511616141737250e+01 8.385208686860446292e+00 1.103047250402971002e+01
6.700000000000000000e+01 6.520000000000000284e+01 6.609999999999999432e+01 1.219103908064077935e+01 1.357136572412578701e+01 9.955113505657374517e+00 1.190583943680798029e+01
6.640000000000000568e+01 6.860000000000000853e+01 6.750000000000000000e+01 1.241993244517372297e+01 1.287370499482358177e+01 7.943105477925111124e+00 1.107891430597413773e+01
6.570000000000000284e+01 6.730000000000001137e+01 6.650000000000000000e+01 1.140912864674677785e+01 1.270993164049835400e+01 1.119951030005330317e+01 1.177285686243281226e+01
6.790000000000000568e+01 6.690000000000000568e+01 6.740000000000000568e+01 1.186982759010517441e+01 1.265860669811705819e+01 8.367547687620355390e+00 1.096532732528086207e+01
6.550000000000000000e+01 6.730000000000001137e+01 6.640000000000000568e+01 1.085808568903388327e+01 1.265322832354868154e+01 1.183505790791740608e+01 1.178212397349999208e+01
6.780000000000001137e+01 6.510000000000000853e+01 6.645000000000001705e+01 1.266587935519212138e+01 1.268290707302388221e+01 8.340658620765443843e+00 1.122981501632714973e+01
6.840000000000000568e+01 6.710000000000000853e+01 6.775000000000000000e+01 1.212692985575810489e+01 1.267554063151460930e+01 7.869781441966369862e+00 1.089075064307969321e+01
6.800000000000000000e+01 6.700000000000000000e+01 6.750000000000000000e+01 1.097686433068583334e+01 1.279101226411376047e+01 1.495634897106042338e+01 1.290807518862000514e+01
6.700000000000000000e+01 6.810000000000000853e+01 6.755000000000001137e+01 1.167234039817892999e+01 1.271256244922779288e+01 8.531008223019631131e+00 1.097197035680878408e+01
6.579999999999999716e+01 6.770000000000000284e+01 6.675000000000000000e+01 1.495280505319706776e+01 1.557948713995062384e+01 8.017013704016328290e+00 1.284976863238800604e+01
6.860000000000000853e+01 6.420000000000000284e+01 6.640000000000000568e+01 1.062423327246931670e+01 1.361669951010046908e+01 9.076267532737592347e+00 1.110573343843579153e+01
6.730000000000001137e+01 6.650000000000000000e+01 6.690000000000000568e+01 1.065226599657180451e+01 1.524048431261437386e+01 8.592191371508233644e+00 1.149498056023147008e+01
6.579999999999999716e+01 6.730000000000001137e+01 6.655000000000001137e+01 1.172119295652985649e+01 1.371256234627894166e+01 9.665739244266662311e+00 1.169983151569181956e+01
6.780000000000001137e+01 7.070000000000000284e+01 6.925000000000000000e+01 1.181081315459369030e+01 1.387659556976017861e+01 8.043326529580740569e+00 1.124357841797820434e+01
6.810000000000000853e+01 6.529999999999999716e+01 6.670000000000000284e+01 1.150041876520568351e+01 1.270126312875528818e+01 8.076608608087450847e+00 1.075943016734947300e+01
6.660000000000000853e+01 6.810000000000000853e+01 6.735000000000000853e+01 1.064969605827330135e+01 1.269848117630631457e+01 7.919568289210525691e+00 1.042258184126337994e+01
6.730000000000001137e+01 6.640000000000000568e+01 6.685000000000000853e+01 1.082463223226321958e+01 1.271294411099017907e+01 7.870100650263998965e+00 1.046922566450579950e+01
6.650000000000000000e+01 6.700000000000000000e+01 6.675000000000000000e+01 1.219290527221884446e+01 1.295810604518267617e+01 1.084179116376058616e+01 1.199760082705403441e+01
6.600000000000000000e+01 6.610000000000000853e+01 6.605000000000001137e+01 1.096195910442961718e+01 1.281600392547126432e+01 8.922794958932618314e+00 1.090025266294450113e+01
6.570000000000000284e+01 6.579999999999999716e+01 6.575000000000000000e+01 1.070425171996640046e+01 1.269729389960576604e+01 8.288097124070135990e+00 1.056321424788076691e+01
6.740000000000000568e+01 6.620000000000000284e+01 6.680000000000001137e+01 1.137142532628146263e+01 1.534927529139958047e+01 7.966645569008703909e+00 1.156244872889658204e+01
6.830000000000001137e+01 6.570000000000000284e+01 6.700000000000000000e+01 1.425287544874168155e+01 1.789570711570930683e+01 7.870084299856840104e+00 1.333955562143594342e+01
6.760000000000000853e+01 6.629999999999999716e+01 6.695000000000000284e+01 1.069514599761880547e+01 1.299074861047746410e+01 1.720662075089783016e+01 1.363083845299803443e+01
6.720000000000000284e+01 6.640000000000000568e+01 6.680000000000001137e+01 1.062476354513733767e+01 1.336822574494941129e+01 9.396070722379445073e+00 1.112968667082206231e+01
6.629999999999999716e+01 6.700000000000000000e+01 6.665000000000000568e+01 1.186416626041916800e+01 1.326867175694206935e+01 7.887175903927107434e+00 1.100667130709611463e+01
6.720000000000000284e+01 6.959999999999999432e+01 6.840000000000000568e+01 1.354697944742662763e+01 1.343791196689585377e+01 1.083447121685913750e+01 1.260645421039387237e+01
6.690000000000000568e+01 6.730000000000001137e+01 6.710000000000000853e+01 1.062483145233644954e+01 1.772448054345970192e+01 8.537012415881779503e+00 1.229544147055931091e+01
6.969999999999998863e+01 6.620000000000000284e+01 6.794999999999998863e+01 1.071206017497110174e+01 1.331626572896285943e+01 8.479662907490773449e+00 1.083599627047491332e+01
6.670000000000000284e+01 6.490000000000000568e+01 6.580000000000001137e+01 1.677205968393352720e+01 1.717020306025871790e+01 8.506107637157905188e+00 1.414945679378338461e+01
6.780000000000001137e+01 6.870000000000000284e+01 6.825000000000000000e+01 1.062953586419944685e+01 1.943569044852014116e+01 8.207173317783741595e+00 1.275746654350110987e+01
6.820000000000000284e+01 6.679999999999999716e+01 6.750000000000000000e+01 1.082345804370913456e+01 1.605432688476917136e+01 8.721759568270002205e+00 1.186651483224943604e+01
6.700000000000000000e+01 6.730000000000001137e+01 6.715000000000000568e+01 1.202273468534213663e+01 1.448185012385380865e+01 9.611884349700035912e+00 1.203882305296532707e+01
6.710000000000000853e+01 6.720000000000000284e+01 6.715000000000000568e+01 1.161780688775720982e+01 1.409232565778823520e+01 8.467607595152093936e+00 1.139258004689917847e+01
6.690000000000000568e+01 6.790000000000000568e+01 6.740000000000000568e+01 1.159609475018305247e+01 1.310423960311762848e+01 9.472275678274428401e+00 1.139087001052503645e+01
6.720000000000000284e+01 6.529999999999999716e+01 6.625000000000000000e+01 1.236846651037676104e+01 1.271065483658501627e+01 9.457955647706191016e+00 1.151235899822265729e+01
6.730000000000001137e+01 6.600000000000000000e+01 6.665000000000000568e+01 1.088003163272468399e+01 1.346379211881393267e+01 8.018919240575868912e+00 1.078758099737149401e+01
6.720000000000000284e+01 6.760000000000000853e+01 6.740000000000000568e+01 1.062992626924893358e+01 1.287924911948006823e+01 8.480795393062850351e+00 1.066332359393061857e+01
6.909999999999999432e+01 6.670000000000000284e+01 6.790000000000000568e+01 1.108447267818979931e+01 1.285879928944874351e+01 8.762276706646167312e+00 1.090184955809490397e+01
6.679999999999999716e+01 6.510000000000000853e+01 6.595000000000000284e+01 1.111058327542022894e+01 1.330747179692970050e+01 8.224927694775974629e+00 1.088099425570863410e+01
6.710000000000000853e+01 6.770000000000000284e+01 6.740000000000000568e+01 1.201957454719055285e+01 1.371602504950420176e+01 7.984473828883027480e+00 1.124002447519259285e+01
6.740000000000000568e+01 6.560000000000000853e+01 6.650000000000000000e+01 1.064983082142945925e+01 1.314651197628144175e+01 1.171297419289366282e+01 1.183643899686818735e+01
6.640000000000000568e+01 6.870000000000000284e+01 6.755000000000001137e+01 1.174866989667402883e+01 1.266514821027396565e+01 7.868733245902018503e+00 1.076085045095000403e+01
6.579999999999999716e+01 6.560000000000000853e+01 6.570000000000000284e+01 1.128777958615328281e+01 1.266012173899900262e+01 1.388344400599760853e+01 1.261044844371663309e+01
6.700000000000000000e+01 6.560000000000000853e+01 6.630000000000001137e+01 1.091706616035151711e+01 1.265441284697280366e+01 8.415979918830862161e+00 1.066248630871839431e+01
6.740000000000000568e+01 6.650000000000000000e+01 6.695000000000000284e+01 1.222905737422331818e+01 1.366582082592184477e+01 9.217795354233894400e+00 1.170422451812635245e+01
6.610000000000000853e+01 6.409999999999999432e+01 6.509999999999999432e+01 1.147010763490406049e+01 1.270064315217524786e+01 1.474011636038160233e+01 1.297028904915363512e+01
6.670000000000000284e+01 6.650000000000000000e+01 6.659999999999999432e+01 1.205306379360739299e+01 1.274424603829041125e+01 8.161032914733366894e+00 1.098611424887705823e+01
6.870000000000000284e+01 6.629999999999999716e+01 6.750000000000000000e+01 1.116357248373213551e+01 1.292079741640744217e+01 8.904572581444623935e+00 1.099631416052806721e+01
6.629999999999999716e+01 6.690000000000000568e+01 6.659999999999999432e+01 1.070918183483413344e+01 1.269204811168103930e+01 9.305744133730408763e+00 1.090232469341519383e+01
6.679999999999999716e+01 6.690000000000000568e+01 6.684999999999999432e+01 1.130401201447529935e+01 1.266479487242270174e+01 7.870199408140774899e+00 1.061300209834625896e+01
6.679999999999999716e+01 6.570000000000000284e+01 6.625000000000000000e+01 1.071516002487939900e+01 1.975066494571670717e+01 8.841781486885686547e+00 1.310253548582726602e+01
6.810000000000000853e+01 6.670000000000000284e+01 6.740000000000000568e+01 1.069122214659775949e+01 1.411793560042102236e+01 8.278090270903971870e+00 1.102908267264091791e+01
6.660000000000000853e+01 6.710000000000000853e+01 6.685000000000000853e+01 1.298771986918186805e+01 1.821346287052400115e+01 9.093819479848882281e+00 1.343166740651825108e+01
6.740000000000000568e+01 6.830000000000001137e+01 6.785000000000000853e+01 1.079375020776835470e+01 1.701943220061497897e+01 1.036115712370110842e+01 1.272477984402814855e+01
6.720000000000000284e+01 6.770000000000000284e+01 6.745000000000000284e+01 1.408110293195850282e+01 1.359060994534075562e+01 1.265905155429362594e+01 1.344358814386429479e+01
6.610000000000000853e+01 6.860000000000000853e+01 6.735000000000000853e+01 1.285129072248778215e+01 1.266848752423527813e+01 8.134853813914855181e+00 1.121821068687930456e+01
6.670000000000000284e+01 6.650000000000000000e+01 6.659999999999999432e+01 1.194959790121073340e+01 1.342033602874104581e+01 1.286522946367264275e+01 1.274505446454147339e+01
6.720000000000000284e+01 6.650000000000000000e+01 6.684999999999999432e+01 1.090718947402148942e+01 1.321967615229842430e+01 1.255524945910001833e+01 1.222737169513997735e+01
6.810000000000000853e+01 6.470000000000000284e+01 6.640000000000000568e+01 1.149112615035927298e+01 1.266241961756046841e+01 8.039758615653330054e+00 1.073110146119102382e+01
6.780000000000001137e+01 6.850000000000000000e+01 6.815000000000000568e+01 1.119204411250497522e+01 1.567665215339631146e+01 1.607726196077273428e+01 1.431531940889134091e+01
6.560000000000000853e+01 6.690000000000000568e+01 6.625000000000000000e+01 1.069145206945025883e+01 1.297222291869495692e+01 7.913299994658210323e+00 1.052565832760114262e+01
6.700000000000000000e+01 6.610000000000000853e+01 6.655000000000001137e+01 1.187451711272160182e+01 1.268800944932969088e+01 9.723591535946111364e+00 1.142870603266580076e+01
6.770000000000000284e+01 6.620000000000000284e+01 6.695000000000000284e+01 1.063107913776676305e+01 1.291844032735338743e+01 7.891054213396091477e+00 1.048019122617207977e+01
6.740000000000000568e+01 6.780000000000001137e+01 6.760000000000000853e+01 1.063912542729486610e+01 1.380398115201151654e+01 8.524615736940477362e+00 1.098924077208228489e+01
6.529999999999999716e+01 6.640000000000000568e+01 6.584999999999999432e+01 1.898620116732044494e+01 1.391022150057569995e+01 8.794546872921063851e+00 1.389698984693906958e+01
6.700000000000000000e+01 6.570000000000000284e+01 6.634999999999999432e+01 1.101823372764894948e+01 1.506987389343084160e+01 7.881015288924661633e+00 1.132304097000148602e+01
6.810000000000000853e+01 6.710000000000000853e+01 6.760000000000000853e+01 1.103338090343168254e+01 1.356955385084692445e+01 1.238769598674045014e+01 1.233021024700635415e+01
6.860000000000000853e+01 6.590000000000000568e+01 6.725000000000000000e+01 1.069939315955026871e+01 1.265387907899835440e+01 9.350237406773210580e+00 1.090116988177394397e+01
6.790000000000000568e+01 6.889999999999999147e+01 6.840000000000000568e+01 1.062483885474614986e+01 1.281652787319087494e+01 7.877946447854903056e+00 1.043977105859730869e+01
6.610000000000000853e+01 6.760000000000000853e+01 6.685000000000000853e+01 1.182503125379989761e+01 1.378888060164974760e+01 8.255277667410435782e+00 1.128972984095336152e+01
6.700000000000000000e+01 6.579999999999999716e+01 6.640000000000000568e+01 1.068056242195871164e+01 1.278712386826746972e+01 1.511762226527725339e+01 1.286176951850114669e+01
6.780000000000001137e+01 6.860000000000000853e+01 6.820000000000001705e+01 1.366971691919955312e+01 1.517854919019060489e+01 7.869419977809672062e+00 1.223922869573327610e+01
6.879999999999999716e+01 6.820000000000000284e+01 6.850000000000000000e+01 1.256735402001682900e+01 1.297813085837226943e+01 1.158935282820272228e+01 1.237827923553060572e+01
6.590000000000000568e+01 6.600000000000000000e+01 6.595000000000000284e+01 1.223392621898199373e+01 1.325995816842543107e+01 7.954825482135037262e+00 1.114956995651415461e+01
6.610000000000000853e+01 6.660000000000000853e+01 6.635000000000000853e+01 1.206286183807188905e+01 1.273384265504905244e+01 7.910488271637095004e+00 1.090239758825267735e+01
6.640000000000000568e+01 6.640000000000000568e+01 6.640000000000000568e+01 1.152569223751036098e+01 1.333359077539161319e+01 9.488616362640739155e+00 1.144929979184757229e+01
6.909999999999999432e+01 6.670000000000000284e+01 6.790000000000000568e+01 1.092659593515352157e+01 1.417458615447120351e+01 7.978517264795789821e+00 1.102656645147350467e+01
6.730000000000001137e+01 6.750000000000000000e+01 6.740000000000000568e+01 1.172086426291391525e+01 1.458869268524591867e+01 9.059127571090565212e+00 1.178956150641680090e+01
6.720000000000000284e+01 6.550000000000000000e+01 6.634999999999999432e+01 1.122978604428814720e+01 1.270894543904581653e+01 8.802253982561520473e+00 1.091366182196516199e+01
6.810000000000000853e+01 6.620000000000000284e+01 6.715000000000000568e+01 1.131228076710556962e+01 1.291837548019699788e+01 7.907807779881837362e+00 1.071282134239480222e+01
6.909999999999999432e+01 6.720000000000000284e+01 6.815000000000000568e+01 1.066130951230698720e+01 1.266960824182762124e+01 1.276106995925351839e+01 1.203066257112937620e+01
