6.620000000000000284e+01 7.289999999999999147e+01 6.954999999999999716e+01 8.065409099021325190e+00 9.864984939885813375e+00 6.658244510967427310e+00 8.196212849958188329e+00
6.189999999999999858e+01 7.079999999999999716e+01 6.634999999999999432e+01 9.668099489905731758e+00 1.017435141296951429e+01 2.293736114313879426e+01 1.425993734867134854e+01
6.879999999999999716e+01 7.120000000000000284e+01 7.000000000000000000e+01 1.060008351866669862e+01 1.052469089372939592e+01 1.137041452962072796e+01 1.083172964733894084e+01
6.950000000000000000e+01 6.679999999999999716e+01 6.815000000000000568e+01 1.188779403507268206e+01 1.110297162035593921e+01 8.830344664823751799e+00 1.060703677341745710e+01
7.000000000000000000e+01 6.919999999999998863e+01 6.959999999999999432e+01 8.852694841874757969e+00 1.063820809617649843e+01 6.183459207567302052e+00 8.558120715206186446e+00
7.179999999999999716e+01 6.510000000000000853e+01 6.845000000000000284e+01 1.692276323985419495e+01 1.091278037185836958e+01 7.224416046138914638e+00 1.168665321928382639e+01
7.100000000000000000e+01 6.909999999999999432e+01 7.004999999999999716e+01 9.558244383145709122e+00 1.403978199382478564e+01 1.121125066706611939e+01 1.160309234801220413e+01
6.830000000000001137e+01 7.009999999999999432e+01 6.920000000000000284e+01 9.151040432068974440e+00 9.746886114053289418e+00 1.103422518092415494e+01 9.977383909015472341e+00
6.409999999999999432e+01 6.929999999999999716e+01 6.669999999999998863e+01 8.171433063375774353e+00 1.805365520184833272e+01 5.987696343951156130e+00 1.073759486972508803e+01
6.620000000000000284e+01 7.100000000000000000e+01 6.859999999999999432e+01 1.021255889791726190e+01 9.403089670905760755e+00 2.238185202203314006e+01 1.399916686361872031e+01
7.029999999999999716e+01 6.969999999999998863e+01 7.000000000000000000e+01 9.171153580367516156e+00 1.147816425411911823e+01 6.811864117172480526e+00 9.153727317219704673e+00
6.360000000000000142e+01 6.870000000000000284e+01 6.615000000000000568e+01 1.007933508058621186e+01 1.155670466952017605e+01 2.509173732967208181e+01 1.557592569325949050e+01
6.840000000000000568e+01 7.159999999999999432e+01 7.000000000000000000e+01 1.029149645108740252e+01 1.183266584877299898e+01 9.096577449023390827e+00 1.040691324962793196e+01
6.909999999999999432e+01 7.000000000000000000e+01 6.954999999999999716e+01 9.850313716167843126e+00 1.045410612741451395e+01 1.723262659052072365e+01 1.251234881136769417e+01
6.339999999999999858e+01 7.059999999999999432e+01 6.700000000000000000e+01 8.515631516933805045e+00 1.354030602386065674e+01 2.432515099890986576e+01 1.546036284656810800e+01
6.550000000000000000e+01 6.840000000000000568e+01 6.695000000000000284e+01 8.406160939102079510e+00 1.264934408452231551e+01 9.432327314017163289e+00 1.016261077921385159e+01
7.009999999999999432e+01 6.989999999999999147e+01 7.000000000000000000e+01 8.053361135135192583e+00 1.137991463252878255e+01 8.392230546676779923e+00 9.275168771446919536e+00
6.879999999999999716e+01 7.009999999999999432e+01 6.944999999999998863e+01 1.126920753417528864e+01 1.201886508715899282e+01 5.667421371369075089e+00 9.651831330901117667e+00
6.800000000000000000e+01 6.770000000000000284e+01 6.784999999999999432e+01 1.047618302676967339e+01 1.630963503839118900e+01 9.827360081175498863e+00 1.220439271544545257e+01
6.310000000000000142e+01 6.889999999999999147e+01 6.600000000000000000e+01 1.112023417135327108e+01 1.081108976431982427e+01 2.370914410475950973e+01 1.521348934681086895e+01
6.579999999999999716e+01 6.650000000000000000e+01 6.615000000000000568e+01 8.503629385359989357e+00 1.208896468765362009e+01 9.101285905328605708e+00 9.897959992780737792e+00
6.820000000000000284e+01 6.770000000000000284e+01 6.795000000000000284e+01 1.000793743628609356e+01 9.874759543823733665e+00 1.271126986493324651e+01 1.086465561501435673e+01
6.660000000000000853e+01 7.150000000000000000e+01 6.905000000000001137e+01 1.147016601231099209e+01 9.698623071231825321e+00 1.007900586808907484e+01 1.041593165054396586e+01
6.750000000000000000e+01 6.889999999999999147e+01 6.819999999999998863e+01 1.368238293452780852e+01 1.116737892038211122e+01 2.337551345141996961e+01 1.607509176877663037e+01
7.139999999999999147e+01 6.830000000000001137e+01 6.984999999999999432e+01 1.151351545006701294e+01 1.170425598146115043e+01 6.705427584666383112e+00 9.974399672064848232e+00
6.950000000000000000e+01 7.089999999999999147e+01 7.019999999999998863e+01 7.146007077777172256e+00 1.019714399010217321e+01 8.252435516569425644e+00 8.531862194816257627e+00
6.229999999999999716e+01 6.730000000000001137e+01 6.480000000000001137e+01 9.651742377894011682e+00 1.085278835042700152e+01 2.082763068003115592e+01 1.377738713611739030e+01
7.019999999999998863e+01 6.810000000000000853e+01 6.915000000000000568e+01 9.402244799468423508e+00 1.583276868042769436e+01 8.552416229164130357e+00 1.126247656968674882e+01
6.600000000000000000e+01 6.760000000000000853e+01 6.680000000000001137e+01 1.629896094102619486e+01 1.348488028098516445e+01 8.880775255197132623e+00 1.288820549240283242e+01
6.320000000000000284e+01 7.270000000000000284e+01 6.795000000000000284e+01 1.004482907169578709e+01 1.086885594485042006e+01 2.455766179017762241e+01 1.515711560224127652e+01
6.179999999999999716e+01 7.300000000000000000e+01 6.740000000000000568e+01 9.582050116777891091e+00 2.732997192590062951e+01 2.290619850697291682e+01 1.993940684988381307e+01
7.089999999999999147e+01 7.129999999999999716e+01 7.109999999999999432e+01 1.055796564195994769e+01 1.611950688035105728e+01 8.487430365514159192e+00 1.172163429594172079e+01
7.029999999999999716e+01 6.670000000000000284e+01 6.850000000000000000e+01 1.332048157343980144e+01 1.217386352786035530e+01 7.876341287013740811e+00 1.112356212943796585e+01
6.760000000000000853e+01 6.820000000000000284e+01 6.790000000000000568e+01 8.394180023821654402e+00 1.244727697168722180e+01 6.828220232834211423e+00 9.223225742781030689e+00
7.029999999999999716e+01 6.790000000000000568e+01 6.909999999999999432e+01 1.095513915361454238e+01 1.042525833623561482e+01 7.002897479742721920e+00 9.461098323197626669e+00
6.570000000000000284e+01 6.919999999999998863e+01 6.744999999999998863e+01 1.144657853287028892e+01 1.192154452105857665e+01 7.696779513742452394e+00 1.035496752255710540e+01
6.310000000000000142e+01 6.950000000000000000e+01 6.629999999999999716e+01 8.422866533705722247e+00 1.248891737090954912e+01 2.612274188477983117e+01 1.567817526313170085e+01
6.420000000000000284e+01 7.000000000000000000e+01 6.709999999999999432e+01 1.045125696659037651e+01 1.357368469646309528e+01 2.385914700879635930e+01 1.596136289061661095e+01
6.239999999999999858e+01 7.139999999999999147e+01 6.689999999999999147e+01 9.852248673746581531e+00 8.685642246792911081e+00 2.168563031620321269e+01 1.340784041224756784e+01
6.129999999999999716e+01 6.860000000000000853e+01 6.495000000000000284e+01 9.701854968044496985e+00 9.917339328870273363e+00 2.186467361611005344e+01 1.382795597100827401e+01
7.129999999999999716e+01 7.089999999999999147e+01 7.109999999999999432e+01 8.693453357223386746e+00 1.028652875267496469e+01 9.206674093656994629e+00 9.395552067851781430e+00
7.000000000000000000e+01 6.320000000000000284e+01 6.659999999999999432e+01 1.022090033435305401e+01 1.087862162679779665e+01 6.242223557183637972e+00 9.113915172778161988e+00
6.089999999999999858e+01 7.070000000000000284e+01 6.579999999999999716e+01 1.129057606287471671e+01 1.163691856561420579e+01 2.275697169362387129e+01 1.522815544070426519e+01
6.989999999999999147e+01 6.409999999999999432e+01 6.700000000000000000e+01 1.174995189948961816e+01 1.364226433547459116e+01 1.138639914617475846e+01 1.225953846037965711e+01
5.900000000000000000e+01 7.100000000000000000e+01 6.500000000000000000e+01 8.394434934414332972e+00 9.830582390325695030e+00 2.434061298204008494e+01 1.418854343559337217e+01
6.989999999999999147e+01 6.620000000000000284e+01 6.804999999999999716e+01 9.100416630725501221e+00 1.173796843269187740e+01 8.507022901492927502e+00 9.781802654970102040e+00
7.029999999999999716e+01 6.979999999999999716e+01 7.004999999999999716e+01 1.009884220510603114e+01 9.994716490663591912e+00 5.886604119833995341e+00 8.660054271867872799e+00
6.820000000000000284e+01 6.679999999999999716e+01 6.750000000000000000e+01 8.591211649442302090e+00 1.113062355956845906e+01 8.139570574084013188e+00 9.287135261031592037e+00
6.520000000000000284e+01 7.209999999999999432e+01 6.865000000000000568e+01 1.083215743643087237e+01 1.043028152206307624e+01 3.494909057610585990e+01 1.873717651153326713e+01
6.760000000000000853e+01 6.400000000000000000e+01 6.580000000000001137e+01 1.033321183808595478e+01 1.038544719981658737e+01 1.132166959436179532e+01 1.068010954408811131e+01
6.730000000000001137e+01 6.919999999999998863e+01 6.825000000000000000e+01 8.352129051627480649e+00 9.697489857113582801e+00 7.484874130927226865e+00 8.511497679889430401e+00
6.700000000000000000e+01 6.640000000000000568e+01 6.670000000000000284e+01 9.607875017956491348e+00 1.323938177830313023e+01 6.740407788993227456e+00 9.862554861750949087e+00
6.670000000000000284e+01 7.019999999999998863e+01 6.844999999999998863e+01 8.680069727791092760e+00 1.069574254280331793e+01 7.786509982542940911e+00 9.054107417712449646e+00
6.670000000000000284e+01 7.100000000000000000e+01 6.884999999999999432e+01 1.206363449025509027e+01 1.190088832973879462e+01 2.329664421325697532e+01 1.575372234441695163e+01
6.840000000000000568e+01 6.879999999999999716e+01 6.859999999999999432e+01 1.085165796881167921e+01 1.066498266029583597e+01 1.131349571281319655e+01 1.094337878064023606e+01
6.679999999999999716e+01 6.989999999999999147e+01 6.834999999999999432e+01 9.397147626640375506e+00 9.404720130805534595e+00 8.234204228438205320e+00 9.012023995294706324e+00
6.670000000000000284e+01 6.900000000000000000e+01 6.784999999999999432e+01 1.829672376696968072e+01 1.284687147513025884e+01 1.009165242499583748e+01 1.374508255569859294e+01
6.429999999999999716e+01 7.340000000000000568e+01 6.884999999999999432e+01 9.557654695241261322e+00 1.516238164367493546e+01 2.605034979799102501e+01 1.692346204563574119e+01
6.959999999999999432e+01 6.560000000000000853e+01 6.759999999999999432e+01 1.063931256458420016e+01 8.665832838506087654e+00 1.318504746161142727e+01 1.083006428823390443e+01
6.919999999999998863e+01 7.009999999999999432e+01 6.964999999999999147e+01 1.380092656437774323e+01 1.095045927095620542e+01 5.924036426065253380e+00 1.022514075379973342e+01
6.009999999999999432e+01 7.220000000000000284e+01 6.615000000000000568e+01 1.355359981338592767e+01 1.580478492490822795e+01 2.594785743478423967e+01 1.843541405769279962e+01
7.189999999999999147e+01 6.959999999999999432e+01 7.075000000000000000e+01 1.185468981410748235e+01 1.062998318320446955e+01 7.615552423244147384e+00 1.003340847351869947e+01
6.100000000000000000e+01 6.870000000000000284e+01 6.484999999999999432e+01 1.133459755175632822e+01 9.421254797265934400e+00 1.230077797518362104e+01 1.101887677473529514e+01
7.050000000000000000e+01 7.170000000000000284e+01 7.109999999999999432e+01 1.008092771638467333e+01 1.063095462594437635e+01 8.555343930262953478e+00 9.755742090864000460e+00
6.889999999999999147e+01 6.909999999999999432e+01 6.900000000000000000e+01 1.071369004431679350e+01 1.230245389616422358e+01 9.451790627543044110e+00 1.082264485600802040e+01
6.270000000000000284e+01 7.189999999999999147e+01 6.729999999999999716e+01 7.896748193435072949e+00 1.376331728934946597e+01 3.204957618297277833e+01 1.790321388858577123e+01
6.850000000000000000e+01 7.009999999999999432e+01 6.929999999999999716e+01 1.009139223584064204e+01 1.021883425773971155e+01 9.479937275026239618e+00 9.930054589535529885e+00
7.100000000000000000e+01 6.730000000000001137e+01 6.915000000000000568e+01 8.258391842394029680e+00 1.168310597839695930e+01 8.437974027537018529e+00 9.459823949442670354e+00
6.790000000000000568e+01 7.189999999999999147e+01 6.990000000000000568e+01 9.658519323828265613e+00 1.465943269076403688e+01 8.560159838807832600e+00 1.095937061780004562e+01
7.019999999999998863e+01 6.850000000000000000e+01 6.934999999999999432e+01 8.872505102681179423e+00 1.096625920858715553e+01 6.994167453837474291e+00 8.944310588368603376e+00
5.989999999999999858e+01 7.120000000000000284e+01 6.554999999999999716e+01 9.124963900538046957e+00 1.432848851809666790e+01 2.926428584438406233e+01 1.757257942100625669e+01
6.139999999999999858e+01 6.979999999999999716e+01 6.559999999999999432e+01 1.032823401305478050e+01 1.031748791259230380e+01 2.505119881823371131e+01 1.523230691462693187e+01
6.160000000000000142e+01 6.830000000000001137e+01 6.495000000000000284e+01 8.047019367720514182e+00 1.079521117364908989e+01 2.381189647569097900e+01 1.421804233902019377e+01
6.840000000000000568e+01 7.079999999999999716e+01 6.959999999999999432e+01 8.607670096755690281e+00 9.370924523093492553e+00 1.037194357452739624e+01 9.450179398125525765e+00
6.840000000000000568e+01 6.409999999999999432e+01 6.625000000000000000e+01 9.999213696720682165e+00 9.959028113717895536e+00 6.391202789636790449e+00 8.783148200025122421e+00
6.790000000000000568e+01 6.830000000000001137e+01 6.810000000000000853e+01 7.568922690693709043e+00 1.196097205660704432e+01 1.083493037384593727e+01 1.012160837371556177e+01
6.840000000000000568e+01 6.879999999999999716e+01 6.859999999999999432e+01 9.254093487042048594e+00 1.052204945638485967e+01 5.393579606193905640e+00 8.389907516540271004e+00
6.690000000000000568e+01 6.200000000000000000e+01 6.445000000000000284e+01 1.090895224782120465e+01 1.010783786562539355e+01 8.102067371924141170e+00 9.706285828456913123e+00
6.909999999999999432e+01 6.820000000000000284e+01 6.865000000000000568e+01 1.162352571933789491e+01 9.429395345793697203e+00 9.241771088867841044e+00 1.009823071799981165e+01
6.700000000000000000e+01 6.870000000000000284e+01 6.784999999999999432e+01 9.323122787385857535e+00 1.223531296988903883e+01 8.432025315858066250e+00 9.996820357710987537e+00
6.870000000000000284e+01 6.760000000000000853e+01 6.815000000000000568e+01 9.805217094575596093e+00 1.032247955133477291e+01 1.034935663750589718e+01 1.015901776113875599e+01
6.339999999999999858e+01 7.170000000000000284e+01 6.754999999999999716e+01 1.102052784359606186e+01 1.066630823744598366e+01 2.537018724292480698e+01 1.568567444132228417e+01
6.520000000000000284e+01 6.989999999999999147e+01 6.754999999999999716e+01 8.806692255809455361e+00 1.633566539992539290e+01 7.060883480295741421e+00 1.073441371201019656e+01
6.909999999999999432e+01 7.059999999999999432e+01 6.984999999999999432e+01 9.609371811918991924e+00 1.182006674293354820e+01 7.593297188134302544e+00 9.674245247662279112e+00
6.939999999999999147e+01 6.909999999999999432e+01 6.925000000000000000e+01 9.923869090734941167e+00 1.275768135742073817e+01 8.622741428677018760e+00 1.043476395894423270e+01
6.560000000000000853e+01 6.189999999999999858e+01 6.375000000000000000e+01 9.408846595257077894e+00 1.080951767097290883e+01 2.907445787446214069e+01 1.643094071356404129e+01
6.710000000000000853e+01 6.879999999999999716e+01 6.795000000000000284e+01 9.663994448529029668e+00 1.100500885052994171e+01 6.999958404657946609e+00 9.222987234572306292e+00
6.800000000000000000e+01 6.790000000000000568e+01 6.795000000000000284e+01 1.323410539384428120e+01 1.211702167262218666e+01 6.746099677616092194e+00 1.069907558136085335e+01
7.129999999999999716e+01 6.660000000000000853e+01 6.895000000000000284e+01 1.031005861761727793e+01 9.838860354230881455e+00 6.457557544944947381e+00 8.868825505597703440e+00
7.220000000000000284e+01 6.919999999999998863e+01 7.069999999999998863e+01 9.243063875019140951e+00 1.112956720450480219e+01 9.461724664431972798e+00 9.944785247985304721e+00
7.100000000000000000e+01 6.879999999999999716e+01 6.990000000000000568e+01 8.914945474443719320e+00 9.943031565983439179e+00 7.706241183207272805e+00 8.854739407878144064e+00
6.560000000000000853e+01 6.850000000000000000e+01 6.705000000000001137e+01 1.097811229618922013e+01 9.255602955640769736e+00 8.145693851571204291e+00 9.459803034467064720e+00
6.979999999999999716e+01 6.889999999999999147e+01 6.934999999999999432e+01 9.129785223312186559e+00 1.092264181409056611e+01 7.971352277124974073e+00 9.341259771509241361e+00
6.959999999999999432e+01 6.969999999999998863e+01 6.964999999999999147e+01 1.077889014231724119e+01 1.014192325348053991e+01 8.332778716520749640e+00 9.751197370772842987e+00
6.740000000000000568e+01 6.850000000000000000e+01 6.795000000000000284e+01 1.474311415669432002e+01 1.200718367954950239e+01 6.812102167347617865e+00 1.118746666786381461e+01
6.820000000000000284e+01 7.270000000000000284e+01 7.045000000000000284e+01 1.175567864334016299e+01 1.235101095670465199e+01 7.150057463558230353e+00 1.041891568786768296e+01
6.400000000000000000e+01 6.860000000000000853e+01 6.630000000000001137e+01 1.100434028582707136e+01 1.111479222559031754e+01 2.755269253861433043e+01 1.655727501667724155e+01
6.720000000000000284e+01 6.720000000000000284e+01 6.720000000000000284e+01 1.034932149065071449e+01 9.995905789218266335e+00 6.423236418424854932e+00 8.922821232764611921e+00
6.050000000000000000e+01 7.179999999999999716e+01 6.615000000000000568e+01 9.349486806406764217e+00 1.263262592165303388e+01 2.477720571371238378e+01 1.558643948059072670e+01
6.900000000000000000e+01 6.909999999999999432e+01 6.904999999999999716e+01 7.869499652158053138e+00 1.311304768663601195e+01 9.937834141824364309e+00 1.030679382687280921e+01
