6.700000000000000000e+01 6.790000000000000568e+01 6.745000000000000284e+01 1.121960860301921237e+01 1.327444848506142172e+01 1.154019776855959201e+01 1.201141828554674085e+01
6.640000000000000568e+01 6.579999999999999716e+01 6.609999999999999432e+01 1.071193333734966657e+01 1.267369531508678548e+01 8.258267295961450927e+00 1.054796531613263433e+01
6.470000000000000284e+01 6.620000000000000284e+01 6.545000000000000284e+01 1.062749299442478801e+01 1.393837103729947202e+01 7.181630000617284182e+00 1.058249801078051355e+01
6.579999999999999716e+01 6.660000000000000853e+01 6.620000000000000284e+01 1.094367536872857904e+01 1.378227167927114571e+01 7.085394143323137328e+00 1.060378039710762010e+01
6.550000000000000000e+01 7.029999999999999716e+01 6.790000000000000568e+01 1.264801375226606339e+01 1.299228480812657160e+01 1.746011030671676778e+01 1.436680295570313604e+01
6.560000000000000853e+01 6.770000000000000284e+01 6.665000000000000568e+01 1.067290176759714981e+01 1.410229135681623269e+01 8.415853327453778121e+00 1.106368215062238924e+01
6.629999999999999716e+01 6.830000000000001137e+01 6.730000000000001137e+01 1.193167454473975297e+01 1.244168546484106663e+01 9.244069365889222567e+00 1.120580979182334858e+01
6.969999999999998863e+01 6.740000000000000568e+01 6.854999999999999716e+01 1.688829777446352054e+01 1.230506629825312714e+01 7.863847361417423798e+00 1.235240381137802501e+01
6.550000000000000000e+01 6.840000000000000568e+01 6.695000000000000284e+01 1.095947887178328806e+01 1.360461536617500755e+01 7.694233982372622904e+00 1.075277607344363950e+01
6.850000000000000000e+01 6.520000000000000284e+01 6.684999999999999432e+01 1.186089845207839666e+01 1.240346404709410599e+01 9.790584435568238320e+00 1.135164897824691366e+01
6.640000000000000568e+01 6.790000000000000568e+01 6.715000000000000568e+01 1.409197144124461865e+01 1.402920697982705178e+01 7.041832782951451541e+00 1.172100373467437429e+01
6.540000000000000568e+01 6.720000000000000284e+01 6.630000000000001137e+01 1.100728881478705112e+01 1.403846963445487894e+01 9.758291590565921325e+00 1.160135001326928261e+01
6.520000000000000284e+01 6.939999999999999147e+01 6.729999999999999716e+01 1.188194264176865289e+01 1.326005648197451592e+01 7.164573872589934389e+00 1.076885766544436684e+01
6.420000000000000284e+01 6.790000000000000568e+01 6.605000000000001137e+01 1.093566782006214844e+01 1.429738998215284518e+01 9.917316485285713412e+00 1.171679142916690353e+01
6.590000000000000568e+01 6.610000000000000853e+01 6.600000000000000000e+01 1.070272597362766476e+01 1.400143816320954038e+01 1.243154922210789515e+01 1.237857111964836854e+01
6.720000000000000284e+01 6.670000000000000284e+01 6.695000000000000284e+01 1.178615394384773474e+01 1.269581172764023869e+01 7.168069687114480892e+00 1.055001178620081781e+01
6.579999999999999716e+01 6.620000000000000284e+01 6.600000000000000000e+01 1.425691699738280960e+01 1.460094836179197131e+01 7.052270228704542454e+00 1.197004519595977534e+01
6.670000000000000284e+01 6.730000000000001137e+01 6.700000000000000000e+01 1.088416416741018544e+01 1.255774685313398287e+01 8.779928002657602093e+00 1.074061300773392169e+01
6.490000000000000568e+01 6.679999999999999716e+01 6.584999999999999432e+01 1.062674015106354908e+01 1.266529223712367092e+01 7.235362085337461835e+00 1.017579815784156061e+01
6.730000000000001137e+01 6.620000000000000284e+01 6.675000000000000000e+01 1.062316314602527711e+01 1.784182793428002967e+01 1.438471148264420485e+01 1.428323418764983721e+01
6.500000000000000000e+01 6.650000000000000000e+01 6.575000000000000000e+01 1.151979758963835110e+01 1.276491867178264350e+01 8.850960549822557866e+00 1.104522560374785201e+01
6.840000000000000568e+01 6.710000000000000853e+01 6.775000000000000000e+01 1.076064312431433478e+01 1.246867299240424565e+01 1.298989446438053541e+01 1.207307019369970469e+01
6.610000000000000853e+01 6.909999999999999432e+01 6.759999999999999432e+01 1.071255456582717613e+01 1.354460824067778368e+01 1.113140503399093539e+01 1.179618928016529900e+01
6.650000000000000000e+01 6.760000000000000853e+01 6.705000000000001137e+01 1.182717962361926034e+01 1.267207404564721074e+01 7.648232862933103782e+00 1.071582884406652703e+01
6.610000000000000853e+01 6.600000000000000000e+01 6.605000000000001137e+01 1.182659118061783943e+01 1.302842587448550837e+01 7.057985828554228291e+00 1.063766762788585929e+01
6.670000000000000284e+01 6.820000000000000284e+01 6.745000000000000284e+01 1.073242029867880554e+01 1.351845996345810441e+01 7.775796485593401641e+00 1.067555891591010386e+01
6.579999999999999716e+01 6.650000000000000000e+01 6.615000000000000568e+01 1.073333128657892033e+01 1.803577377976399276e+01 8.050751051758760823e+00 1.227328537270055797e+01
6.710000000000000853e+01 6.740000000000000568e+01 6.725000000000000000e+01 1.204332444535312518e+01 1.319820022587383157e+01 7.428833680915449378e+00 1.089011945071413301e+01
6.510000000000000853e+01 6.720000000000000284e+01 6.615000000000000568e+01 1.082647682868607042e+01 1.387283127966390772e+01 8.370575001718838948e+00 1.102329437002293844e+01
6.510000000000000853e+01 6.860000000000000853e+01 6.685000000000000853e+01 1.085736829762197075e+01 1.232270480135431256e+01 7.066509181838578790e+00 1.008219409360495433e+01
6.640000000000000568e+01 6.760000000000000853e+01 6.700000000000000000e+01 1.193532787737711587e+01 1.273788713991148569e+01 8.142740290938775161e+00 1.093865176940912498e+01
6.579999999999999716e+01 6.780000000000001137e+01 6.680000000000001137e+01 1.065283831373490564e+01 1.313146716726582319e+01 8.292982157446344260e+00 1.069242921281569103e+01
6.610000000000000853e+01 6.710000000000000853e+01 6.660000000000000853e+01 1.069482305673327538e+01 1.229938839833012487e+01 9.489997616089349108e+00 1.082806969038424860e+01
6.579999999999999716e+01 6.540000000000000568e+01 6.559999999999999432e+01 1.096352158768404728e+01 1.242152937062052587e+01 9.351196187316149988e+00 1.091208238187357438e+01
6.560000000000000853e+01 6.790000000000000568e+01 6.675000000000000000e+01 1.070868332321634142e+01 1.231264493784912872e+01 8.407920010403218569e+00 1.047641609048956290e+01
6.780000000000001137e+01 6.409999999999999432e+01 6.595000000000000284e+01 1.105081639568447827e+01 1.704455787493394325e+01 1.260864147964059256e+01 1.356800525008633862e+01
6.540000000000000568e+01 6.720000000000000284e+01 6.630000000000001137e+01 1.096025637355505467e+01 1.238917351928980182e+01 9.154911443232677470e+00 1.083478044535917739e+01
6.629999999999999716e+01 6.830000000000001137e+01 6.730000000000001137e+01 1.064317020291834126e+01 1.232569901090716336e+01 9.281230169965310139e+00 1.075003312793027277e+01
6.479999999999999716e+01 6.870000000000000284e+01 6.675000000000000000e+01 1.173023915673448236e+01 1.272426916176147316e+01 7.144416455675243860e+00 1.053297492472373342e+01
6.600000000000000000e+01 6.610000000000000853e+01 6.605000000000001137e+01 1.145850889088494462e+01 1.739391619798124822e+01 1.102899504194229507e+01 1.329380671026949479e+01
6.510000000000000853e+01 6.640000000000000568e+01 6.575000000000000000e+01 1.133337110201252251e+01 1.336824382726137728e+01 1.146608251422318681e+01 1.205589914783236338e+01
6.570000000000000284e+01 6.850000000000000000e+01 6.709999999999999432e+01 1.189936054514578068e+01 1.362505725498255060e+01 7.234638674475641906e+00 1.091968549153465773e+01
6.560000000000000853e+01 6.950000000000000000e+01 6.755000000000001137e+01 1.161622958163564512e+01 1.249683212079613703e+01 1.062564843031058537e+01 1.157957004424745584e+01
6.479999999999999716e+01 6.640000000000000568e+01 6.559999999999999432e+01 1.332395319384121812e+01 1.230308345411653015e+01 1.620793690172801504e+01 1.394499118322858777e+01
6.660000000000000853e+01 6.770000000000000284e+01 6.715000000000000568e+01 1.123330640191305463e+01 1.252200341536635975e+01 7.223977318099866984e+00 1.032642904512642623e+01
6.610000000000000853e+01 6.760000000000000853e+01 6.685000000000000853e+01 1.493838651371236459e+01 1.457442167862329541e+01 9.290668853830329255e+00 1.293449234872199760e+01
6.440000000000000568e+01 6.929999999999999716e+01 6.684999999999999432e+01 1.117160601967885469e+01 1.299981658831586628e+01 7.881703880490483094e+00 1.068437549616173499e+01
6.590000000000000568e+01 6.760000000000000853e+01 6.675000000000000000e+01 1.176062004622380996e+01 1.281938043629767066e+01 8.288306166559017640e+00 1.095610221636016490e+01
6.400000000000000000e+01 6.730000000000001137e+01 6.565000000000000568e+01 1.082490803926395984e+01 1.328039431123091063e+01 7.607058638632796743e+00 1.057078699637588848e+01
6.790000000000000568e+01 6.830000000000001137e+01 6.810000000000000853e+01 1.085645168826140861e+01 1.233124523195604283e+01 7.195228472478556014e+00 1.012764179756533700e+01
6.529999999999999716e+01 6.670000000000000284e+01 6.600000000000000000e+01 1.237659520327900253e+01 1.313950531663498822e+01 9.783804196716767265e+00 1.176663490554358482e+01
6.529999999999999716e+01 6.640000000000000568e+01 6.584999999999999432e+01 1.064476833411013068e+01 1.229938155808844513e+01 9.858391061559142798e+00 1.093418031791923717e+01
6.550000000000000000e+01 6.790000000000000568e+01 6.670000000000000284e+01 1.357075243692930577e+01 1.328400270446948106e+01 8.682803873737054090e+00 1.184585300504527972e+01
6.590000000000000568e+01 6.700000000000000000e+01 6.645000000000000284e+01 1.079212236711794226e+01 1.397867511905323568e+01 9.433630302342971063e+00 1.140147592950471456e+01
6.610000000000000853e+01 6.610000000000000853e+01 6.610000000000000853e+01 1.276864435923718233e+01 1.527831992032947284e+01 7.048868918846862286e+00 1.169861106613783797e+01
6.560000000000000853e+01 6.770000000000000284e+01 6.665000000000000568e+01 1.402292242897713948e+01 1.606051003765124463e+01 1.666295336913179881e+01 1.558212861192006038e+01
6.590000000000000568e+01 6.610000000000000853e+01 6.600000000000000000e+01 1.194128037532769326e+01 1.234735943329605057e+01 8.397907435839519152e+00 1.089551574815442159e+01
6.780000000000001137e+01 6.640000000000000568e+01 6.710000000000000853e+01 1.062350966850913103e+01 1.230040306773432590e+01 7.329582567003223303e+00 1.008449843441555949e+01
6.600000000000000000e+01 6.579999999999999716e+01 6.590000000000000568e+01 1.159117574687254404e+01 1.692913805571766517e+01 7.291694750893304544e+00 1.193733618449450518e+01
6.560000000000000853e+01 6.879999999999999716e+01 6.720000000000000284e+01 1.086585905650922257e+01 1.267859000893505872e+01 7.998979990045394395e+00 1.051447635182989337e+01
6.579999999999999716e+01 6.780000000000001137e+01 6.680000000000001137e+01 1.144834752081323792e+01 1.238772400755978786e+01 1.221517274103905137e+01 1.201708142313736083e+01
6.679999999999999716e+01 6.650000000000000000e+01 6.665000000000000568e+01 1.207621055398488075e+01 1.248919292005055048e+01 1.188987437150696280e+01 1.215175928184746645e+01
6.540000000000000568e+01 6.650000000000000000e+01 6.595000000000000284e+01 1.255179180614211987e+01 1.238234665300586634e+01 7.048650840003105600e+00 1.066092976638369727e+01
6.510000000000000853e+01 6.750000000000000000e+01 6.630000000000001137e+01 1.606436434803326208e+01 1.280055727915024910e+01 7.244623714222907296e+00 1.203651511380213890e+01
6.640000000000000568e+01 6.760000000000000853e+01 6.700000000000000000e+01 1.062302455124751077e+01 1.230949796311281652e+01 8.469664897498399014e+00 1.046739580395290936e+01
6.679999999999999716e+01 6.610000000000000853e+01 6.645000000000000284e+01 1.110905084249170827e+01 1.236630014672575761e+01 7.736534599748980057e+00 1.040396186298881531e+01
6.560000000000000853e+01 6.820000000000000284e+01 6.690000000000000568e+01 1.071842119056117326e+01 1.235878022997437675e+01 8.553143085405761070e+00 1.054344816864710488e+01
6.560000000000000853e+01 6.429999999999999716e+01 6.495000000000000284e+01 1.375466480208631914e+01 1.233266020283023856e+01 7.992511075184633107e+00 1.135994536003372879e+01
6.570000000000000284e+01 6.620000000000000284e+01 6.595000000000000284e+01 1.209658082424550862e+01 1.242022132514032151e+01 7.238809611179328307e+00 1.058520392018838585e+01
6.460000000000000853e+01 6.750000000000000000e+01 6.605000000000001137e+01 1.285576063978437134e+01 1.259521297201226275e+01 1.118916397035224719e+01 1.221337919404962769e+01
6.650000000000000000e+01 6.640000000000000568e+01 6.645000000000000284e+01 1.149408202423192549e+01 1.437994674746774493e+01 7.061030226874138727e+00 1.097835299952460275e+01
6.640000000000000568e+01 6.710000000000000853e+01 6.675000000000000000e+01 1.569040232954736247e+01 1.259696256610297915e+01 7.942430680482765126e+00 1.207659852537770284e+01
6.479999999999999716e+01 6.810000000000000853e+01 6.645000000000000284e+01 1.088453878688498655e+01 1.235720129009777501e+01 7.017798458378171844e+00 1.008651284512031054e+01
6.529999999999999716e+01 6.889999999999999147e+01 6.709999999999999432e+01 1.482974049368072933e+01 1.258788542429021007e+01 7.352751275653017338e+00 1.159012573120798528e+01
6.750000000000000000e+01 6.529999999999999716e+01 6.640000000000000568e+01 1.065032036021761819e+01 1.274009152134844847e+01 1.011812032638759895e+01 1.116951073598455402e+01
6.690000000000000568e+01 6.770000000000000284e+01 6.730000000000001137e+01 1.077374967097445158e+01 1.329083575864632394e+01 7.654902216630269152e+00 1.057316254875034822e+01
6.720000000000000284e+01 6.750000000000000000e+01 6.734999999999999432e+01 1.370634355264535387e+01 1.230266066980351880e+01 7.995858000245307906e+00 1.133495407423139234e+01
6.579999999999999716e+01 6.750000000000000000e+01 6.665000000000000568e+01 1.079060309375323179e+01 1.317849297516472973e+01 1.086570116141863807e+01 1.161159907677886771e+01
6.510000000000000853e+01 6.770000000000000284e+01 6.640000000000000568e+01 1.081365256600495606e+01 1.243741048400847404e+01 7.026336747595760102e+00 1.009246659920306222e+01
6.730000000000001137e+01 6.710000000000000853e+01 6.720000000000001705e+01 1.084607633952060013e+01 1.470398342224808985e+01 1.264915719986914411e+01 1.273307232054594351e+01
6.460000000000000853e+01 6.760000000000000853e+01 6.610000000000000853e+01 1.429868982438721403e+01 1.352863355474500295e+01 7.682877493224730792e+00 1.183673362411898289e+01
6.479999999999999716e+01 6.800000000000000000e+01 6.640000000000000568e+01 1.146585771601551151e+01 1.284633918029105004e+01 1.132998173232863337e+01 1.188072620954506498e+01
6.679999999999999716e+01 6.650000000000000000e+01 6.665000000000000568e+01 1.113478228511917223e+01 1.723879245305172248e+01 7.251487253436216029e+00 1.187502066386903721e+01
6.660000000000000853e+01 6.710000000000000853e+01 6.685000000000000853e+01 1.144100319918823416e+01 1.231390946919547069e+01 7.198178392027261729e+00 1.031769702013698797e+01
6.660000000000000853e+01 6.780000000000001137e+01 6.720000000000001705e+01 1.344859334382456062e+01 1.265236649828826110e+01 7.774724439582464619e+00 1.129189476056509456e+01
6.470000000000000284e+01 6.870000000000000284e+01 6.670000000000000284e+01 1.473354935057434822e+01 1.248361677255381608e+01 9.281247189304830059e+00 1.216613777081099812e+01
6.700000000000000000e+01 6.710000000000000853e+01 6.705000000000001137e+01 1.220026862335435958e+01 1.470966579677204855e+01 9.995051184309692971e+00 1.230166186814536644e+01
6.579999999999999716e+01 6.740000000000000568e+01 6.659999999999999432e+01 1.156498696724083430e+01 1.260644654071017534e+01 9.676348378848818044e+00 1.128259396226660805e+01
6.529999999999999716e+01 6.679999999999999716e+01 6.604999999999999716e+01 1.250231775238818166e+01 1.242374303860200868e+01 8.098644297550862348e+00 1.100823502951368482e+01
6.420000000000000284e+01 6.660000000000000853e+01 6.540000000000000568e+01 1.099518473539585628e+01 1.346303395968394767e+01 7.365571076687514207e+00 1.060792992392243939e+01
6.610000000000000853e+01 6.790000000000000568e+01 6.700000000000000000e+01 1.181568672243417595e+01 1.240464609949536978e+01 7.695434137659347584e+00 1.063858898652963170e+01
6.730000000000001137e+01 6.810000000000000853e+01 6.770000000000001705e+01 1.295222984102838382e+01 1.238587641503755776e+01 7.078746796515695827e+00 1.080561768419387825e+01
6.700000000000000000e+01 6.679999999999999716e+01 6.690000000000000568e+01 1.124754446378203987e+01 1.307063335221592482e+01 9.810125372706982816e+00 1.137610106290164858e+01
6.479999999999999716e+01 6.790000000000000568e+01 6.634999999999999432e+01 1.071717409267738041e+01 1.235164162185787617e+01 8.338965653948301693e+00 1.046926045616118550e+01
6.590000000000000568e+01 6.690000000000000568e+01 6.640000000000000568e+01 1.212760723134288554e+01 1.239959538319511090e+01 7.824462679528765285e+00 1.078388843135558695e+01
6.600000000000000000e+01 6.860000000000000853e+01 6.730000000000001137e+01 1.070423788065221515e+01 1.385591749618918023e+01 1.256314731332240164e+01 1.237443423005459842e+01
6.440000000000000568e+01 6.780000000000001137e+01 6.610000000000000853e+01 1.143532927018815926e+01 1.419577081936579965e+01 7.856833781903585390e+00 1.116264462381918143e+01
6.740000000000000568e+01 6.800000000000000000e+01 6.770000000000000284e+01 1.065497188143128326e+01 1.238206532605599364e+01 1.036261158732208187e+01 1.113321626493645233e+01
6.700000000000000000e+01 6.740000000000000568e+01 6.720000000000000284e+01 1.337874630848152968e+01 1.274172441675033518e+01 1.227214950738643751e+01 1.279754007753943235e+01
6.720000000000000284e+01 6.540000000000000568e+01 6.630000000000001137e+01 1.083285110979929122e+01 1.236163818106089529e+01 1.552290528344303056e+01 1.290579819143440510e+01
