6.600000000000000000e+01 6.690000000000000568e+01 6.645000000000000284e+01 1.062631918284668586e+01 1.595456180900859167e+01 9.266501363261996360e+00 1.194912745170575796e+01
6.660000000000000853e+01 6.760000000000000853e+01 6.710000000000000853e+01 1.075310586699544757e+01 1.372887663791400392e+01 8.311084503203264973e+00 1.093102233603757156e+01
6.660000000000000853e+01 6.710000000000000853e+01 6.685000000000000853e+01 1.063478998143060572e+01 1.947009337520207595e+01 7.033555619064727260e+00 1.237947965856580446e+01
6.650000000000000000e+01 6.650000000000000000e+01 6.650000000000000000e+01 1.094896753271727974e+01 1.290198552011152167e+01 7.029812827775944406e+00 1.029358862686824772e+01
6.520000000000000284e+01 6.840000000000000568e+01 6.680000000000001137e+01 1.164044588492808785e+01 1.396829752988968387e+01 7.485366625670630825e+00 1.103137001349613477e+01
6.590000000000000568e+01 6.560000000000000853e+01 6.575000000000000000e+01 1.090166117579240179e+01 1.263135571015021874e+01 7.297757815610760090e+00 1.027692490051779295e+01
6.520000000000000284e+01 6.850000000000000000e+01 6.684999999999999432e+01 1.208392016370559929e+01 1.537471101734723966e+01 1.004064331348499017e+01 1.249975816484594304e+01
6.640000000000000568e+01 6.700000000000000000e+01 6.670000000000000284e+01 1.271771598369147149e+01 1.395980121445082567e+01 7.772641983786083841e+00 1.148338639397612759e+01
6.550000000000000000e+01 6.790000000000000568e+01 6.670000000000000284e+01 1.172860749510314271e+01 1.445089809297190619e+01 9.371540984542971131e+00 1.185034885753933942e+01
6.590000000000000568e+01 6.810000000000000853e+01 6.700000000000000000e+01 1.189014608720524535e+01 1.294122939344048184e+01 1.215026123708048900e+01 1.232721223924207266e+01
6.540000000000000568e+01 6.800000000000000000e+01 6.670000000000000284e+01 1.076804846836503238e+01 1.286780208392175595e+01 8.283285570119531371e+00 1.063971204080210775e+01
6.710000000000000853e+01 6.830000000000001137e+01 6.770000000000001705e+01 1.256296840607732079e+01 2.004545029115375954e+01 7.278131738365216208e+00 1.329551681186543277e+01
6.650000000000000000e+01 6.870000000000000284e+01 6.759999999999999432e+01 1.260167790909646435e+01 1.299776130305750854e+01 1.596698600853768468e+01 1.385547507356388586e+01
6.560000000000000853e+01 6.679999999999999716e+01 6.620000000000000284e+01 1.511223205145172166e+01 1.333001891939053785e+01 9.443463719732267947e+00 1.262857156352484367e+01
6.440000000000000568e+01 6.840000000000000568e+01 6.640000000000000568e+01 1.074554067741195773e+01 1.536993784547848385e+01 1.744436333515745474e+01 1.451994728601596485e+01
6.650000000000000000e+01 6.810000000000000853e+01 6.730000000000001137e+01 1.144218569129409957e+01 1.695155985097100171e+01 7.737453860599896593e+00 1.204373313428833292e+01
6.650000000000000000e+01 6.820000000000000284e+01 6.734999999999999432e+01 1.062968494542866438e+01 1.545379202785291994e+01 7.041206660196958289e+00 1.104156121115951272e+01
6.420000000000000284e+01 6.810000000000000853e+01 6.615000000000000568e+01 1.088813958467618370e+01 1.255640793638808361e+01 7.092303905958327270e+00 1.017895047567419731e+01
6.520000000000000284e+01 6.750000000000000000e+01 6.634999999999999432e+01 1.119130239753804901e+01 1.309931519268938693e+01 7.079736439138055282e+00 1.045678467645516285e+01
6.800000000000000000e+01 6.760000000000000853e+01 6.780000000000001137e+01 1.071243639917720358e+01 1.310953293204835113e+01 7.041879470052385237e+00 1.028794960042598028e+01
6.740000000000000568e+01 6.750000000000000000e+01 6.745000000000000284e+01 1.066230317957742280e+01 1.477087691686671178e+01 8.120335418140577133e+00 1.118450517152823664e+01
6.650000000000000000e+01 6.640000000000000568e+01 6.645000000000000284e+01 1.077055461137732095e+01 1.701070712392397155e+01 8.624118343622120264e+00 1.213512669297447211e+01
6.479999999999999716e+01 6.720000000000000284e+01 6.600000000000000000e+01 1.229666007429809227e+01 1.295921150314262249e+01 7.163415875056180049e+00 1.080642915083229916e+01
6.690000000000000568e+01 6.679999999999999716e+01 6.684999999999999432e+01 1.135679301267911789e+01 1.288825054476147614e+01 7.282437858578346024e+00 1.050916047200631454e+01
6.560000000000000853e+01 6.820000000000000284e+01 6.690000000000000568e+01 1.113928091857162705e+01 1.264678807717541176e+01 7.583600498516457122e+00 1.045655649808783139e+01
6.629999999999999716e+01 6.720000000000000284e+01 6.675000000000000000e+01 1.148338412573986567e+01 1.271602077977683187e+01 7.105104982527688406e+00 1.043483662934812806e+01
6.650000000000000000e+01 6.700000000000000000e+01 6.675000000000000000e+01 1.064514833087846490e+01 1.280750688991729191e+01 7.493385077679231010e+00 1.031534676615832957e+01
6.600000000000000000e+01 6.690000000000000568e+01 6.645000000000000284e+01 1.116043086421458241e+01 1.334253978854526856e+01 7.330887944902385378e+00 1.061128619922074456e+01
6.660000000000000853e+01 6.740000000000000568e+01 6.700000000000000000e+01 1.448212918777723779e+01 2.244241491084720863e+01 9.702778299748338497e+00 1.554244079945759438e+01
6.760000000000000853e+01 6.700000000000000000e+01 6.730000000000001137e+01 1.113930938891659039e+01 1.321779478838229238e+01 8.349788154621332836e+00 1.090229744397340461e+01
6.570000000000000284e+01 6.650000000000000000e+01 6.609999999999999432e+01 1.411161436666809799e+01 1.399137255597584151e+01 7.670459348806764055e+00 1.192448209048356667e+01
6.550000000000000000e+01 6.790000000000000568e+01 6.670000000000000284e+01 1.489131677992511982e+01 1.262044227674453190e+01 7.080898510301343762e+00 1.153088585565699908e+01
6.650000000000000000e+01 6.800000000000000000e+01 6.725000000000000000e+01 1.073811759894261542e+01 1.351111811265026930e+01 9.036101758368602077e+00 1.109511248998716404e+01
6.600000000000000000e+01 6.870000000000000284e+01 6.734999999999999432e+01 1.082695377625207733e+01 1.306825773404169055e+01 8.757819584849841021e+00 1.088434369838120297e+01
6.600000000000000000e+01 6.790000000000000568e+01 6.695000000000000284e+01 1.090564495159971514e+01 1.544612361992124860e+01 1.135066148298989930e+01 1.256747668483695435e+01
6.730000000000001137e+01 6.810000000000000853e+01 6.770000000000001705e+01 1.136923238268680336e+01 1.289676076002137250e+01 7.065116441017521787e+00 1.044370319457523344e+01
6.529999999999999716e+01 6.660000000000000853e+01 6.595000000000000284e+01 1.436753602392116314e+01 1.259289813270779135e+01 7.023757757083878950e+00 1.132806397123761144e+01
6.679999999999999716e+01 6.820000000000000284e+01 6.750000000000000000e+01 1.091105489622442803e+01 1.491199141283122387e+01 8.269533725152367509e+00 1.136419334473600706e+01
6.629999999999999716e+01 7.059999999999999432e+01 6.844999999999998863e+01 1.374030177478304537e+01 1.416340679141699965e+01 7.031567664338957080e+00 1.164509207684633374e+01
6.610000000000000853e+01 6.820000000000000284e+01 6.715000000000000568e+01 1.069947855679982496e+01 1.285488919407962172e+01 1.002543096421555369e+01 1.119326623836500012e+01
6.679999999999999716e+01 6.850000000000000000e+01 6.765000000000000568e+01 1.077072232954429865e+01 1.310820050871980236e+01 1.048167666149345045e+01 1.145353316658585108e+01
6.640000000000000568e+01 6.750000000000000000e+01 6.695000000000000284e+01 1.069162237710534846e+01 1.271354477351772339e+01 7.742238946769313124e+00 1.038246869913079529e+01
6.600000000000000000e+01 6.700000000000000000e+01 6.650000000000000000e+01 1.065187945254862179e+01 1.485221628957734730e+01 8.631451432269283686e+00 1.137851572479841877e+01
6.560000000000000853e+01 6.830000000000001137e+01 6.695000000000001705e+01 1.101489908232397141e+01 2.036731459716759929e+01 7.086287843836887035e+00 1.282283384110948532e+01
6.830000000000001137e+01 6.679999999999999716e+01 6.755000000000001137e+01 1.062427216992143997e+01 1.648629016226200861e+01 7.046094179788187084e+00 1.138555217065721159e+01
6.529999999999999716e+01 6.820000000000000284e+01 6.675000000000000000e+01 1.093109819706354990e+01 1.255496210479249442e+01 7.166718352307048789e+00 1.021759288472103044e+01
6.550000000000000000e+01 6.710000000000000853e+01 6.630000000000001137e+01 1.078439186135645578e+01 1.276564802158343426e+01 8.119536601863410752e+00 1.055652549493443360e+01
6.550000000000000000e+01 6.670000000000000284e+01 6.609999999999999432e+01 1.067876002443477290e+01 1.297412322989101341e+01 1.126098652156942137e+01 1.163795659196506982e+01
6.670000000000000284e+01 6.790000000000000568e+01 6.730000000000001137e+01 1.548138395025211977e+01 1.430309607117458093e+01 7.828263189578779979e+00 1.253758107033515934e+01
6.690000000000000568e+01 6.840000000000000568e+01 6.765000000000000568e+01 1.136909266556031817e+01 1.272523160454352364e+01 7.019754398614924895e+00 1.037135955623958772e+01
6.740000000000000568e+01 6.929999999999999716e+01 6.834999999999999432e+01 1.146050259089518342e+01 1.381597081504727598e+01 9.140683973301905851e+00 1.147238579308145567e+01
6.870000000000000284e+01 6.820000000000000284e+01 6.845000000000000284e+01 1.062946390680260045e+01 1.363032788233290127e+01 7.177305876078785118e+00 1.047903255507142894e+01
6.770000000000000284e+01 6.840000000000000568e+01 6.805000000000001137e+01 1.295020307112493541e+01 1.529038201526095264e+01 7.996156620484722310e+00 1.207891390229020345e+01
6.730000000000001137e+01 6.780000000000001137e+01 6.755000000000001137e+01 1.063108986546455448e+01 1.434139677888132347e+01 1.480420287979150373e+01 1.325889650804579389e+01
6.409999999999999432e+01 6.629999999999999716e+01 6.519999999999998863e+01 1.206265357811185090e+01 1.258523182103608562e+01 7.679977128279863230e+00 1.077595417580926807e+01
6.640000000000000568e+01 6.590000000000000568e+01 6.615000000000000568e+01 1.062973862783610279e+01 1.326271097566904267e+01 7.778724025776248219e+00 1.055705787642713211e+01
6.529999999999999716e+01 6.720000000000000284e+01 6.625000000000000000e+01 1.078326929011377011e+01 1.266640987736716006e+01 7.723731648172048381e+00 1.039113693855099285e+01
6.460000000000000853e+01 6.710000000000000853e+01 6.585000000000000853e+01 1.096853550100953179e+01 1.258039279009611988e+01 7.071562492788653564e+00 1.020683026129810322e+01
6.629999999999999716e+01 6.590000000000000568e+01 6.609999999999999432e+01 1.121154813952512264e+01 1.259679658207495656e+01 7.917973077886057531e+00 1.057543926649537802e+01
6.570000000000000284e+01 6.660000000000000853e+01 6.615000000000000568e+01 1.111605939152132194e+01 1.261355650845025700e+01 7.208647674873616573e+00 1.031275452494839762e+01
6.640000000000000568e+01 6.770000000000000284e+01 6.705000000000001137e+01 1.473774361001978583e+01 1.314637636552687461e+01 8.963919652379786385e+00 1.228267987597548228e+01
6.560000000000000853e+01 6.760000000000000853e+01 6.660000000000000853e+01 1.170633542845076036e+01 1.267263280942889914e+01 1.156019226069805228e+01 1.197972016619257118e+01
6.710000000000000853e+01 6.450000000000000000e+01 6.580000000000001137e+01 1.080928643766662667e+01 1.267750516535842209e+01 7.036721667506627753e+00 1.017450442351055706e+01
6.660000000000000853e+01 6.579999999999999716e+01 6.620000000000000284e+01 1.139599531945912325e+01 1.266795704524808208e+01 8.849334464131882072e+00 1.097109560961303032e+01
6.640000000000000568e+01 6.650000000000000000e+01 6.645000000000000284e+01 1.109803737782044308e+01 1.282599627379966734e+01 9.665233290834809310e+00 1.119642231415163991e+01
6.600000000000000000e+01 6.700000000000000000e+01 6.650000000000000000e+01 1.345996987622423724e+01 1.367408370771972237e+01 8.111153970816189940e+00 1.174840251825338378e+01
6.529999999999999716e+01 6.780000000000001137e+01 6.655000000000001137e+01 1.096315786171447826e+01 1.580096125935398454e+01 1.220066842101147842e+01 1.298826251402664589e+01
6.650000000000000000e+01 6.700000000000000000e+01 6.675000000000000000e+01 1.071466088596612742e+01 1.503614584148095723e+01 7.084195431270706500e+00 1.094500071957259735e+01
6.629999999999999716e+01 6.780000000000001137e+01 6.705000000000001137e+01 1.219965509125751701e+01 1.341637478422087959e+01 9.849284648606774439e+00 1.182177150802839094e+01
6.670000000000000284e+01 7.009999999999999432e+01 6.840000000000000568e+01 1.079332388064305803e+01 1.346288633370620325e+01 8.276297681477018386e+00 1.084416929860875989e+01
6.529999999999999716e+01 6.790000000000000568e+01 6.659999999999999432e+01 1.125044214647093987e+01 1.385662298732534481e+01 7.044118412359173576e+00 1.071706118205182001e+01
6.679999999999999716e+01 6.770000000000000284e+01 6.725000000000000000e+01 1.078833602557903681e+01 1.945890574717729748e+01 9.466900127421293831e+00 1.323804730005920760e+01
6.610000000000000853e+01 6.820000000000000284e+01 6.715000000000000568e+01 1.105388812116494179e+01 1.266003230922464518e+01 7.067855258140680164e+00 1.026059189617675571e+01
6.479999999999999716e+01 6.909999999999999432e+01 6.694999999999998863e+01 1.350001390465733131e+01 1.257302797095550595e+01 9.252585884479252343e+00 1.177520925336403046e+01
6.529999999999999716e+01 6.770000000000000284e+01 6.650000000000000000e+01 1.251503401187507336e+01 1.293254444141611259e+01 8.061043311415112100e+00 1.116954058823543328e+01
6.470000000000000284e+01 6.830000000000001137e+01 6.650000000000000000e+01 1.066760672192855353e+01 1.255128604230614542e+01 7.552328880355696938e+00 1.025707388153013255e+01
6.629999999999999716e+01 6.760000000000000853e+01 6.695000000000000284e+01 1.091544827209672697e+01 1.597110702492785528e+01 7.219495619198912806e+00 1.136868363874116561e+01
6.750000000000000000e+01 6.730000000000001137e+01 6.740000000000000568e+01 1.631093807032912224e+01 1.412395700639342344e+01 7.749085787301401851e+00 1.272799362134131762e+01
6.770000000000000284e+01 6.750000000000000000e+01 6.759999999999999432e+01 1.334393867294911828e+01 1.376520188230184161e+01 7.255809706764845934e+00 1.145498342067193498e+01
6.550000000000000000e+01 6.690000000000000568e+01 6.620000000000000284e+01 1.063835019318161379e+01 1.501590767004418758e+01 7.936730046905777769e+00 1.119699597004385971e+01
6.510000000000000853e+01 6.740000000000000568e+01 6.625000000000000000e+01 1.086433855851196739e+01 1.429459847612072032e+01 7.446226504051775663e+00 1.086838784622815446e+01
6.590000000000000568e+01 6.860000000000000853e+01 6.725000000000000000e+01 1.829530516036498966e+01 1.607507126274292730e+01 1.223076333920553438e+01 1.553371325410448378e+01
6.579999999999999716e+01 6.770000000000000284e+01 6.675000000000000000e+01 1.146619094425126306e+01 1.268750661688739534e+01 9.333246713194585098e+00 1.116231475811107998e+01
6.760000000000000853e+01 6.679999999999999716e+01 6.720000000000000284e+01 1.126764667830943267e+01 1.313960703076471148e+01 8.412157850120829394e+00 1.093980385306499237e+01
6.479999999999999716e+01 6.800000000000000000e+01 6.640000000000000568e+01 1.533009022410385391e+01 1.303588768213117532e+01 7.499406662201963059e+00 1.195512818947899802e+01
6.529999999999999716e+01 6.730000000000001137e+01 6.630000000000001137e+01 1.063152980774185785e+01 1.289283699981099218e+01 8.551891643246714025e+00 1.069208615026652076e+01
6.670000000000000284e+01 6.810000000000000853e+01 6.740000000000000568e+01 1.084113778348727486e+01 1.637077556949348534e+01 7.968084857515888686e+00 1.172666607016554963e+01
6.579999999999999716e+01 6.700000000000000000e+01 6.640000000000000568e+01 1.152298224130687743e+01 1.260909321028037056e+01 1.354574515882087127e+01 1.255927353680270642e+01
6.529999999999999716e+01 6.870000000000000284e+01 6.700000000000000000e+01 1.203346066932295599e+01 1.654489270165468540e+01 1.611006987545822966e+01 1.489614108214529153e+01
6.640000000000000568e+01 6.600000000000000000e+01 6.620000000000000284e+01 1.077683276663296574e+01 1.388050997420313948e+01 9.980112053438288555e+00 1.154581826475813244e+01
6.740000000000000568e+01 6.579999999999999716e+01 6.659999999999999432e+01 1.230414061807537429e+01 1.319851629900549383e+01 7.112565773132345726e+00 1.087174089673773913e+01
6.690000000000000568e+01 6.810000000000000853e+01 6.750000000000000000e+01 1.097366880064265970e+01 1.413296224910931898e+01 8.419384452225489923e+00 1.117533850065915679e+01
6.660000000000000853e+01 6.770000000000000284e+01 6.715000000000000568e+01 1.257279548339285746e+01 1.297324163841170375e+01 9.033572595874792555e+00 1.152653657255978459e+01
6.830000000000001137e+01 6.750000000000000000e+01 6.790000000000000568e+01 1.410161033246235540e+01 1.258197686585322295e+01 8.103695195948851904e+00 1.159576079808814342e+01
6.550000000000000000e+01 6.710000000000000853e+01 6.630000000000001137e+01 1.117494672125126165e+01 1.379976139377071576e+01 7.020238749088253627e+00 1.066498228803674309e+01
6.660000000000000853e+01 6.840000000000000568e+01 6.750000000000000000e+01 1.215350261080341809e+01 1.508104787123240875e+01 7.040641874637088016e+00 1.142506411889097251e+01
6.690000000000000568e+01 6.879999999999999716e+01 6.784999999999999432e+01 1.085607788033843235e+01 1.320255091031133610e+01 1.048994420133293559e+01 1.151619099732756979e+01
6.490000000000000568e+01 6.720000000000000284e+01 6.605000000000001137e+01 1.355676512564354930e+01 1.574034624259502912e+01 7.182035729912616517e+00 1.215971569938373165e+01
6.529999999999999716e+01 6.700000000000000000e+01 6.615000000000000568e+01 1.220663385507130272e+01 1.256967382211965045e+01 1.163061238530395336e+01 1.213564002083163551e+01
6.660000000000000853e+01 6.810000000000000853e+01 6.735000000000000853e+01 1.218045598292962772e+01 1.449393566292136803e+01 7.017788048275189539e+00 1.123072656470872666e+01
