5.959999999999999432e+01 5.620000000000000284e+01 5.789999999999999858e+01 1.408009093697808467e+01 1.994681423777338480e+01 1.406987587259845540e+01 1.603226034911664044e+01
6.229999999999999716e+01 5.719999999999999574e+01 5.975000000000000000e+01 1.415207675753565830e+01 2.015767780851506430e+01 1.291441346684277569e+01 1.574138934429783099e+01
6.060000000000000142e+01 5.440000000000000568e+01 5.750000000000000000e+01 1.400873425379045045e+01 1.708300428850424169e+01 1.287437146718200864e+01 1.465537000315890026e+01
6.009999999999999432e+01 5.600000000000000711e+01 5.804999999999999716e+01 1.809450867958114273e+01 2.003565111173230662e+01 1.150966011934621314e+01 1.654660663688655475e+01
6.179999999999999716e+01 5.639999999999999147e+01 5.909999999999999432e+01 1.402572052326403806e+01 1.805243483894187762e+01 1.162892050960069668e+01 1.456902529060220530e+01
6.210000000000000142e+01 5.540000000000000568e+01 5.875000000000000000e+01 1.438624145327099058e+01 1.711554895029172485e+01 1.187104062131706961e+01 1.445761034162659620e+01
6.050000000000000000e+01 5.490000000000000568e+01 5.770000000000000284e+01 1.416466028580620495e+01 1.787352465106249255e+01 1.613782278573118134e+01 1.605866924086662451e+01
6.100000000000000000e+01 5.540000000000000568e+01 5.820000000000000284e+01 1.400893054729099063e+01 1.695657740228434918e+01 1.173833891580383870e+01 1.423461562179305950e+01
6.079999999999999716e+01 5.320000000000000284e+01 5.700000000000000000e+01 1.409349964969572611e+01 1.802178621643802003e+01 1.153402107939583487e+01 1.454976898184319367e+01
6.019999999999999574e+01 5.550000000000000711e+01 5.785000000000000142e+01 1.403950453733027715e+01 1.692736174426426388e+01 1.250710980064405398e+01 1.449132536074619715e+01
6.150000000000000000e+01 5.610000000000000853e+01 5.880000000000000426e+01 1.401194327147505447e+01 1.733992798701809690e+01 1.589227430116058670e+01 1.574804851988457877e+01
6.079999999999999716e+01 5.769999999999999574e+01 5.925000000000000000e+01 1.469345353480685468e+01 1.927739264080668846e+01 1.475215118154146765e+01 1.624099911905166849e+01
5.869999999999999574e+01 5.540000000000000568e+01 5.704999999999999716e+01 1.418514070530862625e+01 1.729091974600801151e+01 1.150439260055681956e+01 1.432681768395781852e+01
6.150000000000000000e+01 5.510000000000000142e+01 5.829999999999999716e+01 1.403995434267504017e+01 1.801446561415746572e+01 2.233962992634224776e+01 1.813134996105825181e+01
6.170000000000000284e+01 5.560000000000000853e+01 5.865000000000000568e+01 1.495586619884897139e+01 1.751177119733369381e+01 1.500647909634595933e+01 1.582470549750954092e+01
6.179999999999999716e+01 5.669999999999999574e+01 5.925000000000000000e+01 1.631213626886520274e+01 1.817806585126973218e+01 2.040570197518060525e+01 1.829863469843851576e+01
6.029999999999999716e+01 5.470000000000000284e+01 5.750000000000000000e+01 1.649062342931857472e+01 1.680614269911966829e+01 1.306995293003142322e+01 1.545557301948988993e+01
6.229999999999999716e+01 5.550000000000000711e+01 5.890000000000000568e+01 1.413943464805675987e+01 1.837365490780366173e+01 1.627072215270709421e+01 1.626127056952250527e+01
5.789999999999999858e+01 5.490000000000000568e+01 5.640000000000000568e+01 1.405046050380713751e+01 2.000792520683188513e+01 1.499373246037126961e+01 1.635070605700343194e+01
6.029999999999999716e+01 5.530000000000000426e+01 5.779999999999999716e+01 1.587174533062188608e+01 1.846962075983021023e+01 1.159979373408836523e+01 1.531371994151348837e+01
6.200000000000000000e+01 5.390000000000000568e+01 5.795000000000000284e+01 1.403323234076282944e+01 2.314363603670662428e+01 1.170302762385074224e+01 1.629329866710673258e+01
5.969999999999999574e+01 5.739999999999999858e+01 5.854999999999999716e+01 1.518218437541934485e+01 1.706985970530049812e+01 1.587411966483033865e+01 1.604205458185005995e+01
6.089999999999999858e+01 5.649999999999999289e+01 5.869999999999999574e+01 1.596295860237936459e+01 1.889087202760179451e+01 1.184777021565444244e+01 1.556720028187853444e+01
6.119999999999999574e+01 5.490000000000000568e+01 5.804999999999999716e+01 1.469002726739033804e+01 1.953741982055269588e+01 1.150497519329069895e+01 1.524414076041124311e+01
6.069999999999999574e+01 5.649999999999999289e+01 5.859999999999999432e+01 1.406770398111079068e+01 2.089649640601844283e+01 1.410198672024352007e+01 1.635539570245758512e+01
5.959999999999999432e+01 5.729999999999999716e+01 5.844999999999999574e+01 1.403859699416871187e+01 1.673173122512547550e+01 1.387322220354467461e+01 1.488118347427961830e+01
6.029999999999999716e+01 5.570000000000000284e+01 5.800000000000000000e+01 1.420659456293099154e+01 1.760911221175271280e+01 1.164013128954672815e+01 1.448527935474347750e+01
6.039999999999999858e+01 5.590000000000000568e+01 5.815000000000000568e+01 1.415937800262044277e+01 1.729352390119489868e+01 1.150510964495705934e+01 1.431933718292413538e+01
5.969999999999999574e+01 5.869999999999999574e+01 5.919999999999999574e+01 1.468275170161079934e+01 2.044669214506131638e+01 1.665058733185828643e+01 1.726001039284346916e+01
6.060000000000000142e+01 5.610000000000000853e+01 5.835000000000000853e+01 1.401657393836305587e+01 1.880011183802282915e+01 1.155691894040367984e+01 1.479120157226318533e+01
6.009999999999999432e+01 5.510000000000000142e+01 5.759999999999999432e+01 1.534825517931134264e+01 1.969663055284072328e+01 1.768795736911009797e+01 1.757761436708738856e+01
6.000000000000000000e+01 5.550000000000000711e+01 5.775000000000000000e+01 1.410684493666527750e+01 2.098571192221492865e+01 1.306711963227230910e+01 1.605322549705083901e+01
6.150000000000000000e+01 5.649999999999999289e+01 5.900000000000000000e+01 1.410463774964587103e+01 1.667301073336697570e+01 1.408272637543658057e+01 1.495345828614980910e+01
6.179999999999999716e+01 5.470000000000000284e+01 5.825000000000000000e+01 1.553786683386218570e+01 2.131355812948479311e+01 1.312941973089394665e+01 1.666028156474697752e+01
5.959999999999999432e+01 5.620000000000000284e+01 5.789999999999999858e+01 1.549303972520724493e+01 1.689918770696527162e+01 1.151717355097583173e+01 1.463646699438278453e+01
5.879999999999999716e+01 5.699999999999999289e+01 5.789999999999999147e+01 1.816481798568741013e+01 1.681848234073207848e+01 1.468051733170720219e+01 1.655460588604222849e+01
5.769999999999999574e+01 5.560000000000000853e+01 5.665000000000000568e+01 1.751561795093607543e+01 1.916300419570658775e+01 1.536008401131149270e+01 1.734623538598471981e+01
5.969999999999999574e+01 5.600000000000000711e+01 5.785000000000000142e+01 1.402321212226234337e+01 1.688151551878845780e+01 1.393999433394190213e+01 1.494824065833090110e+01
6.179999999999999716e+01 5.629999999999999716e+01 5.904999999999999716e+01 1.400916965611578568e+01 1.750385617885560663e+01 1.192729545730403018e+01 1.448010709742514202e+01
6.069999999999999574e+01 5.600000000000000711e+01 5.835000000000000142e+01 1.405897403230135190e+01 1.849823385898681138e+01 1.422935049227711524e+01 1.559551946118842558e+01
5.989999999999999858e+01 5.620000000000000284e+01 5.804999999999999716e+01 1.440129144570362563e+01 1.666275191178312909e+01 1.347882243987782758e+01 1.484762193245486195e+01
5.959999999999999432e+01 5.629999999999999716e+01 5.794999999999999574e+01 1.408079932409092372e+01 1.712042007278244427e+01 1.169714982415185744e+01 1.429945640700840848e+01
5.939999999999999858e+01 5.460000000000000142e+01 5.700000000000000000e+01 1.539752176850054077e+01 1.716104137765337256e+01 1.182919455143737686e+01 1.479591923253043007e+01
6.039999999999999858e+01 5.590000000000000568e+01 5.815000000000000568e+01 1.402131136404601897e+01 1.702132001716271148e+01 1.154928528597796422e+01 1.419730555572889763e+01
6.260000000000000142e+01 5.530000000000000426e+01 5.895000000000000284e+01 1.510260400635918820e+01 1.768418685696398640e+01 1.157234769348947445e+01 1.478637951893755087e+01
6.200000000000000000e+01 5.639999999999999147e+01 5.919999999999999574e+01 1.492309239725819481e+01 2.171001060640990588e+01 1.468222924048276923e+01 1.710511074805028997e+01
6.089999999999999858e+01 5.610000000000000853e+01 5.850000000000000000e+01 1.407082306759996371e+01 1.727126210687336538e+01 1.151123471140983234e+01 1.428443996196105381e+01
6.150000000000000000e+01 5.350000000000000000e+01 5.750000000000000000e+01 1.514511124605292736e+01 1.950480999477413491e+01 1.516442370116097216e+01 1.660478164732934303e+01
5.900000000000000000e+01 5.639999999999999147e+01 5.769999999999999574e+01 1.541370947748817777e+01 1.710659168077554426e+01 1.245360790994205047e+01 1.499130302273525750e+01
6.170000000000000284e+01 5.370000000000000284e+01 5.770000000000000284e+01 1.449799921900226707e+01 1.666456619274207895e+01 1.177266100830711792e+01 1.431174214001715406e+01
6.009999999999999432e+01 5.550000000000000711e+01 5.779999999999999716e+01 1.430232619022324769e+01 1.682478566065229586e+01 1.195128722350013639e+01 1.435946635812522665e+01
6.009999999999999432e+01 5.580000000000000426e+01 5.795000000000000284e+01 1.446052323994804567e+01 2.203580510218332833e+01 1.210432621844907075e+01 1.620021818686015180e+01
5.779999999999999716e+01 5.450000000000000711e+01 5.615000000000000568e+01 1.401344828374338825e+01 2.268784833651936950e+01 1.583012656072548907e+01 1.751047439366275071e+01
6.060000000000000142e+01 5.430000000000000426e+01 5.745000000000000284e+01 1.500230918430979443e+01 2.615671241993404195e+01 1.257264756052071064e+01 1.791055638825484664e+01
6.019999999999999574e+01 5.610000000000000853e+01 5.815000000000000568e+01 1.597647752841728419e+01 1.817347818028282802e+01 1.181487447170222893e+01 1.532161006013411431e+01
6.009999999999999432e+01 5.510000000000000142e+01 5.759999999999999432e+01 1.662760419547943513e+01 2.121998509242658315e+01 1.231290908309427756e+01 1.672016612366676469e+01
5.900000000000000000e+01 5.749999999999999289e+01 5.825000000000000000e+01 1.443280826385667304e+01 1.938943233186288140e+01 1.185875749466906015e+01 1.522699936346287153e+01
6.050000000000000000e+01 5.689999999999999147e+01 5.869999999999999574e+01 1.549819228850088138e+01 1.868376277921612427e+01 1.244948263817453338e+01 1.554381256863051419e+01
5.950000000000000000e+01 5.699999999999999289e+01 5.825000000000000000e+01 1.493642376174033259e+01 1.695860559989219141e+01 1.358676470882140919e+01 1.516059802348464380e+01
6.139999999999999858e+01 5.639999999999999147e+01 5.889999999999999147e+01 1.466917059529546918e+01 1.743993575831709819e+01 1.150555484041934129e+01 1.453822039801063681e+01
6.139999999999999858e+01 5.600000000000000711e+01 5.870000000000000284e+01 1.403331778926695250e+01 1.745175931644646994e+01 1.150486122523137311e+01 1.432997944364826459e+01
5.900000000000000000e+01 5.580000000000000426e+01 5.740000000000000568e+01 1.526108208670477673e+01 1.806361954200557918e+01 2.134609307204313922e+01 1.822359823358450015e+01
6.139999999999999858e+01 5.639999999999999147e+01 5.889999999999999147e+01 1.412387876766030637e+01 1.682235205618774643e+01 1.231295395075998655e+01 1.441972825820268156e+01
6.079999999999999716e+01 5.580000000000000426e+01 5.829999999999999716e+01 1.418307306945433055e+01 2.045933666609859003e+01 1.511911248741674996e+01 1.658717407432322233e+01
6.100000000000000000e+01 5.669999999999999574e+01 5.884999999999999432e+01 1.780553114449846674e+01 1.774623397132874558e+01 1.413932921267601017e+01 1.656369810950107180e+01
6.069999999999999574e+01 5.749999999999999289e+01 5.909999999999999432e+01 1.611792196703644464e+01 1.793073192670650684e+01 1.298691783821697499e+01 1.567852391065330941e+01
6.100000000000000000e+01 5.729999999999999716e+01 5.914999999999999858e+01 1.543641367620019444e+01 1.668527511882039605e+01 1.156529396952672073e+01 1.456232758818243589e+01
6.060000000000000142e+01 5.679999999999999716e+01 5.870000000000000284e+01 1.427571385284034911e+01 1.667232304650781316e+01 1.552016995012751899e+01 1.548940228315855983e+01
6.110000000000000142e+01 5.550000000000000711e+01 5.830000000000000426e+01 1.420710331097691004e+01 1.836639711141619813e+01 1.192232298742060514e+01 1.483194113660457170e+01
6.119999999999999574e+01 5.639999999999999147e+01 5.879999999999999716e+01 1.609165066596819216e+01 1.834503889170815683e+01 1.194362728885554681e+01 1.546010561551062956e+01
5.959999999999999432e+01 5.789999999999999858e+01 5.875000000000000000e+01 1.402231003640619633e+01 1.668772421337294531e+01 1.166567756141080103e+01 1.412523727039664756e+01
6.239999999999999858e+01 5.699999999999999289e+01 5.969999999999999574e+01 1.416265500333232197e+01 1.928918163532885188e+01 1.195576887616519102e+01 1.513586850494212399e+01
6.089999999999999858e+01 5.659999999999999432e+01 5.875000000000000000e+01 1.639522299871809707e+01 1.810932974497134396e+01 1.150579353181345965e+01 1.533678209183430141e+01
6.119999999999999574e+01 5.440000000000000568e+01 5.779999999999999716e+01 1.410316769423233296e+01 1.686642406845991360e+01 1.226676890500762696e+01 1.441212022256662273e+01
6.260000000000000142e+01 5.610000000000000853e+01 5.935000000000000853e+01 1.715281821568544629e+01 2.423190958381673710e+01 1.150964264329039999e+01 1.763145681426419387e+01
6.110000000000000142e+01 5.699999999999999289e+01 5.904999999999999716e+01 1.701628963402576034e+01 2.030551066146690076e+01 1.358913692153277886e+01 1.697031240567514843e+01
5.900000000000000000e+01 5.520000000000000284e+01 5.710000000000000142e+01 1.414850705582202650e+01 1.911884383017203248e+01 1.159276878862432270e+01 1.495337322487279685e+01
6.139999999999999858e+01 5.839999999999999858e+01 5.989999999999999858e+01 1.408106457839803838e+01 1.724502431651619361e+01 1.164193213571727448e+01 1.432267367687716764e+01
5.939999999999999858e+01 5.659999999999999432e+01 5.800000000000000000e+01 1.402665514891313059e+01 1.669924733182694965e+01 1.222372265030180039e+01 1.431654171034729472e+01
5.979999999999999716e+01 5.600000000000000711e+01 5.790000000000000568e+01 1.425561796584505991e+01 1.779533510493126869e+01 1.259444864865142399e+01 1.488180057314258420e+01
6.229999999999999716e+01 5.510000000000000142e+01 5.870000000000000284e+01 1.613828686600657747e+01 1.697647653931130307e+01 1.182076428409362023e+01 1.497850922980383359e+01
6.220000000000000284e+01 5.620000000000000284e+01 5.920000000000000284e+01 1.548680064469218109e+01 2.042749075177039941e+01 1.308283883298771499e+01 1.633237674315009613e+01
6.229999999999999716e+01 5.450000000000000711e+01 5.840000000000000568e+01 1.529077472620212497e+01 1.694275712905352194e+01 1.173707630322302364e+01 1.465686938615955626e+01
5.909999999999999432e+01 5.769999999999999574e+01 5.839999999999999147e+01 1.435467418515926852e+01 1.883829243599588921e+01 1.162194261186867905e+01 1.493830307767461285e+01
6.150000000000000000e+01 5.570000000000000284e+01 5.860000000000000142e+01 1.636593293748154565e+01 1.721751821503132973e+01 1.234125293556944314e+01 1.530823469602744069e+01
6.110000000000000142e+01 5.610000000000000853e+01 5.860000000000000853e+01 1.493365188190900739e+01 1.668253034753283615e+01 1.168453326565279227e+01 1.443357183169821134e+01
6.060000000000000142e+01 5.580000000000000426e+01 5.820000000000000284e+01 1.403802021607092954e+01 1.949714295139868980e+01 1.396825693809850044e+01 1.583447336852270659e+01
6.039999999999999858e+01 5.510000000000000142e+01 5.775000000000000000e+01 1.542233258891036485e+01 1.938873944209474587e+01 1.170576683784332417e+01 1.550561295628281222e+01
6.079999999999999716e+01 5.699999999999999289e+01 5.889999999999999147e+01 1.438851608479571631e+01 1.784251871499807507e+01 1.496717197476912276e+01 1.573273559152097079e+01
6.069999999999999574e+01 5.600000000000000711e+01 5.835000000000000142e+01 1.414351298223249565e+01 1.701697592989418695e+01 1.151012138738596136e+01 1.422353676650421583e+01
6.110000000000000142e+01 5.550000000000000711e+01 5.830000000000000426e+01 1.413678299065959010e+01 1.700847109579802563e+01 1.155596458571316987e+01 1.423373955739026009e+01
5.979999999999999716e+01 5.719999999999999574e+01 5.850000000000000000e+01 1.463152958246989677e+01 2.322488046139337214e+01 1.257599712109619894e+01 1.681080238831982498e+01
5.939999999999999858e+01 5.679999999999999716e+01 5.809999999999999432e+01 1.401521839047854279e+01 1.667888377771037511e+01 1.150666828763917415e+01 1.406692348527603009e+01
6.210000000000000142e+01 5.580000000000000426e+01 5.895000000000000284e+01 1.444003775367977660e+01 2.093739735107197220e+01 1.154379076278562444e+01 1.564040862251245834e+01
6.000000000000000000e+01 5.769999999999999574e+01 5.884999999999999432e+01 1.419213263983003870e+01 1.683696894740016248e+01 1.240418387079152751e+01 1.447776181934057682e+01
6.050000000000000000e+01 5.480000000000000426e+01 5.765000000000000568e+01 1.452833889683115842e+01 1.784928307624560873e+01 1.907892281155985970e+01 1.715218159487887917e+01
6.029999999999999716e+01 5.440000000000000568e+01 5.735000000000000142e+01 1.408990444796918950e+01 1.699680907561130283e+01 1.850890598630287087e+01 1.653187316996111988e+01
6.100000000000000000e+01 5.799999999999999289e+01 5.950000000000000000e+01 1.422923824616383826e+01 1.713471654869199767e+01 1.152479984333313290e+01 1.429625154606299020e+01
6.089999999999999858e+01 5.739999999999999858e+01 5.914999999999999858e+01 1.400998147226155055e+01 1.697577563372686527e+01 1.341157262589206489e+01 1.479910991062682690e+01
6.170000000000000284e+01 5.639999999999999147e+01 5.904999999999999716e+01 1.402292705707880671e+01 1.869662693731847725e+01 1.268804891161031456e+01 1.513586763533586854e+01
