6.420000000000000284e+01 7.309999999999999432e+01 6.865000000000000568e+01 1.297896539933307203e+01 8.897100573778864430e+00 5.835271563352155688e+00 9.237112512154697086e+00
6.139999999999999858e+01 7.229999999999999716e+01 6.684999999999999432e+01 8.776276263549059209e+00 9.052785905153964308e+00 1.834212447934627477e+01 1.205706221601643335e+01
6.079999999999999716e+01 6.889999999999999147e+01 6.484999999999999432e+01 9.462778307972394387e+00 1.059811032594272362e+01 2.341120332745677146e+01 1.449069732045729531e+01
7.320000000000000284e+01 6.950000000000000000e+01 7.134999999999999432e+01 8.396419169740996225e+00 9.616872996579425958e+00 7.293172629954722375e+00 8.435488265425048482e+00
7.059999999999999432e+01 7.070000000000000284e+01 7.065000000000000568e+01 8.934915117166946530e+00 8.643196960073860069e+00 8.712697413437979321e+00 8.763603163559595899e+00
6.950000000000000000e+01 6.889999999999999147e+01 6.919999999999998863e+01 1.212514259087140189e+01 9.947454737764315880e+00 7.762616447564504973e+00 9.945071258733406694e+00
7.189999999999999147e+01 6.810000000000000853e+01 7.000000000000000000e+01 8.287619851954779904e+00 1.013066734525828316e+01 6.304439205909829980e+00 8.240908801040964349e+00
6.830000000000001137e+01 6.900000000000000000e+01 6.865000000000000568e+01 1.032373236425254071e+01 1.010347103898605958e+01 4.812208453718654688e+00 8.413137285652418029e+00
6.579999999999999716e+01 6.760000000000000853e+01 6.670000000000000284e+01 9.857760822327216843e+00 9.496675981241399001e+00 7.276427163608170545e+00 8.876954655725596055e+00
6.670000000000000284e+01 7.050000000000000000e+01 6.859999999999999432e+01 8.366600502646798887e+00 1.287582314037868869e+01 7.041911980084742950e+00 9.428111874370076251e+00
6.760000000000000853e+01 7.159999999999999432e+01 6.959999999999999432e+01 1.109920326197368290e+01 1.142311248532038093e+01 1.265338829084816652e+01 1.172523467938074226e+01
6.830000000000001137e+01 7.050000000000000000e+01 6.940000000000000568e+01 7.752494010912834632e+00 8.407540533338005773e+00 8.549894477393864989e+00 8.236643007214901502e+00
6.429999999999999716e+01 7.139999999999999147e+01 6.784999999999999432e+01 8.401926407142806141e+00 7.549295449440958095e+00 2.013924462437291751e+01 1.203015549365222547e+01
6.790000000000000568e+01 6.810000000000000853e+01 6.800000000000000000e+01 7.450540485271378799e+00 9.824085671277964948e+00 7.098151123848392530e+00 8.124259093465912684e+00
6.679999999999999716e+01 7.270000000000000284e+01 6.975000000000000000e+01 1.060184041115826759e+01 8.952291915387595722e+00 6.515001204090379083e+00 8.689711176878747168e+00
6.529999999999999716e+01 7.329999999999999716e+01 6.929999999999999716e+01 6.652871615449954312e+00 1.156078742492742073e+01 2.400740426138185413e+01 1.407368776725307669e+01
6.919999999999998863e+01 7.089999999999999147e+01 7.004999999999998295e+01 1.358591550156926431e+01 9.460324944948659720e+00 8.614479094510095081e+00 1.055357318034267244e+01
6.110000000000000142e+01 7.039999999999999147e+01 6.575000000000000000e+01 1.214757087868493635e+01 1.050313232252392659e+01 1.855954086789558133e+01 1.373674802303481535e+01
6.470000000000000284e+01 7.379999999999999716e+01 6.925000000000000000e+01 8.260537251727113173e+00 8.218052357979434674e+00 1.863950629270291159e+01 1.170603196746981922e+01
6.129999999999999716e+01 7.170000000000000284e+01 6.650000000000000000e+01 7.840151990686121231e+00 9.179647478951549644e+00 2.030766113808883944e+01 1.244248686924216862e+01
6.780000000000001137e+01 6.950000000000000000e+01 6.865000000000000568e+01 7.669635128112098243e+00 9.934213625463325315e+00 1.134747355235519528e+01 9.650440768643539613e+00
6.579999999999999716e+01 7.070000000000000284e+01 6.825000000000000000e+01 1.301512063993529367e+01 8.501893430710220301e+00 8.162659270226525265e+00 9.893224446957347595e+00
6.170000000000000284e+01 6.870000000000000284e+01 6.520000000000000284e+01 8.709272512529594223e+00 8.505621364751588587e+00 1.767140427127592872e+01 1.162876604951903836e+01
6.470000000000000284e+01 7.220000000000000284e+01 6.845000000000000284e+01 7.691014880429371203e+00 8.446439553085781426e+00 1.739074105072081977e+01 1.117606516141199080e+01
6.919999999999998863e+01 7.189999999999999147e+01 7.054999999999998295e+01 1.078813588303480842e+01 8.771872162355231595e+00 6.852334009649119650e+00 8.804114018346387738e+00
6.100000000000000000e+01 6.989999999999999147e+01 6.544999999999998863e+01 1.247324571739095056e+01 8.478670881269202653e+00 3.148483973967828220e+01 1.747891877944614691e+01
6.959999999999999432e+01 7.229999999999999716e+01 7.094999999999998863e+01 7.506789557356224662e+00 9.760136550494546981e+00 9.612088825050136620e+00 8.959671644300302162e+00
7.100000000000000000e+01 7.050000000000000000e+01 7.075000000000000000e+01 7.868891331293717428e+00 9.754214492129840153e+00 1.000446743845311026e+01 9.209191087292223798e+00
7.129999999999999716e+01 7.109999999999999432e+01 7.119999999999998863e+01 7.493562474147953623e+00 9.256673127562121905e+00 1.034062986037380405e+01 9.030288487361291416e+00
7.109999999999999432e+01 7.100000000000000000e+01 7.104999999999999716e+01 1.155388571241033269e+01 9.893562389022735104e+00 8.135112843483467415e+00 9.860853648305512920e+00
6.919999999999998863e+01 7.170000000000000284e+01 7.044999999999998863e+01 7.106779671905119500e+00 8.944153426747005753e+00 7.751993247146628185e+00 7.934308781932917221e+00
6.039999999999999858e+01 7.440000000000000568e+01 6.740000000000000568e+01 8.866074204716719365e+00 8.510307496353620493e+00 1.623158794309040687e+01 1.120265654805358224e+01
6.900000000000000000e+01 7.070000000000000284e+01 6.984999999999999432e+01 9.546431880209794940e+00 9.504011632397018516e+00 6.186197518718392629e+00 8.412213677108402621e+00
6.860000000000000853e+01 7.279999999999999716e+01 7.070000000000000284e+01 7.374104527815390497e+00 8.157440406427033608e+00 6.746677251803101072e+00 7.426074062015175059e+00
6.860000000000000853e+01 7.089999999999999147e+01 6.975000000000000000e+01 7.433654737974551452e+00 1.700673957164810091e+01 5.849827667374107421e+00 1.009674065899891993e+01
6.790000000000000568e+01 7.029999999999999716e+01 6.909999999999999432e+01 6.944976710686527888e+00 1.007760507768604796e+01 5.847176850772786594e+00 7.623252879715121111e+00
6.700000000000000000e+01 6.840000000000000568e+01 6.770000000000000284e+01 8.481339616346351917e+00 8.552916255895492981e+00 6.990833714475439997e+00 8.008363195572426818e+00
6.700000000000000000e+01 6.969999999999998863e+01 6.834999999999999432e+01 1.119441180412721870e+01 1.093703403924863160e+01 5.183836485444116349e+00 9.105094109606655550e+00
7.009999999999999432e+01 6.939999999999999147e+01 6.975000000000000000e+01 9.488173545324304570e+00 1.073509515830012973e+01 6.395497145935137517e+00 8.872921949853191492e+00
7.059999999999999432e+01 7.229999999999999716e+01 7.144999999999998863e+01 7.827380183027059068e+00 1.229932484499352974e+01 6.432706040419663651e+00 8.853137022813417190e+00
6.089999999999999858e+01 7.200000000000000000e+01 6.645000000000000284e+01 8.194748924026090009e+00 7.372141004832312383e+00 1.932724950312299939e+01 1.163137981066046756e+01
6.050000000000000000e+01 7.059999999999999432e+01 6.554999999999999716e+01 8.088197537012668192e+00 9.656791820391880776e+00 1.951644972177624737e+01 1.242047969306026545e+01
6.790000000000000568e+01 7.070000000000000284e+01 6.930000000000001137e+01 8.919695327316649269e+00 7.962240520388726317e+00 7.164142764334649804e+00 8.015359537346673946e+00
7.000000000000000000e+01 6.830000000000001137e+01 6.915000000000000568e+01 1.212691061770395251e+01 9.566123518236178569e+00 1.032242384851697281e+01 1.067181932815236678e+01
7.039999999999999147e+01 7.270000000000000284e+01 7.154999999999999716e+01 1.031745829237730128e+01 1.102397990398067940e+01 7.638605879408117971e+00 9.660014691922032881e+00
6.679999999999999716e+01 6.909999999999999432e+01 6.794999999999998863e+01 8.857676867104050444e+00 1.442043489072664642e+01 9.668868832745774355e+00 1.098232686352549159e+01
6.760000000000000853e+01 7.340000000000000568e+01 7.050000000000000000e+01 9.995485440471478356e+00 1.113915985262924835e+01 1.095247997482224989e+01 1.069570842264099042e+01
6.289999999999999858e+01 7.329999999999999716e+01 6.809999999999999432e+01 8.256961958664675194e+00 9.313358400734003339e+00 2.781054974714555783e+01 1.512695670218141153e+01
6.610000000000000853e+01 6.900000000000000000e+01 6.755000000000001137e+01 8.604365740604718482e+00 9.594550831183438433e+00 6.659942592692074115e+00 8.286286388160077010e+00
6.640000000000000568e+01 7.039999999999999147e+01 6.840000000000000568e+01 7.603612395721276229e+00 9.009586644679334455e+00 6.626936224609217163e+00 7.746711755003275357e+00
6.959999999999999432e+01 6.790000000000000568e+01 6.875000000000000000e+01 9.144677411398317801e+00 1.014602888507331002e+01 6.237034318262920429e+00 8.509246871578183047e+00
6.820000000000000284e+01 6.770000000000000284e+01 6.795000000000000284e+01 1.122186782105692338e+01 1.039978970655122303e+01 5.323259800087650540e+00 8.981639109231933205e+00
7.009999999999999432e+01 6.820000000000000284e+01 6.915000000000000568e+01 8.972571420380246465e+00 9.774476673311914610e+00 6.432481016230452653e+00 8.393176369974204576e+00
6.629999999999999716e+01 7.220000000000000284e+01 6.925000000000000000e+01 8.540762966955554703e+00 1.471050261034044304e+01 1.722024613505329782e+01 1.349050390411643185e+01
7.309999999999999432e+01 7.139999999999999147e+01 7.225000000000000000e+01 7.245251288202806172e+00 1.378938453717438151e+01 4.962152959910231864e+00 8.665596261762471997e+00
5.959999999999999432e+01 7.200000000000000000e+01 6.579999999999999716e+01 1.101699648370685836e+01 9.074365483090522488e+00 1.797222098311198479e+01 1.268786098330311951e+01
6.650000000000000000e+01 7.000000000000000000e+01 6.825000000000000000e+01 7.118033573446397533e+00 8.812047151417353064e+00 7.375332167886315737e+00 7.768470964250021815e+00
7.159999999999999432e+01 7.120000000000000284e+01 7.140000000000000568e+01 9.937903674809271948e+00 9.111203860652704378e+00 1.153000880304720077e+01 1.019303877950306081e+01
6.969999999999998863e+01 7.189999999999999147e+01 7.079999999999998295e+01 7.628735966187933926e+00 9.566405935021430551e+00 7.639771082372788236e+00 8.278304327860718459e+00
6.579999999999999716e+01 7.150000000000000000e+01 6.865000000000000568e+01 8.238949302626480176e+00 7.912330117310177435e+00 7.582233046904473639e+00 7.911170822280376491e+00
5.969999999999999574e+01 7.189999999999999147e+01 6.579999999999999716e+01 8.624896511765541618e+00 9.750513937309698065e+00 1.847819147760127834e+01 1.228453397555883875e+01
7.059999999999999432e+01 7.019999999999998863e+01 7.039999999999999147e+01 7.860858438871437315e+00 8.676451816870722311e+00 8.444670076255613722e+00 8.327326777332592300e+00
7.170000000000000284e+01 7.050000000000000000e+01 7.109999999999999432e+01 7.123703736575537349e+00 1.018464248782505166e+01 7.657696577735245924e+00 8.322014267378611052e+00
7.039999999999999147e+01 6.479999999999999716e+01 6.759999999999999432e+01 1.189801030039566854e+01 8.775089006597781349e+00 7.993272865091155310e+00 9.555457390694868991e+00
6.210000000000000142e+01 7.150000000000000000e+01 6.679999999999999716e+01 1.534612502673416401e+01 8.368178339760650175e+00 2.317418058033531736e+01 1.562949464894337837e+01
6.750000000000000000e+01 7.220000000000000284e+01 6.984999999999999432e+01 8.522921800274808390e+00 1.030804854714319241e+01 6.017328390838843966e+00 8.282766246085616402e+00
6.440000000000000568e+01 7.159999999999999432e+01 6.800000000000000000e+01 9.112257819051897911e+00 1.238490745951988536e+01 2.075585705494725275e+01 1.408434077783967986e+01
6.350000000000000000e+01 7.359999999999999432e+01 6.854999999999999716e+01 9.780991786406280752e+00 8.875742002295258004e+00 1.948353020068183739e+01 1.271342132979445694e+01
6.450000000000000000e+01 7.079999999999999716e+01 6.765000000000000568e+01 9.927569719320631592e+00 9.845794568666038415e+00 2.083892951228636292e+01 1.353743126675767883e+01
6.919999999999998863e+01 6.939999999999999147e+01 6.929999999999998295e+01 8.268668061631830213e+00 1.433008903285657709e+01 2.931834845678046086e+00 8.510197313388816909e+00
7.120000000000000284e+01 7.200000000000000000e+01 7.159999999999999432e+01 1.258308454803012388e+01 8.574859619159386881e+00 7.816880791486329194e+00 9.658274986225281467e+00
6.860000000000000853e+01 7.050000000000000000e+01 6.955000000000001137e+01 9.128253499397160908e+00 1.152615095597767336e+01 7.112161179101181396e+00 9.255521878158672777e+00
6.710000000000000853e+01 7.129999999999999716e+01 6.920000000000000284e+01 1.653113287381944474e+01 8.567374891773974710e+00 1.184486375552605075e+01 1.231445717370648829e+01
6.510000000000000853e+01 7.179999999999999716e+01 6.845000000000000284e+01 9.559908226849843871e+00 9.320960289117783404e+00 1.900081020378998886e+01 1.262722623991920479e+01
6.959999999999999432e+01 7.200000000000000000e+01 7.079999999999999716e+01 6.993254534745448225e+00 9.964211827816287226e+00 6.640606665057783964e+00 7.866024342539840397e+00
6.909999999999999432e+01 7.209999999999999432e+01 7.059999999999999432e+01 7.935441686651372173e+00 1.990702248416405240e+01 5.592322470999426365e+00 1.114492888060495090e+01
6.279999999999999716e+01 7.120000000000000284e+01 6.700000000000000000e+01 1.011684683730283751e+01 1.005752988052751817e+01 1.936513429223628080e+01 1.317983700335554431e+01
6.250000000000000000e+01 7.320000000000000284e+01 6.784999999999999432e+01 9.185265522159383522e+00 8.617530282560036170e+00 1.669488227413673442e+01 1.149922602628538471e+01
6.139999999999999858e+01 7.200000000000000000e+01 6.670000000000000284e+01 1.267351682481918296e+01 1.237535653782722278e+01 1.901596937428577050e+01 1.468828091231072541e+01
6.420000000000000284e+01 7.189999999999999147e+01 6.804999999999999716e+01 1.670686887708724555e+01 8.594389363336141230e+00 6.308258540319871877e+00 1.053650559358108652e+01
6.879999999999999716e+01 7.189999999999999147e+01 7.034999999999999432e+01 8.439403879099389272e+00 1.213240515036011402e+01 7.335345618488174679e+00 9.302384882649226583e+00
6.929999999999999716e+01 7.200000000000000000e+01 7.065000000000000568e+01 8.358425718538997629e+00 9.255774509589203447e+00 1.002523074444768092e+01 9.213143657525293406e+00
7.179999999999999716e+01 6.989999999999999147e+01 7.084999999999999432e+01 1.377327400569605054e+01 1.371197640351075009e+01 6.509558188725288019e+00 1.133160286597736111e+01
6.650000000000000000e+01 6.780000000000001137e+01 6.715000000000000568e+01 1.029747982454111543e+01 2.099387959475371801e+01 2.065319704049961658e+01 1.731485215326481963e+01
7.179999999999999716e+01 6.979999999999999716e+01 7.079999999999999716e+01 1.082987731744998605e+01 9.323501657145888188e+00 1.189769752041193840e+01 1.068369216500260421e+01
6.830000000000001137e+01 6.979999999999999716e+01 6.905000000000001137e+01 1.516563485715884063e+01 9.605552149789001959e+00 6.273877949028763723e+00 1.034835498532553544e+01
6.939999999999999147e+01 6.690000000000000568e+01 6.815000000000000568e+01 7.884157747191243182e+00 9.545235597568963115e+00 8.395072023466610744e+00 8.608155122742273235e+00
6.220000000000000284e+01 7.039999999999999147e+01 6.629999999999999716e+01 8.646346661279812551e+00 1.070395742385215421e+01 1.262087993808555808e+01 1.065706134107250769e+01
6.620000000000000284e+01 7.270000000000000284e+01 6.945000000000000284e+01 1.308542328211540706e+01 1.000253193993292733e+01 5.510966657309258387e+00 9.532973959785865148e+00
6.660000000000000853e+01 7.039999999999999147e+01 6.850000000000000000e+01 1.176142450581049026e+01 8.707415068261591173e+00 6.278742912172072366e+00 8.915860828748051858e+00
5.969999999999999574e+01 7.159999999999999432e+01 6.564999999999999147e+01 1.050390217965519746e+01 9.259093603545039741e+00 2.022131461665758678e+01 1.332810346661927525e+01
6.820000000000000284e+01 7.050000000000000000e+01 6.934999999999999432e+01 6.886295088584547308e+00 1.674024169237035764e+01 6.548174037889746835e+00 1.005823693961488452e+01
6.989999999999999147e+01 7.009999999999999432e+01 7.000000000000000000e+01 9.852557081592356880e+00 1.444207917707306343e+01 1.142906000627244900e+01 1.190789875497929096e+01
6.850000000000000000e+01 7.070000000000000284e+01 6.959999999999999432e+01 8.712841599312731944e+00 9.262312063408073115e+00 5.114317116681857733e+00 7.696490259800888190e+00
6.520000000000000284e+01 7.139999999999999147e+01 6.829999999999999716e+01 1.266856356805853601e+01 9.318185174490649203e+00 6.553804978510981094e+00 9.513517907020055731e+00
6.969999999999998863e+01 7.129999999999999716e+01 7.050000000000000000e+01 8.597059420340350755e+00 8.852060913387918006e+00 1.600635934470923871e+01 1.115182655947916857e+01
6.800000000000000000e+01 7.309999999999999432e+01 7.054999999999999716e+01 6.982689234432886138e+00 8.495914906411060841e+00 8.211385668050848352e+00 7.896663269631598148e+00
6.210000000000000142e+01 7.309999999999999432e+01 6.759999999999999432e+01 9.882392705721530390e+00 7.993635161376803744e+00 1.929137002532522871e+01 1.238913263080785576e+01
6.620000000000000284e+01 7.059999999999999432e+01 6.840000000000000568e+01 1.099311202913095187e+01 9.371102579621135575e+00 1.698883133377749033e+01 1.245101531417652474e+01
6.790000000000000568e+01 7.100000000000000000e+01 6.945000000000000284e+01 8.294342201742047394e+00 7.895579772191245738e+00 9.823106013222922428e+00 8.671009329052072445e+00
