5.210000000000000142e+01 6.329999999999999716e+01 5.770000000000000284e+01 1.599699227625424314e+01 1.698438376798524274e+01 6.907236391442120294e+01 3.401791331955356412e+01
6.089999999999999858e+01 6.139999999999999858e+01 6.114999999999999858e+01 1.614201074852468665e+01 2.206710851761171810e+01 9.825076196869016343e+00 1.601139848766847251e+01
5.769999999999999574e+01 5.570000000000000284e+01 5.670000000000000284e+01 1.619989854672761354e+01 2.418944248781056316e+01 1.525631773637459077e+01 1.854855292363759034e+01
6.490000000000000568e+01 6.270000000000000284e+01 6.380000000000000426e+01 1.410221128062071827e+01 1.766132058759319534e+01 1.480506263586067739e+01 1.552286483469153033e+01
6.490000000000000568e+01 6.029999999999999716e+01 6.260000000000000142e+01 1.599294279603070379e+01 1.600411419067981456e+01 1.019434592288243913e+01 1.406380096986431916e+01
6.119999999999999574e+01 6.129999999999999716e+01 6.125000000000000000e+01 1.628467436458704398e+01 1.682035062311798512e+01 9.038088335770943615e+00 1.404770444115865757e+01
6.310000000000000142e+01 6.019999999999999574e+01 6.164999999999999858e+01 1.663920595372071887e+01 2.468075136006302017e+01 1.354313566452852768e+01 1.828769765943742343e+01
5.929999999999999716e+01 5.689999999999999147e+01 5.809999999999999432e+01 1.720685949888693855e+01 1.977189277642355947e+01 9.832176942345476789e+00 1.560364307255199101e+01
6.329999999999999716e+01 6.409999999999999432e+01 6.369999999999999574e+01 1.575501176199389874e+01 2.002277984256365073e+01 1.528264036072234688e+01 1.702014398842663212e+01
6.270000000000000284e+01 6.039999999999999858e+01 6.154999999999999716e+01 1.890009854022488511e+01 1.914238954672566706e+01 1.664402921138599112e+01 1.822883909944551561e+01
5.950000000000000000e+01 5.719999999999999574e+01 5.834999999999999432e+01 1.458430716945772687e+01 1.948822616451185397e+01 1.206159425327264856e+01 1.537804252908074432e+01
5.270000000000000284e+01 5.959999999999999432e+01 5.614999999999999858e+01 2.176834713181814607e+01 1.946159616467634379e+01 7.575237343830862358e+01 3.899410557826769974e+01
6.400000000000000000e+01 5.550000000000000711e+01 5.975000000000000000e+01 2.061787197810335215e+01 1.904010155032443308e+01 1.161129330919575509e+01 1.708975561254118247e+01
6.370000000000000284e+01 6.200000000000000000e+01 6.285000000000000142e+01 1.656560140901264688e+01 1.867256040181706567e+01 9.053123155773716846e+00 1.476376165553447528e+01
6.050000000000000000e+01 6.289999999999999858e+01 6.170000000000000284e+01 1.632751044630029114e+01 1.848906109256186880e+01 1.215223390489347999e+01 1.565626848125187998e+01
6.200000000000000000e+01 5.759999999999999432e+01 5.979999999999999716e+01 1.675660600351592677e+01 1.762306165766919364e+01 1.184325973053106829e+01 1.540764246390539682e+01
5.540000000000000568e+01 5.029999999999999716e+01 5.285000000000000142e+01 1.686047284110531308e+01 1.826266826847136215e+01 1.242389538149814499e+01 1.584901216369160615e+01
6.540000000000000568e+01 5.839999999999999858e+01 6.190000000000000568e+01 1.480007711224503097e+01 1.863254982039939733e+01 1.267228485562810825e+01 1.536830392942417767e+01
5.350000000000000000e+01 6.009999999999999432e+01 5.679999999999999716e+01 1.781513283341664078e+01 1.780933731197590930e+01 7.636713703225477445e+01 3.733053572588244151e+01
6.450000000000000000e+01 6.210000000000000142e+01 6.329999999999999716e+01 1.608509125904483383e+01 1.697382831463771069e+01 1.453925107821910423e+01 1.586605688396721625e+01
6.069999999999999574e+01 5.789999999999999858e+01 5.929999999999999716e+01 1.582761593057837501e+01 2.049873689133267973e+01 9.841176834193698042e+00 1.538917655203491819e+01
6.289999999999999858e+01 6.380000000000000426e+01 6.335000000000000142e+01 1.733021458490652122e+01 2.021512001391146640e+01 1.168482046080776193e+01 1.641005168654191593e+01
6.629999999999999716e+01 6.490000000000000568e+01 6.559999999999999432e+01 1.744169874297269374e+01 1.613456854871775192e+01 1.349875474282388765e+01 1.569167401150477836e+01
5.600000000000000711e+01 5.900000000000000000e+01 5.750000000000000000e+01 1.785771422572637590e+01 1.762107415460389959e+01 6.624769035377666171e+01 3.390882624470231121e+01
5.950000000000000000e+01 5.050000000000000000e+01 5.500000000000000000e+01 1.719479980999193458e+01 1.676843875973142417e+01 1.773714428518141872e+01 1.723346095163492464e+01
5.919999999999999574e+01 5.310000000000000142e+01 5.614999999999999858e+01 1.689717322326291082e+01 1.681023904029124694e+01 1.201887591343288086e+01 1.524209605899567954e+01
5.929999999999999716e+01 5.739999999999999858e+01 5.834999999999999432e+01 1.635696746892246622e+01 1.734992434623315205e+01 1.090123739247636969e+01 1.486937640254399362e+01
6.079999999999999716e+01 5.839999999999999858e+01 5.959999999999999432e+01 1.409546553620686282e+01 1.771618770577505941e+01 1.180429240210477460e+01 1.453864854802889717e+01
5.310000000000000142e+01 6.550000000000000000e+01 5.929999999999999716e+01 1.477375847891786798e+01 1.699924296696285708e+01 6.919885593325865614e+01 3.365728579304646217e+01
6.289999999999999858e+01 5.759999999999999432e+01 6.025000000000000000e+01 1.683323995588252231e+01 2.307049533197491797e+01 1.152018046653607897e+01 1.714130525146450523e+01
4.739999999999999858e+01 6.150000000000000000e+01 5.445000000000000284e+01 1.630071440019414908e+01 1.716857387056354511e+01 6.429502626114341979e+01 3.258810484396703799e+01
5.639999999999999147e+01 6.350000000000000000e+01 5.994999999999999574e+01 1.917506852804852713e+01 1.675644112419952592e+01 7.168670242414299310e+01 3.587273735879701775e+01
5.139999999999999858e+01 6.720000000000000284e+01 5.929999999999999716e+01 1.555653718289960530e+01 2.199959403021463089e+01 7.047756294653797227e+01 3.601123138655074030e+01
6.060000000000000142e+01 5.320000000000000284e+01 5.690000000000000568e+01 1.829415139049093497e+01 1.749408674120178731e+01 1.039489820557929178e+01 1.539437877909067254e+01
6.170000000000000284e+01 5.969999999999999574e+01 6.070000000000000284e+01 1.383970285742126194e+01 1.973058483305953814e+01 9.567236288368178521e+00 1.437917465961632502e+01
6.320000000000000284e+01 6.150000000000000000e+01 6.235000000000000142e+01 1.400855005862552716e+01 1.880483924793654893e+01 1.305697397710189023e+01 1.529012109455465485e+01
5.450000000000000711e+01 6.050000000000000000e+01 5.750000000000000000e+01 1.675909214501782429e+01 2.022031849209116672e+01 7.087181269205959211e+01 3.595040777638953244e+01
6.620000000000000284e+01 6.129999999999999716e+01 6.375000000000000000e+01 1.677728932476779988e+01 1.851979060226472029e+01 9.375476591130485815e+00 1.489085217272100259e+01
6.029999999999999716e+01 5.669999999999999574e+01 5.850000000000000000e+01 1.827200793245414090e+01 2.747553697750376145e+01 1.333557833431455997e+01 1.969437441475748685e+01
6.500000000000000000e+01 6.250000000000000000e+01 6.375000000000000000e+01 1.733025288021628540e+01 1.733774527843613100e+01 9.930000072724192606e+00 1.486599941045886908e+01
5.709999999999999432e+01 5.550000000000000711e+01 5.629999999999999716e+01 1.657501184700318930e+01 1.671066847684419088e+01 1.292672752923285096e+01 1.540413595102674371e+01
4.769999999999999574e+01 6.730000000000001137e+01 5.750000000000000000e+01 1.554138137174733458e+01 1.940851086208311571e+01 6.689753896271507472e+01 3.394914373218184522e+01
6.079999999999999716e+01 5.989999999999999858e+01 6.034999999999999432e+01 1.403453148989854071e+01 1.870072104806094870e+01 9.482171946345378188e+00 1.407247482810162431e+01
5.510000000000000142e+01 6.089999999999999858e+01 5.800000000000000000e+01 1.583456949595503893e+01 2.582617434748461349e+01 6.891395078081322367e+01 3.685823154141763069e+01
6.170000000000000284e+01 5.839999999999999858e+01 6.004999999999999716e+01 1.622233072909976315e+01 2.059611864650004875e+01 1.062051862610407582e+01 1.581298933390129413e+01
5.679999999999999716e+01 6.170000000000000284e+01 5.925000000000000000e+01 1.666658711130772375e+01 1.601723408295148587e+01 1.217121286561743609e+01 1.495167801995888190e+01
6.470000000000000284e+01 6.060000000000000142e+01 6.265000000000000568e+01 1.725186891451533810e+01 1.915460799909935474e+01 1.455404452335348786e+01 1.698684047898939653e+01
6.029999999999999716e+01 5.789999999999999858e+01 5.909999999999999432e+01 1.864000401303493604e+01 2.221408661717045163e+01 1.150632792520939951e+01 1.745347285180492847e+01
5.570000000000000284e+01 5.769999999999999574e+01 5.670000000000000284e+01 1.325288967381802685e+01 1.661238013675626490e+01 7.159054019500112531e+01 3.381860333519180273e+01
6.170000000000000284e+01 5.759999999999999432e+01 5.964999999999999858e+01 1.754709690800477873e+01 2.143027423459365366e+01 1.495533584862382881e+01 1.797756899707408706e+01
6.360000000000000142e+01 5.919999999999999574e+01 6.139999999999999858e+01 1.765893958524514673e+01 1.884360536774315875e+01 1.526655271107241951e+01 1.725636588802024107e+01
6.300000000000000000e+01 6.310000000000000142e+01 6.304999999999999716e+01 1.443069055826112468e+01 2.239242470631915438e+01 1.453906450225136204e+01 1.712072658894388155e+01
5.139999999999999858e+01 6.730000000000001137e+01 5.935000000000000853e+01 1.790099727276673391e+01 1.695266643815128305e+01 7.502648988038437494e+01 3.662671786376746041e+01
6.560000000000000853e+01 5.969999999999999574e+01 6.265000000000000568e+01 1.584804099173574876e+01 2.025845566898187045e+01 1.433002340008144770e+01 1.681217335359968956e+01
6.979999999999999716e+01 5.639999999999999147e+01 6.309999999999999432e+01 1.647198082215991732e+01 2.272411849231534120e+01 1.185065089590508158e+01 1.701558340346011633e+01
4.989999999999999858e+01 6.000000000000000000e+01 5.495000000000000284e+01 1.870349585024132821e+01 1.692588190558905481e+01 6.927854011467901785e+01 3.496930595683647169e+01
6.100000000000000000e+01 5.580000000000000426e+01 5.840000000000000568e+01 1.556324350459971306e+01 2.000622739614452072e+01 1.100419627374164300e+01 1.552455572482862500e+01
6.460000000000000853e+01 6.229999999999999716e+01 6.345000000000000284e+01 1.582526528560903856e+01 1.951545704250223068e+01 1.274304125741227445e+01 1.602792119517451397e+01
6.069999999999999574e+01 5.689999999999999147e+01 5.879999999999999716e+01 1.904469785782072933e+01 1.697619803307313546e+01 1.550469687136384422e+01 1.717519758741923752e+01
6.079999999999999716e+01 6.039999999999999858e+01 6.059999999999999432e+01 1.722192960042812615e+01 2.029024163840763961e+01 1.452103933773846656e+01 1.734440352552474351e+01
6.440000000000000568e+01 6.629999999999999716e+01 6.534999999999999432e+01 1.752111256457625643e+01 2.093113521681349098e+01 1.266916880901720077e+01 1.704047219680231606e+01
6.490000000000000568e+01 6.029999999999999716e+01 6.260000000000000142e+01 1.655314049641223306e+01 1.565627453749591780e+01 1.409937599923727625e+01 1.543626367771514118e+01
6.029999999999999716e+01 5.400000000000000000e+01 5.714999999999999858e+01 1.721678214781545435e+01 1.747430637409236098e+01 1.608412496912529477e+01 1.692507116367770337e+01
6.150000000000000000e+01 5.530000000000000426e+01 5.840000000000000568e+01 1.623157477748317490e+01 1.838476582143271898e+01 1.223109525819041821e+01 1.561581195236877306e+01
6.260000000000000142e+01 6.079999999999999716e+01 6.170000000000000284e+01 1.666750025917143319e+01 1.861186666343766660e+01 1.275346783359278469e+01 1.601094491873396208e+01
6.050000000000000000e+01 6.989999999999999147e+01 6.519999999999998863e+01 1.559436561417238742e+01 1.642378135170029196e+01 1.075714633923240449e+01 1.425843110170169581e+01
6.129999999999999716e+01 6.479999999999999716e+01 6.304999999999999716e+01 1.779654299319116006e+01 1.838366684221352187e+01 1.277848954219559729e+01 1.631956645920009308e+01
6.189999999999999858e+01 5.430000000000000426e+01 5.810000000000000142e+01 1.499437827157036907e+01 1.781104631424838658e+01 1.452320203844177016e+01 1.577620887475350742e+01
5.669999999999999574e+01 6.370000000000000284e+01 6.020000000000000284e+01 1.813411193406067667e+01 1.871166556022516403e+01 6.581610520143766507e+01 3.422062756524116622e+01
6.210000000000000142e+01 6.050000000000000000e+01 6.129999999999999716e+01 1.661666466981890267e+01 1.916357938717363396e+01 1.238075310659899309e+01 1.605366572119717716e+01
5.570000000000000284e+01 6.320000000000000284e+01 5.945000000000000284e+01 1.521694657428814068e+01 1.591738849651229160e+01 7.307824051441102142e+01 3.473752519507048220e+01
6.300000000000000000e+01 5.869999999999999574e+01 6.084999999999999432e+01 1.665200459728345095e+01 2.050918545426890915e+01 9.962174970196794987e+00 1.570778834058305051e+01
6.629999999999999716e+01 6.189999999999999858e+01 6.409999999999999432e+01 1.433975259773825428e+01 1.859028216060605487e+01 8.998846494211525382e+00 1.397629375085194425e+01
6.510000000000000853e+01 6.350000000000000000e+01 6.430000000000001137e+01 1.605165747017823819e+01 2.034159377702021843e+01 1.224493945203080436e+01 1.621273023307642092e+01
5.889999999999999858e+01 5.959999999999999432e+01 5.925000000000000000e+01 1.620174880337103573e+01 1.677997799121069988e+01 1.276224415693670267e+01 1.524799031717281217e+01
5.089999999999999858e+01 6.329999999999999716e+01 5.709999999999999432e+01 1.712887996884051134e+01 1.695277611131379203e+01 6.598520352161064295e+01 3.335561986725497974e+01
5.370000000000000284e+01 6.339999999999999858e+01 5.854999999999999716e+01 1.747921698461020767e+01 1.939445879425021246e+01 6.520359132675879721e+01 3.402575570187307363e+01
6.370000000000000284e+01 6.470000000000000284e+01 6.420000000000000284e+01 1.742210970940428894e+01 1.688914913204386536e+01 1.025412176446523205e+01 1.485512686863779486e+01
6.479999999999999716e+01 6.300000000000000000e+01 6.389999999999999858e+01 1.800969159796517616e+01 1.978465991623739484e+01 1.030689839951132925e+01 1.603374997123796675e+01
5.769999999999999574e+01 5.240000000000000568e+01 5.504999999999999716e+01 1.658105909682315726e+01 1.863978885766920257e+01 1.156827519314074415e+01 1.559637438254436681e+01
5.189999999999999858e+01 6.350000000000000000e+01 5.770000000000000284e+01 1.632141018287766698e+01 2.226399082186854983e+01 6.779405612153149718e+01 3.545981904209256896e+01
6.179999999999999716e+01 6.579999999999999716e+01 6.379999999999999716e+01 1.777703779545996099e+01 1.825805917192032979e+01 1.366975981639083848e+01 1.656828559459037464e+01
5.520000000000000284e+01 6.150000000000000000e+01 5.835000000000000142e+01 1.655698202083561554e+01 1.755495453734215872e+01 6.522465174467075144e+01 3.311219610094951094e+01
6.160000000000000142e+01 5.919999999999999574e+01 6.039999999999999858e+01 1.948049797121590387e+01 2.089427734369998646e+01 1.094648542831097515e+01 1.710708691440895635e+01
5.859999999999999432e+01 6.029999999999999716e+01 5.944999999999999574e+01 1.733003132311749539e+01 1.629637402951993153e+01 1.386087771090035936e+01 1.582909435451259661e+01
5.749999999999999289e+01 5.969999999999999574e+01 5.859999999999999432e+01 1.770623209321007963e+01 1.658411457908721687e+01 1.360444445741153174e+01 1.596493037656961000e+01
6.079999999999999716e+01 5.959999999999999432e+01 6.019999999999999574e+01 1.522588338680123599e+01 1.834168089871575802e+01 1.769251423713434335e+01 1.708669284088378149e+01
6.570000000000000284e+01 6.129999999999999716e+01 6.350000000000000000e+01 1.662670766839426761e+01 1.795074810226208228e+01 9.907460177762777320e+00 1.482830531613971026e+01
5.400000000000000000e+01 6.019999999999999574e+01 5.709999999999999432e+01 1.431008561488250663e+01 1.861609564134942474e+01 7.300269988498465068e+01 3.530962704707219046e+01
6.139999999999999858e+01 5.939999999999999858e+01 6.039999999999999858e+01 1.663052236131658645e+01 1.689605810537570107e+01 9.838746199633744638e+00 1.445510888877534406e+01
5.939999999999999858e+01 5.809999999999999432e+01 5.875000000000000000e+01 1.412032201680948873e+01 1.840412631351027173e+01 9.815175714840915333e+00 1.411320801505355860e+01
6.170000000000000284e+01 6.300000000000000000e+01 6.235000000000000142e+01 1.866458421278847979e+01 2.053543404485186841e+01 9.820126454006633310e+00 1.634004823721566169e+01
5.280000000000000426e+01 6.279999999999999716e+01 5.779999999999999716e+01 1.397082234287456615e+01 1.989119586812568485e+01 7.134498966718568624e+01 3.506900262606198027e+01
6.139999999999999858e+01 6.460000000000000853e+01 6.300000000000000000e+01 1.650182698995848085e+01 2.171101298703906224e+01 1.474747308536594481e+01 1.765343768745449538e+01
6.620000000000000284e+01 6.250000000000000000e+01 6.434999999999999432e+01 2.144510608718916700e+01 1.904353208010549281e+01 1.160714826126820398e+01 1.736526214285428793e+01
6.029999999999999716e+01 5.610000000000000853e+01 5.820000000000000284e+01 1.400997125904841134e+01 1.675364496592276353e+01 1.156472256035266888e+01 1.410944626177461458e+01
6.610000000000000853e+01 6.310000000000000142e+01 6.460000000000000853e+01 1.605734853608295865e+01 2.123078073313907055e+01 1.524691749558118303e+01 1.751168225493440289e+01
6.590000000000000568e+01 6.470000000000000284e+01 6.530000000000001137e+01 1.634660441840282985e+01 1.598353112753401817e+01 1.391604090073867184e+01 1.541539214889183995e+01
5.919999999999999574e+01 5.909999999999999432e+01 5.914999999999999147e+01 1.420799379551382557e+01 1.810082377360438244e+01 1.150617202417300433e+01 1.460499653109707019e+01
6.629999999999999716e+01 5.709999999999999432e+01 6.169999999999999574e+01 1.758216546255346557e+01 1.992648635269145174e+01 1.792428151559065697e+01 1.847764444361185809e+01
