6.160000000000000142e+01 5.460000000000000142e+01 5.810000000000000142e+01 1.414258941052601593e+01 1.778725877643989506e+01 1.150592360603965503e+01 1.447859059766852319e+01
6.050000000000000000e+01 5.600000000000000711e+01 5.825000000000000000e+01 1.406947934089400576e+01 2.398496496543921452e+01 1.230048188587757529e+01 1.678497539740359912e+01
5.959999999999999432e+01 5.649999999999999289e+01 5.804999999999999716e+01 1.744330648453586008e+01 1.898109034501256787e+01 1.565074982827550443e+01 1.735838221927464531e+01
5.879999999999999716e+01 5.510000000000000142e+01 5.695000000000000284e+01 1.425791955373209063e+01 1.711827473186298576e+01 1.151615735029920273e+01 1.429745054529809245e+01
6.160000000000000142e+01 5.550000000000000711e+01 5.855000000000000426e+01 1.433932908243000526e+01 1.723022100345788488e+01 1.152494897820050745e+01 1.436483302136279860e+01
6.029999999999999716e+01 5.709999999999999432e+01 5.869999999999999574e+01 1.571677521641675845e+01 1.749406371284930373e+01 1.152802769566106988e+01 1.491295554164237558e+01
5.900000000000000000e+01 5.510000000000000142e+01 5.704999999999999716e+01 1.401890358477946208e+01 1.798026595048396814e+01 1.531748415743974867e+01 1.577221789756772630e+01
6.079999999999999716e+01 5.669999999999999574e+01 5.875000000000000000e+01 1.408816450319254976e+01 2.359646249120114447e+01 1.319800129532167432e+01 1.696087609657179129e+01
6.039999999999999858e+01 5.570000000000000284e+01 5.804999999999999716e+01 1.437806990999444245e+01 1.963280875173721185e+01 1.221520418934319352e+01 1.540869428369161653e+01
6.050000000000000000e+01 5.699999999999999289e+01 5.875000000000000000e+01 1.679571737557929012e+01 1.682310307322418552e+01 1.165667840177267145e+01 1.509183295019204962e+01
5.909999999999999432e+01 5.550000000000000711e+01 5.729999999999999716e+01 1.415895724864694394e+01 1.725865098886258409e+01 2.162000301594340357e+01 1.767920375115097542e+01
6.039999999999999858e+01 5.610000000000000853e+01 5.825000000000000000e+01 1.506365666386705549e+01 2.069232136454948545e+01 1.502962821522164383e+01 1.692853541454606159e+01
6.170000000000000284e+01 5.669999999999999574e+01 5.920000000000000284e+01 1.445666952081590928e+01 1.666605113630780366e+01 1.188237896573405905e+01 1.433503320761925615e+01
6.019999999999999574e+01 5.520000000000000284e+01 5.770000000000000284e+01 1.510654163139705020e+01 1.723247988970238254e+01 1.208649620672682445e+01 1.480850590927541965e+01
5.979999999999999716e+01 5.819999999999999574e+01 5.900000000000000000e+01 1.471501303004990291e+01 1.889628356380481478e+01 1.858139242276926240e+01 1.739756300554132551e+01
6.079999999999999716e+01 5.679999999999999716e+01 5.879999999999999716e+01 1.510731017525422715e+01 2.002051744714460213e+01 1.315421788104848844e+01 1.609401516781577257e+01
6.069999999999999574e+01 5.600000000000000711e+01 5.835000000000000142e+01 1.445876783021627077e+01 1.752806056513408350e+01 1.731789500118404845e+01 1.643490779884480091e+01
6.009999999999999432e+01 5.779999999999999716e+01 5.894999999999999574e+01 1.535610877665792273e+01 1.690586012148206407e+01 1.689886577947945412e+01 1.638694489253981246e+01
6.050000000000000000e+01 5.590000000000000568e+01 5.820000000000000284e+01 1.400860158680737655e+01 1.666287111959292133e+01 1.355009522801097432e+01 1.474052264480375563e+01
6.150000000000000000e+01 5.929999999999999716e+01 6.039999999999999858e+01 1.404811703880565155e+01 1.854396522370070244e+01 1.231553969694198969e+01 1.496920731981611397e+01
5.929999999999999716e+01 5.520000000000000284e+01 5.725000000000000000e+01 1.403398331129350751e+01 1.960215966845434465e+01 1.162443066550008908e+01 1.508685788174931552e+01
5.989999999999999858e+01 5.600000000000000711e+01 5.795000000000000284e+01 1.494735802642780698e+01 1.729509654061450874e+01 1.316098263699783111e+01 1.513447906801338227e+01
5.959999999999999432e+01 5.550000000000000711e+01 5.754999999999999716e+01 1.479208477921113385e+01 1.776937419883704905e+01 1.398082844843438544e+01 1.551409580882752159e+01
6.079999999999999716e+01 5.430000000000000426e+01 5.754999999999999716e+01 1.423988943744593172e+01 1.910262690456594470e+01 1.213255013385234271e+01 1.515835549195473853e+01
5.900000000000000000e+01 5.729999999999999716e+01 5.814999999999999858e+01 1.402344806343791817e+01 1.741197479595896169e+01 1.155531285639541039e+01 1.433024523859742949e+01
6.160000000000000142e+01 5.610000000000000853e+01 5.885000000000000853e+01 1.534065201664015454e+01 1.708634001420123028e+01 1.395622882207226390e+01 1.546107361763788113e+01
5.819999999999999574e+01 5.550000000000000711e+01 5.685000000000000142e+01 1.502843010872669183e+01 2.037003293824589534e+01 1.315904534413246374e+01 1.618583613036835089e+01
5.989999999999999858e+01 5.900000000000000000e+01 5.945000000000000284e+01 1.406234364725989217e+01 1.702007892476585127e+01 1.256697306744065301e+01 1.454979854648879645e+01
5.859999999999999432e+01 5.859999999999999432e+01 5.859999999999999432e+01 1.403023704960630269e+01 1.982254793652444746e+01 1.150806411295619824e+01 1.512028303302898280e+01
5.979999999999999716e+01 5.689999999999999147e+01 5.834999999999999432e+01 1.409556996100573478e+01 1.899860159201592325e+01 1.354011167671010618e+01 1.554476107657725414e+01
6.079999999999999716e+01 5.530000000000000426e+01 5.804999999999999716e+01 1.552164744073259683e+01 1.720282062373383525e+01 1.347789682117731047e+01 1.540078829521458204e+01
6.029999999999999716e+01 5.629999999999999716e+01 5.829999999999999716e+01 1.402379805502263288e+01 1.691674662176053801e+01 1.194111594463558745e+01 1.429388687380625278e+01
6.189999999999999858e+01 5.719999999999999574e+01 5.954999999999999716e+01 1.664958732875903991e+01 1.733851666762961941e+01 1.528668033383168456e+01 1.642492811007344855e+01
5.979999999999999716e+01 5.580000000000000426e+01 5.779999999999999716e+01 1.401278593041085152e+01 1.931150888140550492e+01 1.433132367007141283e+01 1.588520616062925761e+01
6.009999999999999432e+01 5.480000000000000426e+01 5.745000000000000284e+01 1.490610093662371938e+01 1.757813790704172874e+01 1.248085122422362936e+01 1.498836335596302582e+01
6.189999999999999858e+01 5.610000000000000853e+01 5.900000000000000000e+01 1.466073570268756399e+01 2.394996589735959702e+01 1.275703836076871056e+01 1.712257998693862504e+01
6.189999999999999858e+01 5.500000000000000711e+01 5.845000000000000284e+01 1.406793917679770800e+01 1.839492599392319150e+01 1.231403852098225826e+01 1.492563456390105436e+01
6.089999999999999858e+01 5.629999999999999716e+01 5.859999999999999432e+01 1.401848171879818139e+01 1.738360523931838131e+01 1.461269979694163901e+01 1.533826225168606783e+01
6.119999999999999574e+01 5.570000000000000284e+01 5.845000000000000284e+01 1.610733907049532831e+01 1.836222464978913393e+01 1.299014620352639504e+01 1.581990330793695243e+01
5.989999999999999858e+01 5.659999999999999432e+01 5.825000000000000000e+01 1.426920380374951414e+01 1.829190285523699799e+01 1.256712313058607222e+01 1.504274326319086263e+01
6.160000000000000142e+01 5.580000000000000426e+01 5.870000000000000284e+01 1.410830499659682147e+01 1.686879013856090381e+01 1.823129381831219575e+01 1.640279631782330583e+01
6.119999999999999574e+01 5.699999999999999289e+01 5.909999999999999432e+01 1.414606278128923655e+01 1.753741037694035754e+01 1.311911900744668102e+01 1.493419738855875778e+01
5.939999999999999858e+01 5.550000000000000711e+01 5.745000000000000284e+01 1.573838919593144325e+01 1.724862909517646870e+01 1.363637147775958702e+01 1.554112992295583418e+01
5.859999999999999432e+01 5.639999999999999147e+01 5.749999999999999289e+01 1.407979767335522681e+01 1.666285440082228675e+01 1.289542765033856142e+01 1.454602657483869166e+01
6.170000000000000284e+01 5.570000000000000284e+01 5.870000000000000284e+01 1.404896745445636874e+01 1.759701765681273500e+01 1.185293344639289970e+01 1.449963951922067018e+01
5.869999999999999574e+01 5.600000000000000711e+01 5.735000000000000142e+01 1.726092196664002643e+01 2.160887333381936415e+01 2.056525927585171232e+01 1.981168485877036645e+01
6.139999999999999858e+01 5.490000000000000568e+01 5.815000000000000568e+01 1.572445364774676335e+01 1.676499008239894906e+01 1.656229540532812194e+01 1.635057971182461145e+01
6.100000000000000000e+01 5.590000000000000568e+01 5.845000000000000284e+01 1.847844885976565976e+01 1.880666942662641006e+01 1.387130768186753649e+01 1.705214198941986936e+01
6.239999999999999858e+01 5.530000000000000426e+01 5.885000000000000142e+01 1.738583178534535989e+01 2.067004252972127887e+01 1.231749375338532460e+01 1.679112268948398778e+01
6.089999999999999858e+01 5.669999999999999574e+01 5.879999999999999716e+01 1.747091469686167997e+01 1.762576335420605389e+01 1.155398970808343151e+01 1.555022258638372001e+01
6.000000000000000000e+01 5.260000000000000142e+01 5.629999999999999716e+01 1.405542640608820015e+01 1.669154511995117929e+01 1.218304994717295742e+01 1.431000715773744503e+01
5.989999999999999858e+01 5.620000000000000284e+01 5.804999999999999716e+01 1.447592193665279225e+01 1.779995367552026764e+01 1.618184425413742744e+01 1.615257328877016008e+01
6.029999999999999716e+01 5.490000000000000568e+01 5.760000000000000142e+01 1.419425367338757127e+01 2.026594296177839638e+01 1.180851599294145338e+01 1.542290420936914153e+01
6.100000000000000000e+01 5.480000000000000426e+01 5.790000000000000568e+01 1.513533236763091594e+01 1.726750910917319715e+01 1.219399169448106512e+01 1.486561105709505881e+01
5.929999999999999716e+01 5.570000000000000284e+01 5.750000000000000000e+01 1.521962039607692141e+01 1.690535752030788785e+01 1.301549836958344741e+01 1.504682542865608497e+01
6.220000000000000284e+01 5.600000000000000711e+01 5.910000000000000853e+01 1.403477402017375653e+01 1.671822079843805398e+01 1.191474078139681581e+01 1.422257853333620936e+01
6.019999999999999574e+01 5.829999999999999716e+01 5.925000000000000000e+01 1.489004221573366493e+01 1.730197073394043628e+01 1.227839461852324199e+01 1.482346918939911440e+01
5.909999999999999432e+01 5.540000000000000568e+01 5.725000000000000000e+01 1.438517066973852643e+01 1.719678558961756210e+01 1.150441138286904952e+01 1.436212254740838112e+01
6.150000000000000000e+01 5.590000000000000568e+01 5.870000000000000284e+01 1.683581759094322194e+01 1.797598364633340040e+01 1.389060714749741088e+01 1.623413612825801167e+01
5.909999999999999432e+01 5.430000000000000426e+01 5.670000000000000284e+01 1.415200030802922271e+01 2.121330171383690910e+01 1.534424217673166524e+01 1.690318139953259902e+01
6.079999999999999716e+01 5.310000000000000142e+01 5.695000000000000284e+01 1.464695005203899214e+01 2.196576305750685165e+01 1.270170242049665710e+01 1.643813851001416637e+01
6.019999999999999574e+01 5.659999999999999432e+01 5.839999999999999147e+01 1.441603422174808280e+01 1.672202016591020168e+01 1.198849522947836377e+01 1.437551653904554883e+01
6.069999999999999574e+01 5.550000000000000711e+01 5.810000000000000142e+01 1.445522823228541931e+01 1.831344906178373222e+01 1.270193166737906054e+01 1.515686965381606832e+01
6.029999999999999716e+01 5.659999999999999432e+01 5.844999999999999574e+01 1.403720233532912687e+01 1.722371874387003743e+01 1.380232644090290073e+01 1.502108250670068834e+01
6.100000000000000000e+01 5.669999999999999574e+01 5.884999999999999432e+01 1.482097962229785537e+01 1.701136402676846515e+01 1.752168758891289713e+01 1.645134374599307137e+01
5.959999999999999432e+01 5.679999999999999716e+01 5.819999999999999574e+01 1.401503815383668972e+01 1.701067282252222412e+01 1.191173757647055353e+01 1.431248285094315520e+01
6.029999999999999716e+01 5.769999999999999574e+01 5.900000000000000000e+01 1.455167818559527149e+01 1.697942883329639940e+01 1.164026032247134168e+01 1.439045578045433693e+01
6.050000000000000000e+01 5.460000000000000142e+01 5.754999999999999716e+01 1.466226302848274976e+01 1.713812327046615636e+01 1.202790425779206096e+01 1.460943018558032236e+01
6.089999999999999858e+01 5.470000000000000284e+01 5.779999999999999716e+01 1.401546581745243358e+01 1.701488194589353142e+01 1.438170813688250327e+01 1.513735196674282157e+01
6.129999999999999716e+01 5.450000000000000711e+01 5.790000000000000568e+01 1.673211557304925279e+01 1.686616383617613479e+01 1.567642779769441397e+01 1.642490240230659992e+01
6.029999999999999716e+01 5.659999999999999432e+01 5.844999999999999574e+01 1.665911466455525414e+01 1.801015826589490132e+01 1.241336306647033005e+01 1.569421199897349517e+01
5.969999999999999574e+01 5.480000000000000426e+01 5.725000000000000000e+01 1.414573126033113759e+01 1.802553010411409673e+01 1.404568111900655580e+01 1.540564749448392945e+01
6.019999999999999574e+01 5.610000000000000853e+01 5.815000000000000568e+01 1.402235128125140484e+01 2.039992145254376510e+01 1.201459387553789426e+01 1.547895553644435473e+01
6.250000000000000000e+01 5.480000000000000426e+01 5.865000000000000568e+01 1.444954727299345976e+01 1.696052033073377885e+01 1.299765749542786963e+01 1.480257503305170275e+01
6.150000000000000000e+01 5.570000000000000284e+01 5.860000000000000142e+01 1.411052103339090280e+01 1.670628814446826738e+01 1.173063747075587493e+01 1.418248221620501504e+01
5.959999999999999432e+01 5.669999999999999574e+01 5.814999999999999147e+01 1.546438411467165608e+01 1.785482559131220626e+01 1.151129032834721322e+01 1.494350001144369422e+01
6.069999999999999574e+01 5.649999999999999289e+01 5.859999999999999432e+01 1.428352232927726817e+01 2.161038844261610592e+01 1.255324911356858664e+01 1.614905329515398691e+01
6.150000000000000000e+01 5.540000000000000568e+01 5.845000000000000284e+01 1.579348120665856392e+01 1.711446368443971977e+01 1.161281347933476127e+01 1.484025279014434773e+01
6.110000000000000142e+01 5.490000000000000568e+01 5.800000000000000000e+01 1.524449377348897983e+01 1.972004756068301390e+01 1.225131103766197427e+01 1.573861745727799111e+01
6.170000000000000284e+01 5.590000000000000568e+01 5.880000000000000426e+01 1.424009777432751811e+01 2.633856468334503376e+01 1.175826135422144070e+01 1.744564127063133085e+01
6.189999999999999858e+01 5.649999999999999289e+01 5.919999999999999574e+01 1.401741452117906483e+01 1.874028874567891734e+01 1.154203574284432676e+01 1.476657966990076964e+01
5.879999999999999716e+01 5.530000000000000426e+01 5.704999999999999716e+01 1.476864403816516003e+01 1.737583015128593544e+01 1.633120520272835208e+01 1.615855979739314918e+01
6.119999999999999574e+01 5.390000000000000568e+01 5.754999999999999716e+01 1.484759752736116667e+01 2.130726463832933604e+01 1.879533245563905908e+01 1.831673154044318608e+01
5.939999999999999858e+01 5.699999999999999289e+01 5.819999999999999574e+01 1.424561816281755000e+01 1.820740477427305848e+01 1.445533069416868344e+01 1.563611787708642886e+01
5.950000000000000000e+01 5.490000000000000568e+01 5.720000000000000284e+01 1.404593487735621693e+01 1.795572199413787828e+01 1.250250012163508195e+01 1.483471899770972335e+01
5.929999999999999716e+01 5.669999999999999574e+01 5.800000000000000000e+01 1.401616790413697444e+01 1.965580637411947862e+01 1.307645298737068273e+01 1.558280908854238156e+01
6.200000000000000000e+01 5.629999999999999716e+01 5.914999999999999858e+01 1.661230242714163907e+01 1.763943427685808629e+01 1.150439531842495455e+01 1.525204400747489331e+01
6.189999999999999858e+01 5.669999999999999574e+01 5.929999999999999716e+01 1.477968838886939196e+01 1.677538510857798215e+01 1.292664090476869987e+01 1.482723813407202407e+01
6.069999999999999574e+01 5.570000000000000284e+01 5.820000000000000284e+01 1.419845281367638457e+01 1.667113026958137922e+01 1.535459855075521141e+01 1.540806054467099351e+01
5.889999999999999858e+01 5.669999999999999574e+01 5.779999999999999716e+01 1.591984537939210931e+01 1.968902869432777436e+01 1.162376677511987921e+01 1.574421361627992155e+01
6.100000000000000000e+01 5.649999999999999289e+01 5.875000000000000000e+01 1.401795869252212512e+01 1.725547991983084728e+01 1.166701884373335574e+01 1.431348581869544212e+01
6.000000000000000000e+01 5.709999999999999432e+01 5.854999999999999716e+01 1.678246478602038039e+01 1.978242459947414744e+01 1.243461140935166220e+01 1.633316693161539490e+01
6.050000000000000000e+01 5.590000000000000568e+01 5.820000000000000284e+01 1.499498176797147408e+01 2.489073690901512492e+01 1.274778361623270762e+01 1.754450076440643613e+01
6.039999999999999858e+01 5.629999999999999716e+01 5.834999999999999432e+01 1.467200696718888331e+01 1.767613667616927486e+01 1.167404895194198033e+01 1.467406419843337950e+01
6.019999999999999574e+01 5.410000000000000142e+01 5.714999999999999858e+01 1.428720906554858061e+01 1.674708843358938992e+01 1.197817801638123747e+01 1.433749183850640208e+01
5.869999999999999574e+01 5.580000000000000426e+01 5.725000000000000000e+01 1.414107368169287327e+01 1.677838362846515707e+01 1.166712677317802260e+01 1.419552802777868372e+01
5.989999999999999858e+01 5.480000000000000426e+01 5.735000000000000142e+01 1.471238881266195619e+01 1.798116397769608099e+01 1.733649267968007024e+01 1.667668182334603699e+01
6.079999999999999716e+01 5.490000000000000568e+01 5.785000000000000142e+01 1.401144973473751953e+01 1.686291362148614681e+01 1.893355638511478745e+01 1.660263991377948400e+01
6.029999999999999716e+01 5.610000000000000853e+01 5.820000000000000284e+01 1.405425562269115503e+01 1.848388454380064516e+01 1.181189029178522176e+01 1.478334348609234006e+01
6.189999999999999858e+01 5.709999999999999432e+01 5.950000000000000000e+01 1.549355750521820063e+01 1.805830731139104728e+01 1.254172960419633398e+01 1.536453147360185945e+01
