6.690000000000000568e+01 6.740000000000000568e+01 6.715000000000000568e+01 1.212094013667700310e+01 1.066834696789621617e+01 8.542373662137308088e+00 1.044388692223684245e+01
6.590000000000000568e+01 6.490000000000000568e+01 6.540000000000000568e+01 1.205796212089084740e+01 1.394070045007340930e+01 8.493137461778768937e+00 1.149726667758100973e+01
6.529999999999999716e+01 6.640000000000000568e+01 6.584999999999999432e+01 1.192267834209049582e+01 1.621695479105912341e+01 1.092834930548351835e+01 1.302266081287771193e+01
6.690000000000000568e+01 6.579999999999999716e+01 6.634999999999999432e+01 1.163078181979883574e+01 2.095851156224861001e+01 7.055746532170738661e+00 1.321501330473939362e+01
6.750000000000000000e+01 6.810000000000000853e+01 6.780000000000001137e+01 1.436361837894712146e+01 1.375311738374357695e+01 8.046794042684553006e+00 1.205450993512508262e+01
6.360000000000000142e+01 7.039999999999999147e+01 6.700000000000000000e+01 1.422537295007549574e+01 1.249926946232647396e+01 1.328491295376264247e+01 1.333651845538820346e+01
6.380000000000000426e+01 5.739999999999999858e+01 6.060000000000000142e+01 1.335497471866253427e+01 1.292659508498372745e+01 8.380927864396673144e+00 1.155416588934764555e+01
6.690000000000000568e+01 6.650000000000000000e+01 6.670000000000000284e+01 1.995227321248555086e+01 1.456290508756899271e+01 8.109462730776007433e+00 1.420821367694351700e+01
6.670000000000000284e+01 6.850000000000000000e+01 6.759999999999999432e+01 1.845508424142091286e+01 1.096401175143411777e+01 7.521299168169499616e+00 1.231346505367484490e+01
6.189999999999999858e+01 5.430000000000000426e+01 5.810000000000000142e+01 1.643147163550842293e+01 1.492058213426548363e+01 8.182611775012411215e+00 1.317822184826210652e+01
6.389999999999999858e+01 6.820000000000000284e+01 6.604999999999999716e+01 1.259424881700025622e+01 1.187142785816980961e+01 1.017153764480570821e+01 1.154573810665859135e+01
6.610000000000000853e+01 6.700000000000000000e+01 6.655000000000001137e+01 1.691954218735261151e+01 1.295910051131727769e+01 1.171298806221058086e+01 1.386387692029349061e+01
6.889999999999999147e+01 6.889999999999999147e+01 6.889999999999999147e+01 1.405597826957572849e+01 1.222667395914628763e+01 9.191049489575618736e+00 1.182456723943254495e+01
6.239999999999999858e+01 6.409999999999999432e+01 6.325000000000000000e+01 1.121950218427773827e+01 1.238319135856316144e+01 9.871868588079262707e+00 1.115818737697338747e+01
6.720000000000000284e+01 7.000000000000000000e+01 6.859999999999999432e+01 9.604033752884102881e+00 1.138571817046516088e+01 1.084143467900861779e+01 1.061039553411929326e+01
7.000000000000000000e+01 6.690000000000000568e+01 6.845000000000000284e+01 1.212465838768118864e+01 1.525392852525234133e+01 7.321597344166004717e+00 1.156672808569984490e+01
6.750000000000000000e+01 6.380000000000000426e+01 6.565000000000000568e+01 1.671791586585107581e+01 1.988447659335531625e+01 5.181569259556809470e+00 1.392798723958773444e+01
5.590000000000000568e+01 6.610000000000000853e+01 6.100000000000000711e+01 1.298921799426132928e+01 1.191872091590369998e+01 3.446374845533674147e+01 1.979056245516725809e+01
5.689999999999999147e+01 6.610000000000000853e+01 6.150000000000000000e+01 1.077064587109784810e+01 1.580003600843815903e+01 3.430776946924081727e+01 2.029281711625894147e+01
6.470000000000000284e+01 6.660000000000000853e+01 6.565000000000000568e+01 1.218147325786078028e+01 1.843931260453050314e+01 1.195149980576116100e+01 1.419076188938414873e+01
6.409999999999999432e+01 7.050000000000000000e+01 6.729999999999999716e+01 1.398544177858557802e+01 1.218652791898177767e+01 7.105841240228068401e+00 1.109260364593180803e+01
6.110000000000000142e+01 6.959999999999999432e+01 6.534999999999999432e+01 1.064074921491027936e+01 1.424184799100454413e+01 3.621092764774230943e+01 2.036450828455237527e+01
6.529999999999999716e+01 6.770000000000000284e+01 6.650000000000000000e+01 1.297789383182331946e+01 1.432095182909866082e+01 8.987902790340974946e+00 1.209558281708765115e+01
6.870000000000000284e+01 6.840000000000000568e+01 6.855000000000001137e+01 1.332244082201895452e+01 1.154775277198965888e+01 1.000669917685723398e+01 1.162563092362194794e+01
6.540000000000000568e+01 6.370000000000000284e+01 6.455000000000001137e+01 1.462523213511516218e+01 1.318684612544623569e+01 7.620928910008596624e+00 1.181100239018999787e+01
5.939999999999999858e+01 6.929999999999999716e+01 6.434999999999999432e+01 1.364816064268478968e+01 1.401021618206400809e+01 3.490716265786375061e+01 2.085517982753751554e+01
6.840000000000000568e+01 6.629999999999999716e+01 6.734999999999999432e+01 1.213196034757467068e+01 1.157563923231190728e+01 8.466847338868921824e+00 1.072481563958516659e+01
6.629999999999999716e+01 6.560000000000000853e+01 6.595000000000000284e+01 1.148971721428050330e+01 1.645054828973517402e+01 1.221614089430970651e+01 1.338546879944179580e+01
6.579999999999999716e+01 6.979999999999999716e+01 6.779999999999999716e+01 1.215181220689205333e+01 1.320808191071591864e+01 8.177467147377310397e+00 1.117912042166175901e+01
6.860000000000000853e+01 6.520000000000000284e+01 6.690000000000000568e+01 1.225212636621255946e+01 1.447805928641333573e+01 1.254110759352113114e+01 1.309043108204900818e+01
5.560000000000000853e+01 6.810000000000000853e+01 6.185000000000000853e+01 1.470621636613149974e+01 1.251498914840338195e+01 3.530333072838963204e+01 2.084151208097483732e+01
7.120000000000000284e+01 6.220000000000000284e+01 6.670000000000000284e+01 1.134620083260913148e+01 1.306832713146560110e+01 1.070334822314831236e+01 1.170595872907434831e+01
6.879999999999999716e+01 6.620000000000000284e+01 6.750000000000000000e+01 1.470317058333966642e+01 1.425262964148586953e+01 9.509000535432159396e+00 1.282160025341923237e+01
6.760000000000000853e+01 6.250000000000000000e+01 6.505000000000001137e+01 1.791004874053079732e+01 1.447755237920562443e+01 7.458238825183665988e+00 1.328194664830669502e+01
6.640000000000000568e+01 6.780000000000001137e+01 6.710000000000000853e+01 1.385101524950840002e+01 1.641223061907684411e+01 7.726881402748967176e+00 1.266337575711140317e+01
6.959999999999999432e+01 6.600000000000000000e+01 6.779999999999999716e+01 1.078777303812308652e+01 1.375920804546874265e+01 6.869021457026165400e+00 1.047200084687266575e+01
6.820000000000000284e+01 6.239999999999999858e+01 6.529999999999999716e+01 1.119267094679788421e+01 1.467078290966899523e+01 1.260335410616439944e+01 1.282226932087709237e+01
7.009999999999999432e+01 6.520000000000000284e+01 6.765000000000000568e+01 1.570666214393371973e+01 1.311924130566958446e+01 1.115352341621254695e+01 1.332647562193861823e+01
6.270000000000000284e+01 6.470000000000000284e+01 6.370000000000000284e+01 1.492068258535192093e+01 1.466457896623173163e+01 1.037755037710108930e+01 1.332093730956158062e+01
6.770000000000000284e+01 6.339999999999999858e+01 6.554999999999999716e+01 1.160946481834482213e+01 1.179061443460123826e+01 6.326511966511633389e+00 9.908863739819231853e+00
7.059999999999999432e+01 6.710000000000000853e+01 6.884999999999999432e+01 1.134876438030719292e+01 1.129364675834128384e+01 7.211024222609925260e+00 9.951145120419466750e+00
6.560000000000000853e+01 6.310000000000000142e+01 6.435000000000000853e+01 1.364174141003906193e+01 1.279080459242210566e+01 7.623668640924339712e+00 1.135207154779516792e+01
6.250000000000000000e+01 7.079999999999999716e+01 6.665000000000000568e+01 1.174011549839817903e+01 1.372100990903231121e+01 3.701177505194470285e+01 2.082430015312506555e+01
7.009999999999999432e+01 6.069999999999999574e+01 6.539999999999999147e+01 1.280839244780533903e+01 1.211461336132845723e+01 8.188764695108277536e+00 1.103725683474735852e+01
6.129999999999999716e+01 6.919999999999998863e+01 6.525000000000000000e+01 1.194575813788025442e+01 1.129292937956409837e+01 3.279856223285150207e+01 1.867908325009861770e+01
6.200000000000000000e+01 6.750000000000000000e+01 6.475000000000000000e+01 1.265471109621357471e+01 1.476872018499101280e+01 3.346261475083966985e+01 2.029534867734808401e+01
6.100000000000000000e+01 6.650000000000000000e+01 6.375000000000000000e+01 1.387259582109269473e+01 1.291265519072030443e+01 2.872894270993760557e+01 1.850473124058353491e+01
7.279999999999999716e+01 5.410000000000000142e+01 6.345000000000000284e+01 1.968259121526790167e+01 1.366747310437388130e+01 8.276236057536333846e+00 1.387543345905937109e+01
6.300000000000000000e+01 6.879999999999999716e+01 6.590000000000000568e+01 1.178491904691273895e+01 1.389172799799843006e+01 9.142957607314865953e+00 1.160653488407534439e+01
6.389999999999999858e+01 6.860000000000000853e+01 6.625000000000000000e+01 1.578592502912631268e+01 1.306683826877302401e+01 7.064720722013749565e+00 1.197249467330436268e+01
6.189999999999999858e+01 6.610000000000000853e+01 6.400000000000000000e+01 1.041941587721824547e+01 1.465713821139599204e+01 3.849766679571470718e+01 2.119140696144298275e+01
6.760000000000000853e+01 6.780000000000001137e+01 6.770000000000001705e+01 1.209334378884524419e+01 1.237634291140632747e+01 1.295916712334356724e+01 1.247628460786504689e+01
6.520000000000000284e+01 5.799999999999999289e+01 6.159999999999999432e+01 1.650270774307302446e+01 1.228011180005620062e+01 1.146795411122317709e+01 1.341692455145079954e+01
6.710000000000000853e+01 6.380000000000000426e+01 6.545000000000000284e+01 1.506586730344307767e+01 1.340871090316868042e+01 1.092964181717502115e+01 1.313474000792892582e+01
6.620000000000000284e+01 6.179999999999999716e+01 6.400000000000000000e+01 1.799488822111367980e+01 1.270673203470291313e+01 1.631568983323681721e+01 1.567243669635113612e+01
5.989999999999999858e+01 6.979999999999999716e+01 6.484999999999999432e+01 1.005104984489174669e+01 1.391269632984639060e+01 3.482677953271316795e+01 1.959684190248377078e+01
6.690000000000000568e+01 5.410000000000000142e+01 6.050000000000000000e+01 1.774664052580978435e+01 1.172297643427396707e+01 1.145968979368223906e+01 1.364310225125533016e+01
6.950000000000000000e+01 6.339999999999999858e+01 6.645000000000000284e+01 1.345569807711175869e+01 1.483300417516343828e+01 8.524546032458410139e+00 1.227108276157786726e+01
6.889999999999999147e+01 6.409999999999999432e+01 6.650000000000000000e+01 1.171406394424069397e+01 1.295380114707005426e+01 8.691246003929071762e+00 1.111970369841327333e+01
6.679999999999999716e+01 6.529999999999999716e+01 6.604999999999999716e+01 1.115961137249765933e+01 1.726993039550143294e+01 9.514096739364402922e+00 1.264787950245449899e+01
6.800000000000000000e+01 6.050000000000000000e+01 6.425000000000000000e+01 1.462629065658257765e+01 1.465186444824126433e+01 1.056889288391722204e+01 1.328234932958035586e+01
5.889999999999999858e+01 6.529999999999999716e+01 6.209999999999999432e+01 1.386899597691055241e+01 1.339938851102015427e+01 3.452632200335749957e+01 2.059823549709606993e+01
6.370000000000000284e+01 6.189999999999999858e+01 6.279999999999999716e+01 1.422103112707167583e+01 1.294730677834567345e+01 8.573751934203283298e+00 1.191402994654021086e+01
6.720000000000000284e+01 6.780000000000001137e+01 6.750000000000000000e+01 1.258900147351574361e+01 1.411642400483015614e+01 6.898413739798230360e+00 1.120127973938137700e+01
6.429999999999999716e+01 6.420000000000000284e+01 6.425000000000000000e+01 1.803450722975636111e+01 1.523980158117220540e+01 9.394334695313592221e+00 1.422288116874738684e+01
6.200000000000000000e+01 6.490000000000000568e+01 6.345000000000000284e+01 1.201572344578510432e+01 1.160284726266738353e+01 9.907478802988306299e+00 1.117534983714693197e+01
6.840000000000000568e+01 6.210000000000000142e+01 6.525000000000000000e+01 1.656906305919597244e+01 1.357738077855952596e+01 6.600136317458595414e+00 1.224886005173802950e+01
6.389999999999999858e+01 6.600000000000000000e+01 6.495000000000000284e+01 1.221181821289263425e+01 1.596526544958941685e+01 1.041498478960102148e+01 1.286402281736102360e+01
5.900000000000000000e+01 6.900000000000000000e+01 6.400000000000000000e+01 1.321966615577780679e+01 1.280310544634015990e+01 3.338924126628315037e+01 1.980400428946704139e+01
6.670000000000000284e+01 6.900000000000000000e+01 6.784999999999999432e+01 1.383430500924380802e+01 1.194843567848071153e+01 6.872929168920391518e+00 1.088522328554830487e+01
6.050000000000000000e+01 6.790000000000000568e+01 6.420000000000000284e+01 1.465148130471453314e+01 1.473031127969358423e+01 3.325452440799872988e+01 2.087877233080228123e+01
6.760000000000000853e+01 6.830000000000001137e+01 6.795000000000001705e+01 1.159039313220584511e+01 1.247251489993888640e+01 8.978280721424185984e+00 1.101372958452297190e+01
6.660000000000000853e+01 6.520000000000000284e+01 6.590000000000000568e+01 1.061241593171966180e+01 1.261000713883132462e+01 1.181827614921710001e+01 1.168023307325602822e+01
6.460000000000000853e+01 6.500000000000000000e+01 6.480000000000001137e+01 1.684285208562850755e+01 1.527653998139535929e+01 9.298969916016766035e+00 1.380612066101354429e+01
6.939999999999999147e+01 6.510000000000000853e+01 6.725000000000000000e+01 1.093637286328782743e+01 1.518315035615643005e+01 1.129838323597389760e+01 1.247263548513938503e+01
6.650000000000000000e+01 6.889999999999999147e+01 6.769999999999998863e+01 1.326285968788834602e+01 1.292049848153950187e+01 6.311593660898896729e+00 1.083165061010891428e+01
6.210000000000000142e+01 6.579999999999999716e+01 6.395000000000000284e+01 1.550270272269653482e+01 1.383976672263763419e+01 7.389783478989279786e+00 1.224408430810781567e+01
6.610000000000000853e+01 6.730000000000001137e+01 6.670000000000001705e+01 1.301533408976705353e+01 1.283326070297733423e+01 5.345408250340906164e+00 1.039800101436176405e+01
6.550000000000000000e+01 6.919999999999998863e+01 6.734999999999999432e+01 8.699116021836344359e+00 1.170286743327128853e+01 8.303946980416895940e+00 9.568643478508176869e+00
6.820000000000000284e+01 6.850000000000000000e+01 6.834999999999999432e+01 1.490978692167621844e+01 1.101603527798181581e+01 1.351206946640736106e+01 1.314596388868846510e+01
5.900000000000000000e+01 6.870000000000000284e+01 6.385000000000000142e+01 1.205157743567394846e+01 1.195869726988811976e+01 3.570892052475415568e+01 1.990639841010540678e+01
6.700000000000000000e+01 6.420000000000000284e+01 6.559999999999999432e+01 1.642232026783909049e+01 1.141279386380532301e+01 6.096341990576001457e+00 1.131048537407347254e+01
6.350000000000000000e+01 6.950000000000000000e+01 6.650000000000000000e+01 1.245337829839992061e+01 1.230916619991244509e+01 3.944455454711718545e+01 2.140236634847651587e+01
6.730000000000001137e+01 6.710000000000000853e+01 6.720000000000001705e+01 1.017281691627907136e+01 1.817774609789650242e+01 5.969544001023439961e+00 1.144003567173300517e+01
6.579999999999999716e+01 6.300000000000000000e+01 6.440000000000000568e+01 1.632385501645540060e+01 1.499220178697861527e+01 8.471486331259010072e+00 1.326251437823100865e+01
6.550000000000000000e+01 6.560000000000000853e+01 6.555000000000001137e+01 1.378359695029367771e+01 1.301508770314817021e+01 1.122147607045992856e+01 1.267338690796725764e+01
6.429999999999999716e+01 6.540000000000000568e+01 6.484999999999999432e+01 1.445875827405894931e+01 1.257303739392327024e+01 1.218986293981188318e+01 1.307388620259803425e+01
6.950000000000000000e+01 6.069999999999999574e+01 6.509999999999999432e+01 1.564640036223815223e+01 1.162043267191549489e+01 8.660481749004487639e+00 1.197577159438604610e+01
6.510000000000000853e+01 6.889999999999999147e+01 6.700000000000000000e+01 1.525453201214442522e+01 1.481129914768317946e+01 1.210262982975428336e+01 1.405615366319396209e+01
7.079999999999999716e+01 6.420000000000000284e+01 6.750000000000000000e+01 1.479610450276879696e+01 1.291025914755617165e+01 1.191353694117720785e+01 1.320663353050072431e+01
6.860000000000000853e+01 6.870000000000000284e+01 6.865000000000000568e+01 1.553580010038427339e+01 1.513668118620615743e+01 1.114353302344914987e+01 1.393867143667986142e+01
6.429999999999999716e+01 6.360000000000000142e+01 6.395000000000000284e+01 1.234064970204376621e+01 1.267780013875466061e+01 8.206958801529347980e+00 1.107513621410925708e+01
5.959999999999999432e+01 6.790000000000000568e+01 6.375000000000000000e+01 1.663605005787553992e+01 1.263668274627457500e+01 3.914274297804663405e+01 2.280515859406558477e+01
6.720000000000000284e+01 6.529999999999999716e+01 6.625000000000000000e+01 1.123369461326609375e+01 1.345713458227153581e+01 1.109299135535284009e+01 1.192794018363015596e+01
6.820000000000000284e+01 6.629999999999999716e+01 6.725000000000000000e+01 1.118847003901723802e+01 1.112266675900391277e+01 8.373858567879354453e+00 1.022833178863350234e+01
6.179999999999999716e+01 6.750000000000000000e+01 6.465000000000000568e+01 1.496416597767760237e+01 1.594683916684001090e+01 3.702222833970817106e+01 2.264441116140859478e+01
6.629999999999999716e+01 5.400000000000000000e+01 6.014999999999999858e+01 2.268717768588710726e+01 1.136812161244061770e+01 7.793799674937153199e+00 1.394969965775496057e+01
5.590000000000000568e+01 6.879999999999999716e+01 6.235000000000000142e+01 1.705999493237468201e+01 1.389255553436528423e+01 3.211917121085618732e+01 2.102390722586538274e+01
6.440000000000000568e+01 6.119999999999999574e+01 6.279999999999999716e+01 1.686244143945717866e+01 1.220310106837857766e+01 1.685963730722901843e+01 1.530839327168826003e+01
6.320000000000000284e+01 6.429999999999999716e+01 6.375000000000000000e+01 1.752957416810555813e+01 1.321549988662306063e+01 7.712190273776498017e+00 1.281908810950170619e+01
