6.479999999999999716e+01 6.220000000000000284e+01 6.350000000000000000e+01 1.483162539867345942e+01 1.608164341032382438e+01 1.610844530584293466e+01 1.567390470494674126e+01
6.300000000000000000e+01 6.150000000000000000e+01 6.225000000000000000e+01 2.030922657992798719e+01 1.693074084123171730e+01 1.744414474744798582e+01 1.822803738953589558e+01
6.110000000000000142e+01 5.510000000000000142e+01 5.810000000000000142e+01 2.823547530749392465e+01 1.947463383487651001e+01 1.439508182504445699e+01 2.070173032247162936e+01
6.150000000000000000e+01 6.100000000000000000e+01 6.125000000000000000e+01 1.560254222079605135e+01 1.776797851526333716e+01 1.550201299304702651e+01 1.629084457636880501e+01
5.939999999999999858e+01 6.380000000000000426e+01 6.160000000000000142e+01 1.442631527281766601e+01 1.801341177410700567e+01 1.393513497848577742e+01 1.545828734180348363e+01
6.019999999999999574e+01 6.529999999999999716e+01 6.275000000000000000e+01 1.524639158859534582e+01 1.896768962357760913e+01 1.040344524985910013e+01 1.487250882067735347e+01
6.270000000000000284e+01 5.170000000000000284e+01 5.720000000000000284e+01 2.922498629708685058e+01 1.870450171773828529e+01 1.372609229666591801e+01 2.055186010383035367e+01
6.250000000000000000e+01 6.650000000000000000e+01 6.450000000000000000e+01 1.850205359058067600e+01 1.943855857206720117e+01 1.357475265013272292e+01 1.717178827092686788e+01
6.510000000000000853e+01 4.610000000000000142e+01 5.560000000000000853e+01 2.736908773558233676e+01 1.787391922416143686e+01 1.299210945832335540e+01 1.941170547268904301e+01
6.250000000000000000e+01 6.300000000000000000e+01 6.275000000000000000e+01 1.753332008424596822e+01 1.709905955487237961e+01 1.508033842174475758e+01 1.657090602028770121e+01
6.590000000000000568e+01 6.029999999999999716e+01 6.310000000000000142e+01 1.565742394287359041e+01 2.118835347310791306e+01 1.077913188318432702e+01 1.587496976638860957e+01
6.420000000000000284e+01 5.699999999999999289e+01 6.059999999999999432e+01 1.697373120630089005e+01 1.994674623250064371e+01 1.163900332461258103e+01 1.618649358780470493e+01
6.300000000000000000e+01 6.160000000000000142e+01 6.229999999999999716e+01 1.796892081246027928e+01 1.756238539119728159e+01 1.380516109857222951e+01 1.644548910074326287e+01
6.389999999999999858e+01 6.129999999999999716e+01 6.259999999999999432e+01 1.748717510348830828e+01 1.698638158382404839e+01 1.130237143434965041e+01 1.525864270722066784e+01
5.749999999999999289e+01 6.850000000000000000e+01 6.300000000000000000e+01 2.203932741061679579e+01 2.032650482099019129e+01 1.632135106714531148e+01 1.956239443291743285e+01
5.050000000000000000e+01 6.710000000000000853e+01 5.880000000000000426e+01 1.553712881952792380e+01 1.811683893129949396e+01 7.268405774197302094e+01 3.544600849760014682e+01
5.550000000000000711e+01 6.079999999999999716e+01 5.815000000000000568e+01 1.593355350773378021e+01 2.090822680547352519e+01 7.813146247784800380e+01 3.832441426368510662e+01
5.460000000000000142e+01 6.650000000000000000e+01 6.054999999999999716e+01 2.226959649771719896e+01 1.635757237566548739e+01 7.539534614874298768e+01 3.800750500737522231e+01
5.540000000000000568e+01 6.270000000000000284e+01 5.905000000000000426e+01 1.527037014140957005e+01 1.985389944073172330e+01 7.943644341997570280e+01 3.818690433403899931e+01
6.210000000000000142e+01 5.520000000000000284e+01 5.865000000000000568e+01 1.481157932970437940e+01 1.917414726374610723e+01 1.210542802620804359e+01 1.536371820655284459e+01
6.179999999999999716e+01 5.400000000000000000e+01 5.789999999999999858e+01 1.778795021590000047e+01 1.910787273941568998e+01 1.100149943206559300e+01 1.596577412912709626e+01
6.500000000000000000e+01 6.289999999999999858e+01 6.395000000000000284e+01 1.810364707330775502e+01 1.831545622249466376e+01 1.510714871894271205e+01 1.717541733824837635e+01
5.909999999999999432e+01 6.229999999999999716e+01 6.069999999999999574e+01 1.783762423005746811e+01 2.693114003237391074e+01 1.227652434758908306e+01 1.901509620334015338e+01
5.769999999999999574e+01 6.129999999999999716e+01 5.950000000000000000e+01 2.262453796738145684e+01 1.843635178165507327e+01 1.236181682474319210e+01 1.780756885792657584e+01
6.429999999999999716e+01 5.629999999999999716e+01 6.029999999999999716e+01 1.453208847141661231e+01 2.106261860721217971e+01 1.486796523550603943e+01 1.682089077137827715e+01
6.600000000000000000e+01 6.360000000000000142e+01 6.479999999999999716e+01 1.640703271632891358e+01 2.026109720773259326e+01 1.341544001744629178e+01 1.669452331383593346e+01
6.009999999999999432e+01 6.380000000000000426e+01 6.195000000000000284e+01 1.592900571771680696e+01 1.848394481121994204e+01 9.993979844991770278e+00 1.480231012464283857e+01
6.129999999999999716e+01 5.260000000000000142e+01 5.695000000000000284e+01 1.608528142749093703e+01 1.938326580489260920e+01 1.346570110582968560e+01 1.631141611273774217e+01
5.909999999999999432e+01 6.050000000000000000e+01 5.979999999999999716e+01 1.401337492639517457e+01 1.932522325375406425e+01 1.409672312486001644e+01 1.581177376833641723e+01
6.150000000000000000e+01 5.649999999999999289e+01 5.900000000000000000e+01 1.690636882081067682e+01 1.922406603690392046e+01 1.199966159695917334e+01 1.604336548489125747e+01
6.300000000000000000e+01 5.789999999999999858e+01 6.045000000000000284e+01 1.715243401320154604e+01 2.051088507506452885e+01 8.799874567064490449e+00 1.548773121844352296e+01
6.139999999999999858e+01 6.239999999999999858e+01 6.189999999999999858e+01 1.762725230416209854e+01 1.971519050136230078e+01 1.275492455801794911e+01 1.669912245451411437e+01
5.139999999999999858e+01 6.179999999999999716e+01 5.659999999999999432e+01 2.404462344505709126e+01 1.761588892867352740e+01 8.185829038598316743e+01 4.117293425323793343e+01
6.300000000000000000e+01 5.610000000000000853e+01 5.955000000000000426e+01 1.655700192840695095e+01 2.227930589863000677e+01 1.343298298229498045e+01 1.742309693644397939e+01
6.710000000000000853e+01 5.390000000000000568e+01 6.050000000000000711e+01 1.723279524178986222e+01 1.758645906780645873e+01 1.367709820591126935e+01 1.616545083850252951e+01
6.629999999999999716e+01 6.629999999999999716e+01 6.629999999999999716e+01 1.577008351774271411e+01 1.947579203663993397e+01 1.144842078352697712e+01 1.556476544596987566e+01
6.520000000000000284e+01 6.110000000000000142e+01 6.315000000000000568e+01 1.594037811142978356e+01 2.151032229564665244e+01 1.391917561816936555e+01 1.712329200841526600e+01
6.300000000000000000e+01 6.350000000000000000e+01 6.325000000000000000e+01 1.471763344788147876e+01 1.785821448699437042e+01 1.335915238688837370e+01 1.531166677392140940e+01
5.659999999999999432e+01 6.360000000000000142e+01 6.009999999999999432e+01 1.769877959256187339e+01 2.081838440373160282e+01 7.853369069703647654e+01 3.901695156444331758e+01
6.079999999999999716e+01 6.510000000000000853e+01 6.295000000000000284e+01 1.544208727296426176e+01 1.862257529674354117e+01 1.181666509904104245e+01 1.529377588958295142e+01
6.270000000000000284e+01 6.210000000000000142e+01 6.240000000000000568e+01 1.635360755819157319e+01 1.724106403627165207e+01 1.084136743883454201e+01 1.481201301109925339e+01
6.590000000000000568e+01 6.520000000000000284e+01 6.555000000000001137e+01 1.468447448421177981e+01 1.822701155278579321e+01 9.080055897182461422e+00 1.399718064472667756e+01
6.129999999999999716e+01 5.620000000000000284e+01 5.875000000000000000e+01 2.887217317556887153e+01 1.767141409128282703e+01 1.737365723699893394e+01 2.130574816795021320e+01
6.260000000000000142e+01 6.019999999999999574e+01 6.139999999999999858e+01 1.763472494931396994e+01 2.065441244161946699e+01 1.368549564781893757e+01 1.732487767958412306e+01
6.329999999999999716e+01 5.590000000000000568e+01 5.960000000000000142e+01 1.747325815308168018e+01 8.577567048716812792e+01 1.903377343091995755e+01 4.076090069038991714e+01
6.620000000000000284e+01 6.089999999999999858e+01 6.354999999999999716e+01 1.858605401505790766e+01 2.365922260544115119e+01 1.296446566323833061e+01 1.840324742791246138e+01
6.460000000000000853e+01 6.029999999999999716e+01 6.245000000000000284e+01 1.540342236405120069e+01 2.189231194982949091e+01 1.454385882784327855e+01 1.727986438057465790e+01
6.089999999999999858e+01 6.540000000000000568e+01 6.315000000000000568e+01 1.486892693475921590e+01 1.721111296621115017e+01 1.407894684525903628e+01 1.538632891540980019e+01
5.959999999999999432e+01 6.660000000000000853e+01 6.310000000000000142e+01 2.803844903046332604e+01 1.814456421690889698e+01 1.475790468291606494e+01 2.031363931009609658e+01
6.089999999999999858e+01 6.429999999999999716e+01 6.259999999999999432e+01 2.272864257282275346e+01 1.923189844344805266e+01 1.284583276111454531e+01 1.826879125912845225e+01
6.460000000000000853e+01 5.709999999999999432e+01 6.085000000000000142e+01 1.663194869459710645e+01 1.960715683264201203e+01 1.461441258046788683e+01 1.695117270256899999e+01
5.909999999999999432e+01 6.450000000000000000e+01 6.179999999999999716e+01 2.615160692763092243e+01 1.827533540049758898e+01 1.470329501763707114e+01 1.971007911525519418e+01
6.389999999999999858e+01 6.339999999999999858e+01 6.364999999999999858e+01 1.625064108597038270e+01 1.746312786589602339e+01 1.173544816191489915e+01 1.514973903792709997e+01
6.540000000000000568e+01 5.639999999999999147e+01 6.089999999999999858e+01 1.781794209190172396e+01 1.689141666564760058e+01 1.082407013881170954e+01 1.517780963212034351e+01
6.429999999999999716e+01 6.520000000000000284e+01 6.475000000000000000e+01 1.747792016828811512e+01 1.772022426277568741e+01 1.457506403653302840e+01 1.659106948919894364e+01
6.800000000000000000e+01 6.019999999999999574e+01 6.409999999999999432e+01 1.718778940398792088e+01 1.770035658997787920e+01 1.559656031660582265e+01 1.682823543685720935e+01
6.660000000000000853e+01 6.039999999999999858e+01 6.350000000000000000e+01 1.548885821700563881e+01 2.597542361858214477e+01 1.175527434716214437e+01 1.773985206091664324e+01
6.720000000000000284e+01 5.580000000000000426e+01 6.150000000000000000e+01 2.923336191065181566e+01 1.909832305288694343e+01 1.773452185147861471e+01 2.202206893833912815e+01
6.409999999999999432e+01 5.879999999999999716e+01 6.144999999999999574e+01 1.617174650677339187e+01 2.168746633763732490e+01 1.314578142965290297e+01 1.700166475802120658e+01
6.320000000000000284e+01 6.129999999999999716e+01 6.225000000000000000e+01 1.636256797764768933e+01 1.819606241582000905e+01 1.237796779233932831e+01 1.564553272860234046e+01
5.959999999999999432e+01 6.329999999999999716e+01 6.144999999999999574e+01 1.487319323280323857e+01 1.836485897436044468e+01 1.413700645206451512e+01 1.579168621974273456e+01
6.069999999999999574e+01 5.699999999999999289e+01 5.884999999999999432e+01 1.748377334239712511e+01 2.642510020932578740e+01 1.136056274033774116e+01 1.842314543068688337e+01
6.590000000000000568e+01 6.139999999999999858e+01 6.365000000000000568e+01 1.536986400693906241e+01 2.070308391780184110e+01 1.197216862145629257e+01 1.601503884873239869e+01
6.450000000000000000e+01 6.260000000000000142e+01 6.354999999999999716e+01 2.230767303982329608e+01 1.683405088708154551e+01 1.152150220270881853e+01 1.688774204320455397e+01
6.220000000000000284e+01 6.550000000000000000e+01 6.385000000000000142e+01 2.186366078263788637e+01 1.794222536367010434e+01 1.858784157014276062e+01 1.946457590548358496e+01
6.050000000000000000e+01 5.020000000000000284e+01 5.535000000000000142e+01 2.063550941478001732e+01 2.691438031397301245e+01 1.899416832258878785e+01 2.218135268378060587e+01
5.280000000000000426e+01 6.289999999999999858e+01 5.785000000000000142e+01 1.620747182150400079e+01 2.003980503773278343e+01 7.049662002943433947e+01 3.558129896289037220e+01
4.709999999999999432e+01 6.039999999999999858e+01 5.375000000000000000e+01 2.258866607061156984e+01 1.900816885575569870e+01 7.328804202441612858e+01 3.829495898359446215e+01
6.579999999999999716e+01 6.220000000000000284e+01 6.400000000000000000e+01 1.685492361156149599e+01 1.777541953944755093e+01 1.385425766225884558e+01 1.616153360442262965e+01
6.389999999999999858e+01 5.959999999999999432e+01 6.175000000000000000e+01 2.288108974977112453e+01 2.029025649067706993e+01 1.010885606499540756e+01 1.776006743514786734e+01
6.420000000000000284e+01 5.850000000000000000e+01 6.135000000000000142e+01 1.774943756310392118e+01 1.629000687079806653e+01 1.228215157128305002e+01 1.544053200172834828e+01
6.550000000000000000e+01 5.939999999999999858e+01 6.245000000000000284e+01 2.573054870375182190e+01 1.757911743305556485e+01 8.480718490855027270e+00 1.726346154255413623e+01
6.720000000000000284e+01 6.129999999999999716e+01 6.425000000000000000e+01 1.693910986427744447e+01 2.266626401218239550e+01 1.184346782670396081e+01 1.714961390105459671e+01
6.150000000000000000e+01 5.889999999999999858e+01 6.020000000000000284e+01 1.674016105545825539e+01 1.766709890407717509e+01 1.168249939249112401e+01 1.536325311734218424e+01
6.389999999999999858e+01 6.100000000000000000e+01 6.245000000000000284e+01 3.375760156559215375e+01 2.149812627990131730e+01 1.550642402232000272e+01 2.358738395593782400e+01
6.810000000000000853e+01 5.430000000000000426e+01 6.120000000000000284e+01 2.125789324366357391e+01 2.005404141949736641e+01 1.943505748163803659e+01 2.024899738159966134e+01
6.500000000000000000e+01 5.729999999999999716e+01 6.114999999999999858e+01 1.917805743167716415e+01 1.845653373688754684e+01 1.323426043651054229e+01 1.695628386835841539e+01
6.440000000000000568e+01 6.110000000000000142e+01 6.275000000000000000e+01 1.937369345057233971e+01 1.671816961388593725e+01 1.129949734533888162e+01 1.579712013659905345e+01
6.039999999999999858e+01 6.440000000000000568e+01 6.240000000000000568e+01 1.639851199438254881e+01 2.062432257369922084e+01 1.469522153196643544e+01 1.723935203334940169e+01
6.840000000000000568e+01 5.859999999999999432e+01 6.350000000000000000e+01 2.354808571188823052e+01 1.740451719773800221e+01 1.427865542470598825e+01 1.841041944477740699e+01
6.690000000000000568e+01 5.809999999999999432e+01 6.250000000000000000e+01 1.750859315465021382e+01 1.924782192846318551e+01 9.666285080258296247e+00 1.547423338779056401e+01
5.260000000000000142e+01 6.830000000000001137e+01 6.045000000000000284e+01 1.873823813562192697e+01 1.880736084432577826e+01 7.493168025380725794e+01 3.749242641125164965e+01
5.869999999999999574e+01 6.400000000000000000e+01 6.134999999999999432e+01 2.233580125641657688e+01 1.777840699471687458e+01 6.887864554863681121e+01 3.633095126659008400e+01
6.089999999999999858e+01 5.130000000000000426e+01 5.610000000000000142e+01 2.176599272981387756e+01 2.888038297045570957e+01 1.026752320406470353e+01 2.030463296811143081e+01
6.429999999999999716e+01 6.089999999999999858e+01 6.259999999999999432e+01 1.437449443316906894e+01 1.830353340173318344e+01 1.232445533273592808e+01 1.500082772254606134e+01
6.440000000000000568e+01 6.110000000000000142e+01 6.275000000000000000e+01 1.731721719451399011e+01 2.137108418169527368e+01 1.591095012594639613e+01 1.819975050071855449e+01
6.270000000000000284e+01 6.700000000000000000e+01 6.484999999999999432e+01 2.852012094981603951e+01 1.858908590707416764e+01 1.134585675079027745e+01 1.948502120256016212e+01
6.860000000000000853e+01 5.590000000000000568e+01 6.225000000000000711e+01 1.763953583953740534e+01 1.790160695848519623e+01 1.539765701846488533e+01 1.697959993882916407e+01
6.540000000000000568e+01 5.480000000000000426e+01 6.010000000000000853e+01 2.979138716697540445e+01 2.061087619930829007e+01 1.597518173940575892e+01 2.212581503522981663e+01
6.500000000000000000e+01 6.039999999999999858e+01 6.270000000000000284e+01 1.741415915479262821e+01 1.972139719416680492e+01 1.410799831851371167e+01 1.708118488915771493e+01
6.550000000000000000e+01 5.769999999999999574e+01 6.159999999999999432e+01 2.719355004860729608e+01 1.916697295487594488e+01 1.218901862537895830e+01 1.951651387628739798e+01
6.380000000000000426e+01 6.069999999999999574e+01 6.225000000000000000e+01 2.019412389235664307e+01 1.882536982088002375e+01 1.501528799376339585e+01 1.801159390233335600e+01
6.579999999999999716e+01 5.060000000000000142e+01 5.820000000000000284e+01 2.240237281821088189e+01 1.553341078537512310e+01 1.295783478863093130e+01 1.696453946407231328e+01
6.470000000000000284e+01 5.850000000000000000e+01 6.160000000000000142e+01 2.546372727989871265e+01 1.846792178690958153e+01 1.246294420384542789e+01 1.879819775688457284e+01
6.620000000000000284e+01 6.000000000000000000e+01 6.310000000000000142e+01 1.713943490086876764e+01 1.914183271681935139e+01 1.550290665217836938e+01 1.726139142328882770e+01
6.560000000000000853e+01 6.129999999999999716e+01 6.345000000000000284e+01 1.507651265008473551e+01 1.948966213438422201e+01 1.121537274697827691e+01 1.526051584381574422e+01
6.409999999999999432e+01 6.339999999999999858e+01 6.375000000000000000e+01 1.941313682190576273e+01 1.929620330888378987e+01 8.806631704449927156e+00 1.583865727841316051e+01
6.060000000000000142e+01 6.289999999999999858e+01 6.175000000000000000e+01 1.602083189188968149e+01 1.825737308971362083e+01 1.355852484348503495e+01 1.594557660836277968e+01
6.590000000000000568e+01 6.139999999999999858e+01 6.365000000000000568e+01 1.420575920956906302e+01 1.849618414288953971e+01 1.103297398192870560e+01 1.457830577812910100e+01
7.019999999999998863e+01 5.969999999999999574e+01 6.494999999999998863e+01 2.251108695247590674e+01 1.820832767423370768e+01 1.521785942781777301e+01 1.864575801817579404e+01
