6.009999999999999432e+01 5.500000000000000711e+01 5.754999999999999716e+01 1.417445426411208231e+01 1.882221553995537278e+01 1.183038337134266271e+01 1.494235105847003808e+01
5.909999999999999432e+01 5.520000000000000284e+01 5.714999999999999858e+01 1.493268829881977311e+01 1.754262630294192604e+01 1.304362345669301249e+01 1.517297935281823662e+01
6.069999999999999574e+01 5.410000000000000142e+01 5.739999999999999858e+01 1.453723508985233437e+01 2.090593970953266023e+01 1.193367956200490454e+01 1.579228478712996520e+01
6.009999999999999432e+01 5.530000000000000426e+01 5.770000000000000284e+01 1.531350182644516345e+01 1.667050224804035707e+01 1.233924468707993505e+01 1.477441625385515067e+01
6.009999999999999432e+01 5.460000000000000142e+01 5.734999999999999432e+01 1.637354741763956767e+01 1.672187523385461816e+01 1.280091804734037098e+01 1.529878023294485523e+01
6.100000000000000000e+01 5.570000000000000284e+01 5.835000000000000142e+01 1.403847151014833372e+01 1.948953906297925798e+01 1.531800955881208814e+01 1.628200671064655936e+01
6.170000000000000284e+01 5.669999999999999574e+01 5.920000000000000284e+01 1.401175336759495949e+01 1.742298092459532910e+01 1.317855454016690686e+01 1.487109627745240026e+01
6.229999999999999716e+01 5.520000000000000284e+01 5.875000000000000000e+01 1.400956139127192479e+01 1.671843146798504165e+01 1.305373457348936128e+01 1.459390914424877472e+01
6.039999999999999858e+01 5.699999999999999289e+01 5.869999999999999574e+01 1.400883016594938191e+01 1.738117204812486349e+01 1.319821298486988859e+01 1.486273839964804466e+01
6.009999999999999432e+01 5.769999999999999574e+01 5.889999999999999147e+01 1.460594564697772491e+01 1.750447070525911641e+01 1.219293319611742810e+01 1.476778318278475588e+01
6.139999999999999858e+01 5.450000000000000711e+01 5.795000000000000284e+01 1.409718055118598912e+01 2.288828052292095805e+01 1.204214563186658893e+01 1.634253556865784773e+01
6.150000000000000000e+01 5.769999999999999574e+01 5.959999999999999432e+01 1.424360715196563376e+01 1.715845107525673541e+01 1.931801711568574476e+01 1.690669178096937131e+01
5.779999999999999716e+01 5.500000000000000711e+01 5.640000000000000568e+01 1.424053444947210600e+01 1.828753952144973738e+01 1.288220853093495144e+01 1.513676083395226613e+01
6.129999999999999716e+01 5.629999999999999716e+01 5.879999999999999716e+01 1.823081425532123845e+01 2.007421785423195004e+01 1.151026975811075026e+01 1.660510062255464803e+01
5.979999999999999716e+01 5.759999999999999432e+01 5.869999999999999574e+01 1.440047919594695180e+01 1.669860142494975364e+01 1.196594713804751997e+01 1.435500925298140906e+01
6.289999999999999858e+01 5.420000000000000284e+01 5.854999999999999716e+01 1.449229886395480804e+01 1.670225140918319795e+01 1.168369145325900327e+01 1.429274724213233583e+01
6.139999999999999858e+01 5.490000000000000568e+01 5.815000000000000568e+01 1.402509980043767968e+01 2.813860277851119207e+01 1.216423333449216315e+01 1.810931197114701163e+01
6.000000000000000000e+01 5.629999999999999716e+01 5.814999999999999858e+01 1.467965478274223479e+01 2.057364819656252308e+01 1.298830657731626026e+01 1.608053651887367153e+01
6.129999999999999716e+01 5.560000000000000853e+01 5.845000000000000284e+01 1.518205867449639079e+01 1.853229566957636010e+01 1.194973876070856988e+01 1.522136436826044026e+01
5.939999999999999858e+01 5.590000000000000568e+01 5.765000000000000568e+01 1.411868095876037188e+01 1.930709189262213954e+01 1.165458112320060025e+01 1.502678465819437115e+01
6.029999999999999716e+01 5.629999999999999716e+01 5.829999999999999716e+01 1.451980265267633108e+01 2.639350266566368575e+01 1.355061236332753083e+01 1.815463922722251411e+01
6.060000000000000142e+01 5.719999999999999574e+01 5.889999999999999858e+01 1.852820767293521342e+01 1.831829578005109838e+01 1.150439648659792979e+01 1.611696664652808053e+01
6.150000000000000000e+01 5.560000000000000853e+01 5.855000000000000426e+01 1.469370670233562315e+01 1.716126948669946373e+01 1.170450472307262224e+01 1.451982697070256911e+01
6.100000000000000000e+01 5.490000000000000568e+01 5.795000000000000284e+01 1.407828889135212336e+01 1.668637061491095253e+01 1.160681002658102834e+01 1.412382317761470141e+01
6.170000000000000284e+01 5.629999999999999716e+01 5.900000000000000000e+01 1.407714435021554600e+01 1.947890923995759849e+01 1.708562154626649843e+01 1.688055837881321608e+01
6.029999999999999716e+01 5.360000000000000142e+01 5.695000000000000284e+01 1.478034275453305924e+01 1.669451289827814122e+01 1.295468139765287319e+01 1.480984568348802632e+01
6.050000000000000000e+01 5.390000000000000568e+01 5.720000000000000284e+01 1.892575849738727811e+01 1.928953178401895840e+01 1.153712326779711539e+01 1.658413784973445004e+01
6.050000000000000000e+01 5.550000000000000711e+01 5.800000000000000000e+01 1.404645136591497234e+01 1.672937207799686021e+01 1.260766240265328086e+01 1.446116194885503781e+01
5.850000000000000000e+01 5.420000000000000284e+01 5.635000000000000142e+01 1.463859650014375013e+01 1.751885255204124192e+01 1.151078050677081244e+01 1.455607651965193661e+01
6.050000000000000000e+01 5.590000000000000568e+01 5.820000000000000284e+01 1.407998276200209453e+01 1.696588070006833249e+01 1.339243111862210078e+01 1.481276486023084260e+01
6.050000000000000000e+01 5.699999999999999289e+01 5.875000000000000000e+01 1.417271089658472327e+01 1.666542886358097064e+01 1.215360153394728115e+01 1.433058043137099169e+01
6.019999999999999574e+01 5.590000000000000568e+01 5.804999999999999716e+01 1.585207849406803149e+01 1.724197068471890759e+01 1.155001105878921486e+01 1.488135341252538524e+01
6.129999999999999716e+01 5.440000000000000568e+01 5.785000000000000142e+01 1.596047243392503212e+01 1.670367166721121066e+01 1.232101517239963862e+01 1.499505309117862772e+01
5.959999999999999432e+01 5.600000000000000711e+01 5.779999999999999716e+01 1.586283915547967638e+01 1.790141640839596349e+01 1.330167575813417180e+01 1.568864377400326937e+01
5.889999999999999858e+01 5.490000000000000568e+01 5.690000000000000568e+01 1.606511522208912979e+01 1.887509939927436875e+01 1.393351666885211415e+01 1.629124376340520186e+01
6.029999999999999716e+01 5.440000000000000568e+01 5.735000000000000142e+01 1.439835728900595768e+01 1.678111101202443223e+01 1.173209064701850401e+01 1.430385298268296346e+01
6.100000000000000000e+01 5.749999999999999289e+01 5.925000000000000000e+01 1.485783103465697685e+01 1.892266829904221126e+01 1.174361504705088066e+01 1.517470479358335744e+01
5.909999999999999432e+01 5.729999999999999716e+01 5.819999999999999574e+01 1.588512251293147415e+01 1.709654211602511253e+01 1.151042714756948726e+01 1.483069725884202406e+01
6.110000000000000142e+01 5.460000000000000142e+01 5.785000000000000142e+01 1.409661539356213744e+01 2.029817640187753369e+01 1.315737897499587561e+01 1.585072359014518462e+01
6.060000000000000142e+01 5.659999999999999432e+01 5.859999999999999432e+01 1.424760192907517009e+01 1.669490839082707367e+01 1.540588872581446545e+01 1.544946634857223700e+01
6.019999999999999574e+01 5.340000000000000568e+01 5.679999999999999716e+01 1.414157366517401826e+01 2.502596587531674288e+01 1.786229282701552989e+01 1.900994412250209820e+01
5.959999999999999432e+01 5.410000000000000142e+01 5.684999999999999432e+01 1.519545338657413502e+01 1.669202335857225705e+01 1.268542045810016816e+01 1.485763240108218675e+01
5.969999999999999574e+01 5.649999999999999289e+01 5.809999999999999432e+01 1.425277807001513786e+01 1.967782141750397074e+01 1.411062534865918039e+01 1.601374161205943025e+01
6.089999999999999858e+01 5.639999999999999147e+01 5.864999999999999147e+01 1.754092290141021238e+01 1.838438607977024120e+01 1.217903856172400090e+01 1.603478251430148305e+01
5.969999999999999574e+01 5.629999999999999716e+01 5.800000000000000000e+01 1.488880578487476747e+01 1.726003168628355056e+01 1.201112548371964017e+01 1.471998765162598488e+01
6.170000000000000284e+01 5.679999999999999716e+01 5.925000000000000000e+01 1.427229298700336457e+01 1.823521708752056725e+01 1.243445970860528327e+01 1.498065659437640562e+01
5.889999999999999858e+01 5.689999999999999147e+01 5.789999999999999147e+01 1.424108892093387624e+01 1.763893338882668615e+01 1.150653339698555300e+01 1.446218523558203906e+01
6.039999999999999858e+01 5.540000000000000568e+01 5.790000000000000568e+01 1.428219895515877624e+01 2.012840298604934119e+01 1.248836255503348092e+01 1.563298816541386493e+01
5.839999999999999858e+01 5.540000000000000568e+01 5.690000000000000568e+01 1.404052018859534279e+01 1.998528003731679448e+01 1.150456558025832265e+01 1.517678860205681879e+01
6.119999999999999574e+01 5.629999999999999716e+01 5.875000000000000000e+01 1.446988064418895981e+01 2.028109908210959134e+01 1.859059788355703446e+01 1.778052586995186246e+01
5.939999999999999858e+01 5.709999999999999432e+01 5.825000000000000000e+01 1.518985834819798519e+01 1.667766432977888158e+01 1.274980539370625188e+01 1.487244269056103896e+01
6.150000000000000000e+01 5.629999999999999716e+01 5.889999999999999858e+01 1.530374819922411511e+01 1.809466966957202061e+01 1.226031253085005623e+01 1.521957679988206458e+01
6.029999999999999716e+01 5.799999999999999289e+01 5.914999999999999147e+01 1.432600561019959073e+01 1.869940207780924979e+01 1.160109711156900936e+01 1.487550159985928389e+01
6.009999999999999432e+01 5.420000000000000284e+01 5.714999999999999858e+01 1.938662799972438222e+01 2.148602279911730051e+01 1.253021612623418157e+01 1.780095564169195299e+01
6.009999999999999432e+01 5.699999999999999289e+01 5.854999999999999716e+01 1.401018575146382972e+01 2.849548794724651657e+01 1.481459412529791742e+01 1.910675594133608612e+01
6.100000000000000000e+01 5.749999999999999289e+01 5.925000000000000000e+01 1.401919407376087356e+01 1.838573491668647364e+01 1.258954981267718409e+01 1.499815960104150925e+01
5.989999999999999858e+01 5.520000000000000284e+01 5.754999999999999716e+01 1.402037891876779163e+01 2.064016504395886997e+01 1.570667471770645385e+01 1.678907289347770515e+01
6.069999999999999574e+01 5.560000000000000853e+01 5.815000000000000568e+01 1.428135003194194397e+01 1.966843746604026322e+01 1.264519276034503292e+01 1.553166008610907944e+01
6.029999999999999716e+01 5.629999999999999716e+01 5.829999999999999716e+01 1.458321384534492715e+01 1.743440306581123522e+01 1.152312879759679731e+01 1.451358190291765204e+01
6.089999999999999858e+01 5.769999999999999574e+01 5.929999999999999716e+01 1.414017685467755037e+01 1.691792902338961824e+01 2.095487119033489520e+01 1.733765902280068971e+01
5.929999999999999716e+01 5.659999999999999432e+01 5.794999999999999574e+01 1.458475672087241293e+01 1.737962276846696241e+01 1.243199769597353566e+01 1.479879239510430544e+01
6.110000000000000142e+01 5.470000000000000284e+01 5.790000000000000568e+01 1.436903753987917831e+01 1.705164232497751087e+01 1.180543624082130449e+01 1.440870536855933004e+01
6.079999999999999716e+01 5.739999999999999858e+01 5.909999999999999432e+01 1.866972903591315003e+01 1.674476943531815465e+01 1.181452911426364416e+01 1.574300919516498176e+01
6.069999999999999574e+01 5.679999999999999716e+01 5.875000000000000000e+01 1.558079615512422755e+01 1.678201118906869738e+01 1.150585790742058556e+01 1.462288841720450172e+01
6.360000000000000142e+01 5.580000000000000426e+01 5.970000000000000284e+01 1.405612834733523897e+01 1.881837604400838870e+01 1.426538199570510557e+01 1.571329546234957775e+01
6.129999999999999716e+01 5.649999999999999289e+01 5.889999999999999147e+01 1.406303809960755302e+01 2.009516626392681360e+01 1.579047861741588399e+01 1.664956099365008413e+01
6.129999999999999716e+01 5.460000000000000142e+01 5.795000000000000284e+01 1.401922679178785813e+01 1.716414824574355436e+01 1.154630437537804610e+01 1.424322647096982131e+01
6.000000000000000000e+01 5.620000000000000284e+01 5.810000000000000142e+01 1.447460133529591175e+01 1.751988702641864037e+01 1.427127796202129417e+01 1.542192210791194817e+01
6.250000000000000000e+01 5.679999999999999716e+01 5.964999999999999858e+01 1.626429789540481607e+01 1.743191889280772244e+01 1.230466551170230005e+01 1.533362743330494560e+01
6.019999999999999574e+01 5.649999999999999289e+01 5.834999999999999432e+01 1.485731216685320710e+01 1.706589372554863004e+01 1.155864595464602296e+01 1.449395061568262122e+01
6.000000000000000000e+01 5.729999999999999716e+01 5.864999999999999858e+01 1.409070042459389605e+01 1.926290909945514329e+01 1.194858508149735599e+01 1.510073153518213296e+01
6.210000000000000142e+01 5.709999999999999432e+01 5.959999999999999432e+01 1.511297280795463038e+01 1.671959845241321219e+01 1.541512015124328983e+01 1.574923047053704295e+01
5.889999999999999858e+01 5.719999999999999574e+01 5.804999999999999716e+01 1.403378147221291883e+01 2.129424566218454729e+01 1.161596433626455394e+01 1.564799715688734061e+01
5.809999999999999432e+01 5.600000000000000711e+01 5.704999999999999716e+01 1.408335350144978371e+01 2.065190971246223839e+01 1.604821417696621211e+01 1.692782579695941081e+01
6.150000000000000000e+01 5.560000000000000853e+01 5.855000000000000426e+01 1.403204466747463819e+01 1.840355897340516833e+01 1.298257840542843589e+01 1.513939401543608021e+01
6.029999999999999716e+01 5.610000000000000853e+01 5.820000000000000284e+01 1.643462268322184627e+01 1.736746629826458843e+01 1.188608995623152786e+01 1.522939297923932145e+01
6.210000000000000142e+01 5.639999999999999147e+01 5.925000000000000000e+01 1.559703753308403762e+01 1.743530902085338852e+01 1.152785718904070222e+01 1.485340124765937730e+01
6.129999999999999716e+01 5.540000000000000568e+01 5.835000000000000142e+01 1.604385864784277160e+01 1.666964699543019179e+01 1.325020228797956001e+01 1.532123597708417684e+01
5.819999999999999574e+01 5.590000000000000568e+01 5.704999999999999716e+01 1.546329226531597278e+01 2.444866606178922552e+01 1.297757530404089188e+01 1.762984454371536103e+01
5.969999999999999574e+01 5.649999999999999289e+01 5.809999999999999432e+01 1.428254586882149724e+01 1.701489128888007230e+01 1.665169501382176165e+01 1.598304405717444432e+01
6.170000000000000284e+01 5.629999999999999716e+01 5.900000000000000000e+01 1.440018355691131724e+01 1.832920547727778526e+01 1.232193722749020104e+01 1.501710875389310296e+01
6.179999999999999716e+01 5.580000000000000426e+01 5.879999999999999716e+01 1.401006717143786418e+01 1.891507252608276346e+01 1.214865559394270811e+01 1.502459843048777799e+01
5.950000000000000000e+01 5.430000000000000426e+01 5.690000000000000568e+01 1.469456613289530367e+01 1.683603511924716756e+01 1.179085784779459622e+01 1.444048636664568797e+01
6.000000000000000000e+01 5.560000000000000853e+01 5.780000000000000426e+01 1.436779660463185593e+01 1.852440775652605254e+01 1.159814806769223416e+01 1.483011747628338206e+01
6.039999999999999858e+01 5.460000000000000142e+01 5.750000000000000000e+01 1.534099883155816357e+01 1.832756885874198716e+01 1.869506488115382936e+01 1.745454419048465766e+01
5.909999999999999432e+01 5.679999999999999716e+01 5.794999999999999574e+01 1.400847751086102022e+01 1.826645707377489103e+01 1.247849426636781445e+01 1.491780961700124486e+01
6.009999999999999432e+01 5.679999999999999716e+01 5.844999999999999574e+01 1.439680381593930214e+01 1.930362249276554465e+01 1.180311801775447478e+01 1.516784810881977386e+01
6.089999999999999858e+01 5.470000000000000284e+01 5.779999999999999716e+01 1.435185536135537632e+01 1.749749529810239679e+01 1.257271904182538336e+01 1.480735656709438608e+01
6.270000000000000284e+01 5.490000000000000568e+01 5.880000000000000426e+01 1.406382927554050966e+01 1.702222271782571639e+01 1.160493961883246072e+01 1.423033053739956166e+01
6.100000000000000000e+01 5.450000000000000711e+01 5.775000000000000000e+01 1.596473039367636915e+01 1.712285654204750429e+01 1.166948129719832039e+01 1.491902274430739794e+01
6.139999999999999858e+01 5.570000000000000284e+01 5.854999999999999716e+01 1.459058682288999975e+01 2.266376583971634773e+01 1.439588064669319678e+01 1.721674443643318497e+01
5.919999999999999574e+01 5.649999999999999289e+01 5.784999999999999432e+01 1.567632217388807625e+01 1.743400700549256754e+01 1.150629485647008998e+01 1.487220801195024400e+01
5.889999999999999858e+01 5.470000000000000284e+01 5.679999999999999716e+01 1.419836219993238835e+01 1.693600339830993562e+01 1.237824546438685758e+01 1.450420368754306111e+01
6.100000000000000000e+01 5.669999999999999574e+01 5.884999999999999432e+01 1.405093225690734471e+01 1.666371940724430445e+01 1.922831319296419039e+01 1.664765495237194770e+01
6.100000000000000000e+01 5.520000000000000284e+01 5.810000000000000142e+01 1.561658643284318160e+01 1.667555562974032313e+01 1.754348853359355687e+01 1.661187686539235742e+01
5.959999999999999432e+01 5.629999999999999716e+01 5.794999999999999574e+01 1.411446244617788359e+01 1.669171613357755390e+01 1.177661951243513805e+01 1.419426603073019244e+01
6.100000000000000000e+01 5.709999999999999432e+01 5.904999999999999716e+01 1.486598213372479549e+01 1.787433994800253245e+01 1.714511123232976786e+01 1.662847777135236527e+01
6.139999999999999858e+01 5.530000000000000426e+01 5.835000000000000142e+01 1.407187176677542340e+01 1.735576831312049961e+01 1.161162030337473539e+01 1.434642012775688613e+01
6.110000000000000142e+01 5.639999999999999147e+01 5.875000000000000000e+01 1.448085175997244356e+01 1.751633478458079551e+01 1.151235878008882629e+01 1.450318177488068727e+01
6.160000000000000142e+01 5.550000000000000711e+01 5.855000000000000426e+01 1.450198137201280879e+01 1.717810541537845737e+01 1.168506485517319859e+01 1.445505054752148943e+01
