6.409999999999999432e+01 6.179999999999999716e+01 6.294999999999999574e+01 1.569488060857128531e+01 1.993847154645162689e+01 1.306890345743941850e+01 1.623408520415410905e+01
6.350000000000000000e+01 6.540000000000000568e+01 6.445000000000000284e+01 1.526016697611923867e+01 1.660228293169787861e+01 1.104728584152785764e+01 1.430324524978165890e+01
6.529999999999999716e+01 6.260000000000000142e+01 6.395000000000000284e+01 1.659206516798561282e+01 1.834029539512732754e+01 1.346857590155964068e+01 1.613364548822419309e+01
6.600000000000000000e+01 6.270000000000000284e+01 6.434999999999999432e+01 1.596401494801339460e+01 1.845865848095278494e+01 1.098295593626143862e+01 1.513520978840920606e+01
5.160000000000000142e+01 6.590000000000000568e+01 5.875000000000000000e+01 1.712249802320428316e+01 1.816534693871578909e+01 6.472278598083438794e+01 3.333687698091815577e+01
5.900000000000000000e+01 4.989999999999999858e+01 5.445000000000000284e+01 2.293559432885914617e+01 1.716897606012570421e+01 1.175487690240016114e+01 1.728648243046167110e+01
6.490000000000000568e+01 5.510000000000000142e+01 6.000000000000000000e+01 1.807680944273737111e+01 1.823063543345526227e+01 1.304614760117059014e+01 1.645119749245440843e+01
6.160000000000000142e+01 5.969999999999999574e+01 6.064999999999999858e+01 1.468784285412747259e+01 1.937530146488694172e+01 1.558387289715186519e+01 1.654900573872209080e+01
6.139999999999999858e+01 5.879999999999999716e+01 6.009999999999999432e+01 1.451132301739132835e+01 1.673506070143630353e+01 1.361081643881586167e+01 1.495240005254783000e+01
6.400000000000000000e+01 6.380000000000000426e+01 6.390000000000000568e+01 1.550755879843658214e+01 1.841272725174122016e+01 1.104676132908684139e+01 1.498901579308821397e+01
6.450000000000000000e+01 5.600000000000000711e+01 6.025000000000000000e+01 1.367045118642379542e+01 1.693054782621057797e+01 1.389782888054335785e+01 1.483294263105924493e+01
6.260000000000000142e+01 6.019999999999999574e+01 6.139999999999999858e+01 1.623058548197380802e+01 1.700119380475599229e+01 1.152795255409690967e+01 1.491991061360890569e+01
5.789999999999999858e+01 5.340000000000000568e+01 5.565000000000000568e+01 2.416499368274420689e+01 1.713891601660795416e+01 2.033009576125630602e+01 2.054466848686948666e+01
4.989999999999999858e+01 6.270000000000000284e+01 5.629999999999999716e+01 1.792118464961784241e+01 1.860290499227733108e+01 7.298409221556451598e+01 3.650272728581989412e+01
5.500000000000000711e+01 5.570000000000000284e+01 5.535000000000000853e+01 2.356743466514568297e+01 1.769324959157042443e+01 1.415161873324163366e+01 1.847076766331924702e+01
6.089999999999999858e+01 6.060000000000000142e+01 6.075000000000000000e+01 2.304459477168453319e+01 2.021882425873400990e+01 1.335616139306151418e+01 1.887319347449335183e+01
6.250000000000000000e+01 6.279999999999999716e+01 6.264999999999999858e+01 1.530552673541586728e+01 2.169155585490858940e+01 1.278401544460480999e+01 1.659369934497642163e+01
5.709999999999999432e+01 5.570000000000000284e+01 5.639999999999999858e+01 1.669779767797511383e+01 1.857634329747704172e+01 1.634878285546401955e+01 1.720764127697205836e+01
6.229999999999999716e+01 5.689999999999999147e+01 5.959999999999999432e+01 2.231423857803140720e+01 1.819773962892003283e+01 1.132234412054500439e+01 1.727810744249881481e+01
6.389999999999999858e+01 6.119999999999999574e+01 6.254999999999999716e+01 1.665223079266469952e+01 1.934699710115618387e+01 1.275827676582470538e+01 1.625250155321519685e+01
5.939999999999999858e+01 5.450000000000000711e+01 5.695000000000000284e+01 2.498618089196646963e+01 1.890880980885782137e+01 1.004676418412107175e+01 1.798058496164845721e+01
5.729999999999999716e+01 5.749999999999999289e+01 5.739999999999999147e+01 1.748788696739106641e+01 1.602171566224532384e+01 7.827486015498990923e+01 3.726148759487543316e+01
6.210000000000000142e+01 6.069999999999999574e+01 6.139999999999999858e+01 1.437831550442070849e+01 1.832134269089084100e+01 1.411822675515352010e+01 1.560596165015502379e+01
5.029999999999999716e+01 6.329999999999999716e+01 5.679999999999999716e+01 1.563020070286138008e+01 1.838035839063546462e+01 7.996327632092393856e+01 3.799127847147359915e+01
6.490000000000000568e+01 5.829999999999999716e+01 6.160000000000000142e+01 2.001544314891005172e+01 1.605416050372221903e+01 1.629270932946490902e+01 1.745410432736572659e+01
5.510000000000000142e+01 6.529999999999999716e+01 6.020000000000000284e+01 1.428988509288759623e+01 1.743040715366896976e+01 7.060985529563382102e+01 3.411004918073012959e+01
6.270000000000000284e+01 5.879999999999999716e+01 6.075000000000000000e+01 1.725455547746652485e+01 1.947740472294123393e+01 1.150915234816764787e+01 1.608037084952513496e+01
4.970000000000000284e+01 6.119999999999999574e+01 5.545000000000000284e+01 1.655996257408263972e+01 1.914579087323481588e+01 6.713192820315559572e+01 3.427922721682435281e+01
6.400000000000000000e+01 5.879999999999999716e+01 6.139999999999999858e+01 1.815981017589029989e+01 1.736920768883848609e+01 1.279031442103601712e+01 1.610644409525493259e+01
6.490000000000000568e+01 6.300000000000000000e+01 6.395000000000000284e+01 1.613691698906536942e+01 1.860410007486506601e+01 1.216918949754949431e+01 1.563673552049331050e+01
5.939999999999999858e+01 5.649999999999999289e+01 5.794999999999999574e+01 1.565744304204947390e+01 1.703154448484797356e+01 1.151706740802900164e+01 1.473535164497548244e+01
5.600000000000000711e+01 4.960000000000000142e+01 5.280000000000000426e+01 2.366150184813368895e+01 1.674916498302870949e+01 1.167591445332096178e+01 1.736219376149445637e+01
6.170000000000000284e+01 6.089999999999999858e+01 6.129999999999999716e+01 1.635594782536244907e+01 1.827852625363137307e+01 1.028593528298551796e+01 1.497346978732644551e+01
6.820000000000000284e+01 6.039999999999999858e+01 6.429999999999999716e+01 1.577409077830676765e+01 1.839743850996192265e+01 1.174608700308921705e+01 1.530587209711930008e+01
6.009999999999999432e+01 5.580000000000000426e+01 5.795000000000000284e+01 1.517389992565716739e+01 1.675573203779218900e+01 1.156299162255819724e+01 1.449754119533585062e+01
5.530000000000000426e+01 6.110000000000000142e+01 5.820000000000000284e+01 2.734201681116752525e+01 1.715646363185997458e+01 7.273353921675064271e+01 3.907733988659271773e+01
6.189999999999999858e+01 6.220000000000000284e+01 6.204999999999999716e+01 1.509118515334933441e+01 1.680547322504034113e+01 1.074880146346714582e+01 1.421515328061894046e+01
6.089999999999999858e+01 6.170000000000000284e+01 6.129999999999999716e+01 2.900466499531626496e+01 2.045035665429077198e+01 1.501216569855797012e+01 2.148906244938833154e+01
6.250000000000000000e+01 5.969999999999999574e+01 6.109999999999999432e+01 1.854331481615167476e+01 1.920113731958860015e+01 1.411936937072148801e+01 1.728794050215391920e+01
6.429999999999999716e+01 6.250000000000000000e+01 6.339999999999999858e+01 1.407491888494441845e+01 2.064178336412569337e+01 1.114464306172850705e+01 1.528711510359953962e+01
6.620000000000000284e+01 6.039999999999999858e+01 6.329999999999999716e+01 1.521847918144736056e+01 1.819326543273177421e+01 1.207477694489063680e+01 1.516217385302325660e+01
5.919999999999999574e+01 5.939999999999999858e+01 5.929999999999999716e+01 1.646001984552811948e+01 1.667180063256153133e+01 9.988523136403840041e+00 1.437344787149783087e+01
6.840000000000000568e+01 6.220000000000000284e+01 6.530000000000001137e+01 1.760535050671289170e+01 1.738283165802486607e+01 1.409530326070119166e+01 1.636116180847965040e+01
6.660000000000000853e+01 5.510000000000000142e+01 6.085000000000000853e+01 2.491651791621868028e+01 1.666257977145552260e+01 1.608693180355625429e+01 1.922200983041015476e+01
5.440000000000000568e+01 6.310000000000000142e+01 5.875000000000000000e+01 1.706264043197591462e+01 1.907918908766312427e+01 6.795361624954765034e+01 3.469848192306222501e+01
5.850000000000000000e+01 5.230000000000000426e+01 5.540000000000000568e+01 2.340118709860017532e+01 1.815636695174600135e+01 1.706650436262597026e+01 1.954135280432404898e+01
6.540000000000000568e+01 6.289999999999999858e+01 6.415000000000000568e+01 1.592771287098937449e+01 1.817849091384386995e+01 1.218810035077934906e+01 1.543143471187086391e+01
6.260000000000000142e+01 5.709999999999999432e+01 5.984999999999999432e+01 1.593557280808324350e+01 1.877510273777995664e+01 1.937597265620001608e+01 1.802888273402107089e+01
5.370000000000000284e+01 6.029999999999999716e+01 5.700000000000000000e+01 1.663856264835616017e+01 1.716912639621073922e+01 6.152289381397847734e+01 3.177686095284845536e+01
6.060000000000000142e+01 6.629999999999999716e+01 6.345000000000000284e+01 2.301666205540943722e+01 1.837976552418948017e+01 1.064199832054753614e+01 1.734614196671548569e+01
6.510000000000000853e+01 6.119999999999999574e+01 6.315000000000000568e+01 1.637408924573631808e+01 1.948263001765791103e+01 1.014673578572260837e+01 1.533448501637227857e+01
6.260000000000000142e+01 6.239999999999999858e+01 6.250000000000000000e+01 1.516943690292940161e+01 1.662077066568125616e+01 1.218995700578428121e+01 1.466005485813164633e+01
5.150000000000000000e+01 6.350000000000000000e+01 5.750000000000000000e+01 1.665183076931631589e+01 2.051381156419079943e+01 7.341561390713600588e+01 3.686041874688103803e+01
6.490000000000000568e+01 6.570000000000000284e+01 6.530000000000001137e+01 1.644329439876059951e+01 1.607423723130820647e+01 1.401020254237133322e+01 1.550924472414671129e+01
6.200000000000000000e+01 6.289999999999999858e+01 6.245000000000000284e+01 2.752233817013718919e+01 1.777296307092983341e+01 2.619632099927896007e+01 2.383054074678199186e+01
6.210000000000000142e+01 6.600000000000000000e+01 6.404999999999999716e+01 1.551939150345902974e+01 1.827216227397584092e+01 1.024898407161067482e+01 1.468017928301518360e+01
6.380000000000000426e+01 6.019999999999999574e+01 6.200000000000000000e+01 1.706351569012630875e+01 1.546214243817385281e+01 1.192337833238969402e+01 1.481634548689662090e+01
6.500000000000000000e+01 6.119999999999999574e+01 6.309999999999999432e+01 2.347915867383543542e+01 1.876686246182872253e+01 1.091016172329500655e+01 1.771872761965305543e+01
6.079999999999999716e+01 6.019999999999999574e+01 6.050000000000000000e+01 2.229932156889764272e+01 1.764856305349882959e+01 9.927966727918681400e+00 1.662528378343838398e+01
4.850000000000000000e+01 6.389999999999999858e+01 5.620000000000000284e+01 1.716287288251586673e+01 1.838108344944821937e+01 6.481936209825806827e+01 3.345443947674071694e+01
6.220000000000000284e+01 5.929999999999999716e+01 6.075000000000000000e+01 1.625185556843899448e+01 1.658404983449504044e+01 1.018305243783460057e+01 1.433965261358954457e+01
6.490000000000000568e+01 5.739999999999999858e+01 6.115000000000000568e+01 1.515910711381352449e+01 2.201681361472950726e+01 1.164044001159290431e+01 1.627212024671197810e+01
5.450000000000000711e+01 5.809999999999999432e+01 5.629999999999999716e+01 1.620957604175429978e+01 2.014032092108297789e+01 7.840461263221301635e+01 3.825150319835010038e+01
6.310000000000000142e+01 6.389999999999999858e+01 6.350000000000000000e+01 1.400995788860397084e+01 2.626070317690335898e+01 1.313990711679351975e+01 1.780352272743361652e+01
4.970000000000000284e+01 6.119999999999999574e+01 5.545000000000000284e+01 2.382152763963898678e+01 1.906539709804762595e+01 7.653561598978888014e+01 3.980751357582516192e+01
6.400000000000000000e+01 6.320000000000000284e+01 6.360000000000000142e+01 1.595024729397280261e+01 2.185164044548915996e+01 1.192895015551040316e+01 1.657694596499078799e+01
6.069999999999999574e+01 5.709999999999999432e+01 5.889999999999999147e+01 2.627806298941283103e+01 1.932122444815015783e+01 1.293045972849341041e+01 1.950991572201879976e+01
5.010000000000000142e+01 6.220000000000000284e+01 5.615000000000000568e+01 2.207389457802053201e+01 1.826462057580866372e+01 6.722960195759986846e+01 3.585603903714302021e+01
6.129999999999999716e+01 6.520000000000000284e+01 6.325000000000000000e+01 1.516394870471761891e+01 1.605071632744474996e+01 1.342189914202157652e+01 1.487885472472798121e+01
6.360000000000000142e+01 5.959999999999999432e+01 6.159999999999999432e+01 1.566263162076822724e+01 1.677230636213713666e+01 1.168161784648795098e+01 1.470551860979777281e+01
6.310000000000000142e+01 5.490000000000000568e+01 5.900000000000000000e+01 1.717316107130447023e+01 1.821936193165888440e+01 1.496528446945656832e+01 1.678593582413997609e+01
6.160000000000000142e+01 5.560000000000000853e+01 5.860000000000000853e+01 1.491399043804370095e+01 1.775587251615575823e+01 1.204150512282721053e+01 1.490378935900888990e+01
6.119999999999999574e+01 5.979999999999999716e+01 6.050000000000000000e+01 1.367235731341795635e+01 1.835260149711279709e+01 1.081562064422527314e+01 1.428019315158534219e+01
6.229999999999999716e+01 5.520000000000000284e+01 5.875000000000000000e+01 1.409886541086845035e+01 1.965767489514114885e+01 1.292695636519622049e+01 1.556116555706860538e+01
6.350000000000000000e+01 6.360000000000000142e+01 6.354999999999999716e+01 1.702817903509172126e+01 1.989434299154927999e+01 1.193990196739670573e+01 1.628747466467923743e+01
5.160000000000000142e+01 6.450000000000000000e+01 5.804999999999999716e+01 1.408970886431374403e+01 1.815858554909873135e+01 6.539208229276938766e+01 3.254679223539395139e+01
5.839999999999999858e+01 6.150000000000000000e+01 5.995000000000000284e+01 2.513301201680059904e+01 1.598605657776431777e+01 1.156664133863803912e+01 1.756190331106765257e+01
6.220000000000000284e+01 6.150000000000000000e+01 6.185000000000000142e+01 1.554888575092886960e+01 1.942764804543630675e+01 1.163026748964004220e+01 1.553560042866840440e+01
6.119999999999999574e+01 5.520000000000000284e+01 5.820000000000000284e+01 2.420758399469596256e+01 1.901953280821697589e+01 1.273340550657621151e+01 1.865350743649638332e+01
4.510000000000000142e+01 6.350000000000000000e+01 5.429999999999999716e+01 2.249046693020103049e+01 1.609306215358068215e+01 7.236264380424370302e+01 3.698205762934180285e+01
6.620000000000000284e+01 5.950000000000000000e+01 6.285000000000000142e+01 1.723155238876872986e+01 1.986325495635904659e+01 1.372907336243985377e+01 1.694129356918920948e+01
6.679999999999999716e+01 6.409999999999999432e+01 6.544999999999998863e+01 1.697292530214543405e+01 2.167058075982208720e+01 1.282088734000688390e+01 1.715479780065813387e+01
5.510000000000000142e+01 6.440000000000000568e+01 5.975000000000000000e+01 1.538840150285268038e+01 1.825196133062784298e+01 6.998820487877286212e+01 3.454285590408446183e+01
6.760000000000000853e+01 5.789999999999999858e+01 6.275000000000000000e+01 1.484046704608855372e+01 1.768948706517680947e+01 1.228893682176964752e+01 1.493963031101166905e+01
6.540000000000000568e+01 5.900000000000000000e+01 6.220000000000000284e+01 1.545560021685681207e+01 1.859761745976567582e+01 1.398691242599154805e+01 1.601337670087134413e+01
6.289999999999999858e+01 6.380000000000000426e+01 6.335000000000000142e+01 2.226960945973324257e+01 2.147345662651609288e+01 1.721211129157090625e+01 2.031839245927341508e+01
6.179999999999999716e+01 5.400000000000000000e+01 5.789999999999999858e+01 1.699754760658423791e+01 1.963763476883886838e+01 1.658172714095695000e+01 1.773896983879335210e+01
6.370000000000000284e+01 5.859999999999999432e+01 6.114999999999999858e+01 1.903726280584980302e+01 1.844054421929577003e+01 1.600325091107540842e+01 1.782701931207365931e+01
5.909999999999999432e+01 6.600000000000000000e+01 6.254999999999999716e+01 2.676902075025832772e+01 1.600410162237777811e+01 1.074346828778185525e+01 1.783886355347265251e+01
6.429999999999999716e+01 6.339999999999999858e+01 6.384999999999999432e+01 1.643498610242784963e+01 1.771461938103296063e+01 8.769897428306215659e+00 1.430650097058900805e+01
5.889999999999999858e+01 5.410000000000000142e+01 5.650000000000000000e+01 1.866263240015235425e+01 1.672977866319532936e+01 1.602723623753185578e+01 1.713988243362651076e+01
5.889999999999999858e+01 6.150000000000000000e+01 6.020000000000000284e+01 1.934712138650471047e+01 1.903568003092038197e+01 1.397355527254152463e+01 1.745211889665553784e+01
6.210000000000000142e+01 6.260000000000000142e+01 6.235000000000000142e+01 1.467841878700118485e+01 1.794278029506169858e+01 1.032769462253008719e+01 1.431629790153099258e+01
5.879999999999999716e+01 5.759999999999999432e+01 5.819999999999999574e+01 1.435311013260279722e+01 1.880699651167797626e+01 1.000292023090632121e+01 1.438767562506236430e+01
5.020000000000000284e+01 6.189999999999999858e+01 5.604999999999999716e+01 1.780391086785997956e+01 1.686507090722436786e+01 6.568526283497394047e+01 3.345141487001942693e+01
6.200000000000000000e+01 5.829999999999999716e+01 6.014999999999999858e+01 1.956399440336198126e+01 1.957656660443397101e+01 1.189710006269215903e+01 1.701255369016270436e+01
5.600000000000000711e+01 5.979999999999999716e+01 5.790000000000000568e+01 1.708208042591055786e+01 1.891208104277975366e+01 7.403533870903264358e+01 3.667650005924098622e+01
6.370000000000000284e+01 6.220000000000000284e+01 6.295000000000000284e+01 1.657345009972922156e+01 1.862453875231308942e+01 1.270254651901668907e+01 1.596684512368633513e+01
6.360000000000000142e+01 6.139999999999999858e+01 6.250000000000000000e+01 1.679472104976606062e+01 1.667031074751458775e+01 1.226044131911542401e+01 1.524182437213202235e+01
6.420000000000000284e+01 5.909999999999999432e+01 6.164999999999999858e+01 1.574503305772462447e+01 1.930642572744246266e+01 1.164536415079545506e+01 1.556560764532084740e+01
