6.600000000000000000e+01 6.900000000000000000e+01 6.750000000000000000e+01 1.242115254611205621e+01 1.066392669448985231e+01 2.151289137594600476e+01 1.486599020551597050e+01
6.850000000000000000e+01 7.019999999999998863e+01 6.934999999999999432e+01 9.891313245070955773e+00 1.055157173391749303e+01 1.190241940713572077e+01 1.078176812870805712e+01
6.720000000000000284e+01 6.710000000000000853e+01 6.715000000000000568e+01 9.678778385394529948e+00 1.176311592472169743e+01 1.482178528157595210e+01 1.208789319723072708e+01
6.139999999999999858e+01 6.660000000000000853e+01 6.400000000000000000e+01 1.081117838351012495e+01 1.919467796533141168e+01 2.012900628389469659e+01 1.671162087757874204e+01
6.529999999999999716e+01 7.209999999999999432e+01 6.869999999999998863e+01 1.070642902667864682e+01 1.118684969758937164e+01 8.259727667446838950e+00 1.005100213057161973e+01
7.120000000000000284e+01 7.089999999999999147e+01 7.104999999999999716e+01 1.030239844423183015e+01 1.128286496697435837e+01 9.718527446065310826e+00 1.043459695242383312e+01
6.550000000000000000e+01 7.050000000000000000e+01 6.800000000000000000e+01 1.013312781520344608e+01 1.186096991943823653e+01 8.703220677110282466e+00 1.023243947058398895e+01
6.380000000000000426e+01 6.750000000000000000e+01 6.565000000000000568e+01 1.085064744279089588e+01 1.131302329062649648e+01 2.816624618748296172e+01 1.677663897363344958e+01
6.929999999999999716e+01 6.950000000000000000e+01 6.940000000000000568e+01 1.166384975351252784e+01 1.274894678483448374e+01 6.095579649589504712e+00 1.016945872931217032e+01
6.570000000000000284e+01 6.550000000000000000e+01 6.559999999999999432e+01 1.318010383703491684e+01 1.016392093190703072e+01 5.444475925280229944e+00 9.596166898074059759e+00
6.060000000000000142e+01 7.179999999999999716e+01 6.620000000000000284e+01 1.106432307398833892e+01 1.141778643215898370e+01 2.180059463054341506e+01 1.476090137889691256e+01
5.939999999999999858e+01 6.959999999999999432e+01 6.450000000000000000e+01 1.131698143966366210e+01 1.002464675945611461e+01 2.193818244354582703e+01 1.442660354755520125e+01
6.969999999999998863e+01 6.440000000000000568e+01 6.704999999999999716e+01 1.116013786563692989e+01 1.019349453878726308e+01 1.528484018581391446e+01 1.221282419674603581e+01
6.679999999999999716e+01 6.919999999999998863e+01 6.800000000000000000e+01 1.041684899536164188e+01 1.185358995960300099e+01 9.060237743747913797e+00 1.044355889957085282e+01
6.810000000000000853e+01 7.289999999999999147e+01 7.050000000000000000e+01 1.010632294975689405e+01 2.509039578178787622e+01 6.638687850872017293e+00 1.394513552747226193e+01
6.870000000000000284e+01 6.840000000000000568e+01 6.855000000000001137e+01 1.132926190727589066e+01 1.026724175952271345e+01 9.770963714479279361e+00 1.045582246042596175e+01
6.550000000000000000e+01 7.039999999999999147e+01 6.794999999999998863e+01 1.060949995968096360e+01 1.206326512876612433e+01 8.451460943162814488e+00 1.037474201053663414e+01
6.710000000000000853e+01 6.780000000000001137e+01 6.745000000000001705e+01 9.430423093650688315e+00 1.026265289306946116e+01 8.379420219288437721e+00 9.357498735336195139e+00
6.550000000000000000e+01 6.989999999999999147e+01 6.769999999999998863e+01 9.229519468990369901e+00 1.020853667535416776e+01 2.253717022064378384e+01 1.399174212166277265e+01
6.900000000000000000e+01 7.159999999999999432e+01 7.029999999999999716e+01 1.200285745639185642e+01 9.959686592364644042e+00 1.050672214683856964e+01 1.082308873186502218e+01
6.740000000000000568e+01 6.429999999999999716e+01 6.584999999999999432e+01 1.147410266622956954e+01 1.095601362839779469e+01 1.203789307208380066e+01 1.148933645557038830e+01
7.059999999999999432e+01 6.909999999999999432e+01 6.984999999999999432e+01 9.426643605777504931e+00 9.526993561598111171e+00 1.383943939167270010e+01 1.093102551968277147e+01
7.209999999999999432e+01 6.690000000000000568e+01 6.950000000000000000e+01 1.277194630756732252e+01 1.158227434091458541e+01 1.352478997062547883e+01 1.262633687303579499e+01
6.670000000000000284e+01 7.100000000000000000e+01 6.884999999999999432e+01 1.623979128250120141e+01 9.811407866791746812e+00 6.684837301021310019e+00 1.091201215010475245e+01
6.640000000000000568e+01 7.170000000000000284e+01 6.905000000000001137e+01 9.804537098468715683e+00 1.415086844889136053e+01 7.125423634740811529e+00 1.036027639403362954e+01
5.989999999999999858e+01 7.340000000000000568e+01 6.665000000000000568e+01 1.157630402350381971e+01 1.035506927224875007e+01 2.446571570406504748e+01 1.546569633327253968e+01
6.510000000000000853e+01 6.770000000000000284e+01 6.640000000000000568e+01 1.126629955815514883e+01 1.184802973150930683e+01 2.350754976720274314e+01 1.554062635228906686e+01
6.820000000000000284e+01 6.919999999999998863e+01 6.869999999999998863e+01 1.001084773603147049e+01 1.134887033511845722e+01 7.429578234120754132e+00 9.596432101756894539e+00
6.500000000000000000e+01 6.800000000000000000e+01 6.650000000000000000e+01 1.053230764931591068e+01 1.026929265811962111e+01 1.108081524653049499e+01 1.062747185132200833e+01
6.989999999999999147e+01 6.860000000000000853e+01 6.925000000000000000e+01 1.046154889898861029e+01 1.114210454461720090e+01 1.078310095217649867e+01 1.079558479859410447e+01
7.070000000000000284e+01 6.450000000000000000e+01 6.759999999999999432e+01 9.719056614357873158e+00 1.055282982389323543e+01 7.714474396000641221e+00 9.328786944750582677e+00
6.479999999999999716e+01 6.790000000000000568e+01 6.634999999999999432e+01 1.105672294498457831e+01 1.224937058459156525e+01 9.013982325448004929e+00 1.077335861834138342e+01
6.950000000000000000e+01 6.620000000000000284e+01 6.784999999999999432e+01 9.675400065944069539e+00 1.193359603600156582e+01 6.821542678209731037e+00 9.476846260051788207e+00
6.640000000000000568e+01 7.070000000000000284e+01 6.855000000000001137e+01 1.014058086164534167e+01 1.071150950248997802e+01 7.582995461435569240e+00 9.478361941856963568e+00
6.790000000000000568e+01 6.810000000000000853e+01 6.800000000000000000e+01 8.888268535403016202e+00 1.027206852937146131e+01 7.081464241794129144e+00 8.747267102189535848e+00
6.790000000000000568e+01 7.150000000000000000e+01 6.970000000000000284e+01 9.763297846007908731e+00 9.674712795397811149e+00 1.127787466903864200e+01 1.023862843681478729e+01
5.850000000000000000e+01 6.909999999999999432e+01 6.379999999999999716e+01 1.157837203899726042e+01 9.980322505233957031e+00 2.428133324572625540e+01 1.528000926331915821e+01
7.079999999999999716e+01 6.989999999999999147e+01 7.034999999999999432e+01 9.922495469044244842e+00 1.546663950314152203e+01 5.264235787196105854e+00 1.021779025312729061e+01
6.820000000000000284e+01 6.710000000000000853e+01 6.765000000000000568e+01 1.117128671550982055e+01 1.143906297546928741e+01 9.033546499738163149e+00 1.054796539690575763e+01
6.860000000000000853e+01 6.460000000000000853e+01 6.660000000000000853e+01 1.027082830428757276e+01 1.100658697487974891e+01 6.723502451134394597e+00 9.333639243433905719e+00
6.600000000000000000e+01 6.780000000000001137e+01 6.690000000000000568e+01 1.359908196352285259e+01 9.745235294779117652e+00 8.267201472731493084e+00 1.053717291034448778e+01
6.300000000000000000e+01 7.070000000000000284e+01 6.684999999999999432e+01 1.093617821063625861e+01 1.272671823163868687e+01 2.135349173720225835e+01 1.500546272649240187e+01
6.150000000000000000e+01 6.989999999999999147e+01 6.569999999999998863e+01 1.081703674359103573e+01 1.106785201314995781e+01 2.078541770039086956e+01 1.422343548571061866e+01
6.870000000000000284e+01 7.070000000000000284e+01 6.970000000000000284e+01 1.142374770225062797e+01 1.043412269097793299e+01 6.884775103272808394e+00 9.580881832167122525e+00
7.279999999999999716e+01 6.640000000000000568e+01 6.959999999999999432e+01 9.929467356985252735e+00 1.010779169422147916e+01 9.929918961125395072e+00 9.989059337444041731e+00
6.720000000000000284e+01 6.570000000000000284e+01 6.645000000000000284e+01 1.409227832046288853e+01 1.199543373738261387e+01 8.220322477542165274e+00 1.143601151179588804e+01
7.229999999999999716e+01 6.579999999999999716e+01 6.904999999999999716e+01 1.079053393348034184e+01 1.104304112380715175e+01 9.049149682422239493e+00 1.029424157990324495e+01
6.979999999999999716e+01 6.720000000000000284e+01 6.850000000000000000e+01 8.091921017858417997e+00 9.999573627347128735e+00 1.182386359205088944e+01 9.971786079085477539e+00
6.300000000000000000e+01 6.810000000000000853e+01 6.555000000000001137e+01 1.052717557145638949e+01 1.313353758237824920e+01 2.052340335815433292e+01 1.472803883732965780e+01
6.640000000000000568e+01 6.600000000000000000e+01 6.620000000000000284e+01 1.254887266023890824e+01 1.029448417395692772e+01 5.904540324259447637e+00 9.582632386151761494e+00
6.950000000000000000e+01 6.909999999999999432e+01 6.929999999999999716e+01 1.161417176407049467e+01 1.034422194872285061e+01 6.291903642182465894e+00 9.416765784991936172e+00
6.860000000000000853e+01 7.050000000000000000e+01 6.955000000000001137e+01 9.675391144587228709e+00 1.015536201190832344e+01 9.200414492022456869e+00 9.677055882839336931e+00
6.979999999999999716e+01 6.889999999999999147e+01 6.934999999999999432e+01 1.088303870065869638e+01 1.128853790150387937e+01 8.616500636971506921e+00 1.026269241304469482e+01
7.329999999999999716e+01 6.119999999999999574e+01 6.725000000000000000e+01 1.140972200747852305e+01 1.027851816826250086e+01 9.111925018749859717e+00 1.026672173149695944e+01
7.170000000000000284e+01 7.100000000000000000e+01 7.134999999999999432e+01 1.147890697077395217e+01 1.082657024893806685e+01 9.496288794298934022e+00 1.060058867133698435e+01
6.770000000000000284e+01 7.179999999999999716e+01 6.975000000000000000e+01 1.068652398791324387e+01 1.238091516655365432e+01 5.495160355478747150e+00 9.520866503315213336e+00
6.370000000000000284e+01 6.900000000000000000e+01 6.634999999999999432e+01 1.671745548892994293e+01 1.417449796780908500e+01 1.050467252742593516e+01 1.379887532805498829e+01
7.019999999999998863e+01 6.660000000000000853e+01 6.840000000000000568e+01 1.301536774214365977e+01 1.010673056165828854e+01 8.226883080425416495e+00 1.044966046140912219e+01
6.840000000000000568e+01 7.000000000000000000e+01 6.920000000000000284e+01 1.256546514092276645e+01 1.055981597366102953e+01 1.111784119520339864e+01 1.141437410326239821e+01
6.069999999999999574e+01 6.929999999999999716e+01 6.500000000000000000e+01 1.065258991387638154e+01 1.245428569148544007e+01 2.461487064018078996e+01 1.590724874851420445e+01
6.409999999999999432e+01 6.710000000000000853e+01 6.559999999999999432e+01 1.020210944038838186e+01 1.178766867429145826e+01 2.162488937246941489e+01 1.453822249571641834e+01
6.270000000000000284e+01 7.109999999999999432e+01 6.690000000000000568e+01 8.880263820451713030e+00 1.030774574338801841e+01 2.517231110842226727e+01 1.478677355742066624e+01
6.400000000000000000e+01 7.000000000000000000e+01 6.700000000000000000e+01 1.006733013921881259e+01 1.067116290943433121e+01 2.594871678764457812e+01 1.556240327876590790e+01
6.830000000000001137e+01 6.810000000000000853e+01 6.820000000000001705e+01 1.032291777338707384e+01 1.023721583149042402e+01 8.290866554965301560e+00 9.617000053280934324e+00
6.670000000000000284e+01 6.959999999999999432e+01 6.815000000000000568e+01 1.141722463890936723e+01 9.767926887142706960e+00 6.850851008704294642e+00 9.345334178252123536e+00
6.979999999999999716e+01 7.139999999999999147e+01 7.059999999999999432e+01 1.156767860489325628e+01 1.020192281947240787e+01 8.230777947434475550e+00 1.000012645726671323e+01
6.750000000000000000e+01 6.429999999999999716e+01 6.590000000000000568e+01 1.486367654413695760e+01 1.130235032192710776e+01 7.449251402098205688e+00 1.120509275605409094e+01
6.440000000000000568e+01 7.000000000000000000e+01 6.720000000000000284e+01 9.794393195272828478e+00 1.087718694507707973e+01 2.352267269815198247e+01 1.473141761283396534e+01
6.009999999999999432e+01 6.919999999999998863e+01 6.464999999999999147e+01 1.851854031851866011e+01 1.072597464885031648e+01 2.612125704314487962e+01 1.845525733683795266e+01
6.919999999999998863e+01 7.129999999999999716e+01 7.025000000000000000e+01 9.525168119265781996e+00 1.179480898163450320e+01 6.642155956254264026e+00 9.320711019051516999e+00
6.250000000000000000e+01 6.950000000000000000e+01 6.600000000000000000e+01 1.184266605693350449e+01 1.067991551637097558e+01 2.180777594789467599e+01 1.477678584039971810e+01
6.939999999999999147e+01 6.800000000000000000e+01 6.869999999999998863e+01 1.010155111508935910e+01 1.007339655274068591e+01 5.262825439259743554e+00 8.479257702363263149e+00
6.820000000000000284e+01 6.069999999999999574e+01 6.445000000000000284e+01 1.252655395361715129e+01 1.260670425966725006e+01 9.459122400281060550e+00 1.153079353785515337e+01
6.420000000000000284e+01 6.600000000000000000e+01 6.509999999999999432e+01 1.165281745715531159e+01 1.241296551922205538e+01 2.042345620545363616e+01 1.482974639394366712e+01
6.959999999999999432e+01 7.059999999999999432e+01 7.009999999999999432e+01 9.168642375553675450e+00 1.186009748884436554e+01 7.124126508906715394e+00 9.384288791101585758e+00
6.950000000000000000e+01 6.870000000000000284e+01 6.909999999999999432e+01 1.090048313165145544e+01 1.041837922794277560e+01 7.537344652388434874e+00 9.618735670660887749e+00
6.900000000000000000e+01 6.590000000000000568e+01 6.745000000000000284e+01 1.531566434451853631e+01 1.013451117243943322e+01 6.762098386450535514e+00 1.073742463446949991e+01
6.870000000000000284e+01 5.859999999999999432e+01 6.364999999999999858e+01 1.105823255154393259e+01 1.059175658213998972e+01 7.779006666725181596e+00 9.809665266803035522e+00
6.710000000000000853e+01 7.050000000000000000e+01 6.880000000000001137e+01 1.068759329484628751e+01 1.050272042809962869e+01 8.701231238004011104e+00 9.963848320316643026e+00
7.209999999999999432e+01 7.009999999999999432e+01 7.109999999999999432e+01 1.114912382036354366e+01 1.229609002626296288e+01 1.595645773450850591e+01 1.313389052704500415e+01
6.720000000000000284e+01 7.129999999999999716e+01 6.925000000000000000e+01 9.487671274125206722e+00 1.054517134968899406e+01 7.275948239503566839e+00 9.102930287772588613e+00
6.700000000000000000e+01 6.650000000000000000e+01 6.675000000000000000e+01 1.249179730739791516e+01 1.078951009021106344e+01 5.948677107984105206e+00 9.743328168531027345e+00
7.050000000000000000e+01 6.950000000000000000e+01 7.000000000000000000e+01 1.119077368385359250e+01 1.166074641792040545e+01 1.009082711448121472e+01 1.098078240541840422e+01
6.969999999999998863e+01 6.929999999999999716e+01 6.950000000000000000e+01 1.514329261742248534e+01 9.760411878953238585e+00 6.955255686769352685e+00 1.061965339438169131e+01
6.409999999999999432e+01 6.510000000000000853e+01 6.459999999999999432e+01 1.100384068538367899e+01 1.111396087886172346e+01 1.047979603198642273e+01 1.086586586541061017e+01
6.250000000000000000e+01 7.009999999999999432e+01 6.629999999999999716e+01 8.381480282659662606e+00 1.028654912490737061e+01 2.713662797769744728e+01 1.526821912842149231e+01
6.679999999999999716e+01 6.959999999999999432e+01 6.819999999999998863e+01 8.599703576132462501e+00 1.096979245361952948e+01 7.196252580007028499e+00 8.921916203253006827e+00
6.860000000000000853e+01 6.810000000000000853e+01 6.835000000000000853e+01 1.107150907274980511e+01 1.000010045647421286e+01 9.818010278565603599e+00 1.029653993592987327e+01
7.179999999999999716e+01 6.929999999999999716e+01 7.054999999999999716e+01 8.746017292074665050e+00 1.139731904330637668e+01 6.328840953961647031e+00 8.824059096447562922e+00
6.129999999999999716e+01 7.189999999999999147e+01 6.659999999999999432e+01 1.030611328344602740e+01 1.001430742373108451e+01 2.796380559669827193e+01 1.609474210129179639e+01
6.909999999999999432e+01 6.950000000000000000e+01 6.929999999999999716e+01 1.385294455253918677e+01 1.222342871697894928e+01 5.865462672232373720e+00 1.064727864725016993e+01
6.450000000000000000e+01 7.039999999999999147e+01 6.744999999999998863e+01 1.215087996199889275e+01 1.515774702777112637e+01 2.009186454438601643e+01 1.580016384471867674e+01
6.179999999999999716e+01 7.059999999999999432e+01 6.619999999999998863e+01 1.199307836976473496e+01 9.842661907707952906e+00 2.074855101605281504e+01 1.419476376450850097e+01
6.909999999999999432e+01 6.640000000000000568e+01 6.775000000000000000e+01 1.203335261547905688e+01 1.128091437036900047e+01 9.323901303853352474e+00 1.087938942990047053e+01
7.189999999999999147e+01 6.730000000000001137e+01 6.959999999999999432e+01 8.456312846081210921e+00 1.394107195813337263e+01 7.179413413591466231e+00 9.858932739268682965e+00
6.740000000000000568e+01 6.870000000000000284e+01 6.805000000000001137e+01 1.148737774730573769e+01 1.198889042651096126e+01 1.885441328098410452e+01 1.411022715160026841e+01
6.850000000000000000e+01 5.839999999999999858e+01 6.345000000000000284e+01 1.137445393258288462e+01 9.414762987867893784e+00 6.779613747866454432e+00 9.189610222772410353e+00
6.989999999999999147e+01 7.129999999999999716e+01 7.059999999999999432e+01 1.297251387820182700e+01 1.127163419662372412e+01 7.027124684111404562e+00 1.042375758631231975e+01
6.750000000000000000e+01 7.329999999999999716e+01 7.040000000000000568e+01 9.937486099834138997e+00 1.184899400247560664e+01 8.431052419327125236e+00 1.007251084054562362e+01
6.900000000000000000e+01 6.979999999999999716e+01 6.940000000000000568e+01 9.819325297244436257e+00 1.241583741029735322e+01 1.024690965773874041e+01 1.082735745509351055e+01
