6.790000000000000568e+01 7.139999999999999147e+01 6.965000000000000568e+01 9.597656722030864174e+00 1.070849956064247444e+01 7.675105076431766982e+00 9.327087119701701567e+00
6.909999999999999432e+01 6.989999999999999147e+01 6.950000000000000000e+01 1.126255193365718554e+01 2.346528262194036785e+01 5.290755266472975116e+00 1.333952994069017706e+01
5.900000000000000000e+01 6.939999999999999147e+01 6.419999999999998863e+01 1.197130643319917453e+01 1.185210838597054384e+01 2.692898249930640375e+01 1.691746577282537700e+01
6.279999999999999716e+01 7.139999999999999147e+01 6.709999999999999432e+01 1.045857317429616451e+01 1.123673837444212964e+01 2.600421089935566243e+01 1.589984081603132005e+01
5.950000000000000000e+01 6.909999999999999432e+01 6.429999999999999716e+01 9.591632099248595722e+00 1.002288329615646667e+01 2.664958460087376579e+01 1.542136666542627665e+01
6.810000000000000853e+01 6.470000000000000284e+01 6.640000000000000568e+01 7.669482088719785651e+00 1.039032994458424497e+01 7.169221193867017838e+00 8.409677742390348598e+00
6.329999999999999716e+01 6.870000000000000284e+01 6.600000000000000000e+01 1.113512432595899959e+01 1.162135284116294542e+01 8.477173900628935499e+00 1.041121702258362625e+01
6.750000000000000000e+01 6.810000000000000853e+01 6.780000000000001137e+01 8.958679304442078717e+00 1.102970554410766724e+01 9.205063622177469540e+00 9.731149490242405165e+00
6.989999999999999147e+01 7.109999999999999432e+01 7.050000000000000000e+01 1.026671651619114201e+01 1.020139154022255212e+01 6.891020923043964963e+00 9.119709659819219993e+00
6.939999999999999147e+01 6.909999999999999432e+01 6.925000000000000000e+01 8.813884835570194198e+00 1.022907768441422682e+01 7.453524873949447738e+00 8.832162464644623512e+00
6.550000000000000000e+01 6.939999999999999147e+01 6.744999999999998863e+01 9.809648159372684972e+00 1.136210778697467205e+01 7.967463666634669650e+00 9.713073204327342225e+00
6.270000000000000284e+01 6.989999999999999147e+01 6.629999999999999716e+01 9.344842749060445541e+00 1.044250664060296252e+01 2.273675086569257431e+01 1.417470008511866020e+01
6.420000000000000284e+01 6.409999999999999432e+01 6.415000000000000568e+01 1.107443840708486249e+01 1.052875679001612141e+01 8.511467885624171004e+00 1.003822102757505164e+01
6.780000000000001137e+01 6.979999999999999716e+01 6.880000000000001137e+01 1.068731526151048072e+01 1.113041583443147786e+01 6.732003465243349360e+00 9.516578187061769611e+00
6.770000000000000284e+01 6.889999999999999147e+01 6.829999999999999716e+01 1.058785744054928202e+01 1.342716663850606906e+01 1.103830152633545758e+01 1.168444186846360289e+01
6.329999999999999716e+01 7.200000000000000000e+01 6.765000000000000568e+01 1.035793784232428472e+01 1.211694447144600417e+01 2.927499965222875744e+01 1.724996065533301604e+01
6.979999999999999716e+01 6.989999999999999147e+01 6.984999999999999432e+01 1.224190199449188476e+01 1.119441709904216609e+01 1.052410614360345242e+01 1.132014174571250287e+01
6.959999999999999432e+01 6.900000000000000000e+01 6.929999999999999716e+01 1.159178953096878573e+01 1.077144913340384669e+01 7.822691582715367353e+00 1.006197674902933237e+01
6.760000000000000853e+01 7.259999999999999432e+01 7.009999999999999432e+01 1.252122274557439852e+01 1.067694967250334592e+01 5.834809115277157510e+00 9.677660511118300946e+00
6.540000000000000568e+01 6.810000000000000853e+01 6.675000000000000000e+01 1.168415011068844933e+01 1.247287075362685549e+01 6.263288844067157690e+00 1.014010323612748898e+01
7.050000000000000000e+01 6.989999999999999147e+01 7.019999999999998863e+01 1.198777209283779932e+01 9.344926253091360380e+00 6.982647229838827130e+00 9.438448525255994426e+00
6.360000000000000142e+01 6.969999999999998863e+01 6.664999999999999147e+01 1.448162947075718954e+01 8.817078453634993096e+00 2.763101402198147483e+01 1.697657398212455249e+01
6.579999999999999716e+01 6.239999999999999858e+01 6.409999999999999432e+01 1.137590862546805681e+01 1.069867439789472741e+01 9.021099627559305389e+00 1.036522755030736320e+01
6.350000000000000000e+01 7.070000000000000284e+01 6.709999999999999432e+01 9.034152958356246543e+00 9.397262811614799816e+00 7.261878141051628432e+00 8.564431303674224338e+00
6.429999999999999716e+01 6.969999999999998863e+01 6.700000000000000000e+01 1.080400882700548237e+01 1.363240023063571016e+01 2.690554480421707950e+01 1.711398462061942283e+01
6.629999999999999716e+01 6.959999999999999432e+01 6.794999999999998863e+01 9.260940559209906553e+00 1.046934075187427737e+01 6.608243946811799496e+00 8.779508419298661437e+00
7.050000000000000000e+01 7.009999999999999432e+01 7.029999999999999716e+01 1.208604427068342524e+01 1.127328527284473481e+01 7.784822294847465685e+00 1.038138394612520976e+01
6.640000000000000568e+01 7.139999999999999147e+01 6.890000000000000568e+01 1.154718431433777681e+01 1.763026036947568898e+01 5.265998041228020732e+00 1.148114757501382854e+01
6.679999999999999716e+01 6.730000000000001137e+01 6.705000000000001137e+01 9.035373546766354735e+00 1.026566867108848236e+01 9.118017060672139351e+00 9.473019759508991555e+00
7.200000000000000000e+01 6.579999999999999716e+01 6.890000000000000568e+01 1.026458633470164550e+01 1.022828097832295136e+01 8.591722421659984121e+00 9.694863244894859733e+00
6.260000000000000142e+01 6.760000000000000853e+01 6.510000000000000853e+01 9.877207287943464920e+00 1.306328136573659826e+01 2.605862508252543108e+01 1.633303791206849809e+01
6.629999999999999716e+01 6.879999999999999716e+01 6.754999999999999716e+01 9.890145896642643208e+00 9.646647690750365101e+00 1.033694373274124878e+01 9.957912440044751179e+00
6.969999999999998863e+01 6.929999999999999716e+01 6.950000000000000000e+01 9.355512782117479276e+00 1.389133969651433809e+01 6.650317065039065945e+00 9.965723181223626881e+00
6.560000000000000853e+01 6.590000000000000568e+01 6.575000000000000000e+01 1.126863209698506019e+01 9.760468036053204344e+00 7.013213099377145099e+00 9.347437744138469284e+00
6.830000000000001137e+01 6.550000000000000000e+01 6.690000000000000568e+01 9.895355720934238875e+00 9.516238004663632566e+00 7.088130877911741123e+00 8.833241534503203596e+00
6.780000000000001137e+01 7.029999999999999716e+01 6.905000000000001137e+01 1.382055713838840383e+01 1.010155819015194290e+01 6.859068061173398512e+00 1.026039446323791537e+01
6.979999999999999716e+01 6.889999999999999147e+01 6.934999999999999432e+01 8.455708523468311810e+00 1.246871703300333323e+01 8.800558735900539276e+00 9.908328097457394179e+00
6.810000000000000853e+01 6.380000000000000426e+01 6.595000000000000284e+01 1.308463547116051551e+01 1.453783246661741479e+01 9.055554602096602679e+00 1.222600751329151159e+01
6.019999999999999574e+01 6.919999999999998863e+01 6.469999999999998863e+01 9.512610646032575445e+00 1.004106411725669368e+01 2.664717766950752065e+01 1.540028414426559777e+01
5.909999999999999432e+01 6.830000000000001137e+01 6.370000000000000284e+01 1.282865820317163141e+01 1.053178388207473759e+01 2.457530729371392297e+01 1.597858312632009792e+01
6.760000000000000853e+01 6.959999999999999432e+01 6.859999999999999432e+01 1.059763428026534626e+01 1.071831346652589545e+01 5.994010059102469867e+00 9.103319268631237193e+00
6.919999999999998863e+01 6.909999999999999432e+01 6.914999999999999147e+01 1.286916523210874885e+01 1.031490574907221891e+01 5.791544838135870066e+00 9.658538606438945351e+00
6.089999999999999858e+01 7.029999999999999716e+01 6.559999999999999432e+01 1.624292537345947096e+01 1.003366131476505529e+01 2.712959757974858377e+01 1.780206142265770453e+01
7.009999999999999432e+01 6.610000000000000853e+01 6.809999999999999432e+01 1.245078814049677085e+01 1.102347078936909064e+01 1.111651863227651660e+01 1.153025918738079270e+01
6.889999999999999147e+01 6.479999999999999716e+01 6.684999999999999432e+01 9.488933938706431093e+00 1.122405239820300693e+01 2.214493004803700060e+01 1.428597212831547836e+01
7.029999999999999716e+01 7.019999999999998863e+01 7.025000000000000000e+01 9.861689493828611930e+00 9.859916214238943155e+00 6.694609605413856634e+00 8.805405104493804203e+00
6.889999999999999147e+01 6.670000000000000284e+01 6.779999999999999716e+01 1.204501168424827640e+01 1.349210854924144876e+01 1.289299253978606608e+01 1.281003759109192863e+01
6.560000000000000853e+01 7.009999999999999432e+01 6.784999999999999432e+01 1.305498925486949524e+01 1.653419397523340351e+01 9.189035079203671685e+00 1.292607276976885622e+01
7.109999999999999432e+01 6.620000000000000284e+01 6.865000000000000568e+01 7.643194849407682234e+00 1.256309407636048370e+01 7.168846859293440232e+00 9.125045261687203535e+00
7.059999999999999432e+01 6.850000000000000000e+01 6.954999999999999716e+01 1.109750142602018208e+01 1.617041263159909192e+01 8.302326847978424240e+00 1.185674696853256727e+01
6.900000000000000000e+01 6.740000000000000568e+01 6.820000000000000284e+01 1.069253621648818608e+01 1.138510372288022943e+01 1.208362977881995626e+01 1.138708990606279059e+01
6.929999999999999716e+01 6.870000000000000284e+01 6.900000000000000000e+01 9.460363585523051455e+00 1.047976785436152980e+01 7.251363094031710865e+00 9.063831511305430411e+00
7.000000000000000000e+01 7.039999999999999147e+01 7.019999999999998863e+01 1.038184826005763028e+01 1.295327615596232107e+01 9.651630814860915564e+00 1.099558507696028897e+01
6.840000000000000568e+01 6.969999999999998863e+01 6.904999999999999716e+01 1.076519417880333584e+01 1.094722139955153750e+01 7.336602151193838850e+00 9.683005909849569548e+00
7.179999999999999716e+01 6.400000000000000000e+01 6.790000000000000568e+01 1.051367247539467265e+01 1.157024850482280875e+01 5.992408415288854151e+00 9.358776465168778813e+00
6.690000000000000568e+01 6.979999999999999716e+01 6.834999999999999432e+01 1.113179662163954831e+01 1.069158555936721910e+01 8.693997199706723578e+00 1.017245979357116425e+01
6.760000000000000853e+01 7.059999999999999432e+01 6.909999999999999432e+01 9.286565112781849152e+00 1.174026725051031050e+01 8.149580926708738460e+00 9.725471096666964854e+00
6.989999999999999147e+01 7.359999999999999432e+01 7.175000000000000000e+01 1.011325054154366043e+01 1.172421438690044937e+01 9.724358641451736673e+00 1.052060785663194942e+01
6.429999999999999716e+01 6.790000000000000568e+01 6.609999999999999432e+01 8.918124326865923379e+00 1.718262189623261094e+01 6.477464866700757717e+00 1.085940369659976312e+01
7.050000000000000000e+01 6.979999999999999716e+01 7.015000000000000568e+01 1.020689486043283445e+01 1.081294586265104840e+01 7.850949122253436663e+00 9.623596615112438357e+00
6.360000000000000142e+01 6.840000000000000568e+01 6.600000000000000000e+01 1.391504684162528171e+01 1.027853178383530341e+01 8.030406618387658568e+00 1.074132841461608301e+01
6.600000000000000000e+01 6.690000000000000568e+01 6.645000000000000284e+01 1.027388896459921419e+01 9.762892171132033781e+00 8.855048574470556488e+00 9.630609903400602079e+00
6.579999999999999716e+01 7.170000000000000284e+01 6.875000000000000000e+01 8.708533055169166204e+00 1.239399018806645003e+01 6.242081814065421952e+00 9.114868352433679988e+00
6.260000000000000142e+01 6.959999999999999432e+01 6.609999999999999432e+01 9.541282605124299820e+00 1.189621703031654754e+01 1.186481398349708627e+01 1.110077120631264336e+01
7.170000000000000284e+01 7.070000000000000284e+01 7.120000000000000284e+01 1.032679592816739067e+01 1.132820641301868214e+01 1.121325429260510731e+01 1.095608554459705886e+01
7.009999999999999432e+01 6.989999999999999147e+01 7.000000000000000000e+01 8.676700830529020081e+00 1.628547849827313954e+01 6.499173302466437541e+00 1.048711754375619876e+01
6.650000000000000000e+01 6.950000000000000000e+01 6.800000000000000000e+01 1.019802666868332786e+01 1.087119172493414609e+01 1.608699135469730024e+01 1.238540324943826043e+01
5.969999999999999574e+01 6.900000000000000000e+01 6.434999999999999432e+01 9.600645652899281401e+00 1.459026828045791824e+01 2.500289041304188231e+01 1.639793478213302791e+01
6.400000000000000000e+01 7.129999999999999716e+01 6.765000000000000568e+01 1.038752468986989186e+01 1.076891462159538726e+01 3.016731960376090171e+01 1.710791963840872754e+01
6.510000000000000853e+01 7.079999999999999716e+01 6.795000000000000284e+01 1.507766527966577819e+01 1.093098389241038504e+01 8.056096957238381151e+00 1.135491537643818027e+01
6.270000000000000284e+01 6.889999999999999147e+01 6.579999999999999716e+01 7.702158024775612510e+00 1.176050102025820543e+01 2.958725310868167213e+01 1.634997071790516188e+01
7.059999999999999432e+01 6.790000000000000568e+01 6.925000000000000000e+01 1.068240624236033298e+01 1.321925007882143710e+01 1.445324984288840220e+01 1.278496872135672469e+01
6.810000000000000853e+01 6.409999999999999432e+01 6.609999999999999432e+01 1.088801476409475200e+01 1.065593225663807075e+01 7.278907082588384370e+00 9.607618034440401189e+00
6.300000000000000000e+01 7.170000000000000284e+01 6.734999999999999432e+01 9.827087636108080559e+00 1.216240449129937318e+01 2.805175518102275944e+01 1.668041576947673832e+01
6.850000000000000000e+01 6.490000000000000568e+01 6.670000000000000284e+01 1.082441885313452445e+01 1.124181716655198571e+01 1.117788453719751551e+01 1.108137351896134248e+01
7.019999999999998863e+01 6.929999999999999716e+01 6.975000000000000000e+01 8.575081808366270764e+00 1.113789754194713311e+01 7.975030537043995338e+00 9.229336629119133661e+00
6.670000000000000284e+01 7.059999999999999432e+01 6.865000000000000568e+01 8.766468197624055492e+00 1.097666760562521304e+01 6.844960249645803962e+00 8.862698684298356611e+00
6.989999999999999147e+01 6.800000000000000000e+01 6.894999999999998863e+01 1.181897522790650079e+01 1.081768435324038613e+01 9.890422964700517738e+00 1.084236084861580274e+01
6.909999999999999432e+01 6.939999999999999147e+01 6.925000000000000000e+01 9.020614696479922756e+00 1.139245327029418853e+01 6.936125567166516070e+00 9.116397844646876081e+00
6.950000000000000000e+01 6.500000000000000000e+01 6.725000000000000000e+01 1.047253504973709326e+01 1.083573315576122731e+01 7.896207088473486735e+00 9.734825097990603027e+00
6.770000000000000284e+01 7.279999999999999716e+01 7.025000000000000000e+01 1.058897867812116012e+01 1.371957215614601822e+01 7.202934188949337901e+00 1.050382834107217356e+01
6.239999999999999858e+01 6.979999999999999716e+01 6.609999999999999432e+01 9.945800636294897856e+00 1.282441133514840637e+01 2.724590345784462286e+01 1.667203847642930725e+01
6.820000000000000284e+01 6.909999999999999432e+01 6.865000000000000568e+01 8.002786033058105986e+00 1.076632069407304471e+01 7.780644915324652189e+00 8.849917214151934886e+00
6.150000000000000000e+01 6.850000000000000000e+01 6.500000000000000000e+01 1.050173241309876104e+01 1.070847753891732168e+01 2.444951963131131834e+01 1.521990986110913546e+01
7.139999999999999147e+01 6.460000000000000853e+01 6.800000000000000000e+01 1.222078584103366339e+01 1.518395263712012877e+01 6.095380326678191629e+00 1.116670626827732882e+01
6.019999999999999574e+01 6.760000000000000853e+01 6.390000000000000568e+01 1.031743407048533534e+01 1.061478303833956183e+01 2.361882477226587440e+01 1.485034729369692208e+01
6.320000000000000284e+01 6.989999999999999147e+01 6.654999999999999716e+01 8.856894731233481366e+00 1.198922251013725138e+01 2.745519942247579692e+01 1.610043888794884381e+01
6.260000000000000142e+01 6.579999999999999716e+01 6.420000000000000284e+01 9.126383200037807342e+00 1.128544633283169674e+01 2.813621140133297871e+01 1.618268031140082641e+01
6.470000000000000284e+01 6.720000000000000284e+01 6.595000000000000284e+01 8.378587532819688377e+00 1.157348949509797187e+01 2.481717118515922849e+01 1.492308273769229743e+01
6.959999999999999432e+01 6.879999999999999716e+01 6.919999999999998863e+01 1.330511416816050918e+01 1.074376278283912889e+01 7.906440818822993322e+00 1.065177258994087772e+01
7.050000000000000000e+01 6.160000000000000142e+01 6.604999999999999716e+01 1.311681688151295511e+01 1.381369800418652538e+01 7.728398284771584414e+00 1.155297105682368830e+01
6.409999999999999432e+01 6.909999999999999432e+01 6.659999999999999432e+01 1.026824291083437579e+01 1.072654654474191105e+01 2.279533144153261759e+01 1.459670696570296933e+01
6.360000000000000142e+01 6.909999999999999432e+01 6.634999999999999432e+01 8.700055707601997312e+00 1.180109271040357122e+01 2.582259941851615181e+01 1.544124927884057286e+01
6.820000000000000284e+01 6.870000000000000284e+01 6.845000000000000284e+01 1.013546578785717500e+01 1.235867029732788858e+01 9.155349390129366327e+00 1.054982849177147664e+01
7.029999999999999716e+01 7.279999999999999716e+01 7.154999999999999716e+01 1.008314100667056934e+01 1.126029034075565960e+01 8.858951348309533458e+00 1.006746089857858806e+01
7.109999999999999432e+01 7.139999999999999147e+01 7.125000000000000000e+01 1.079808678971981806e+01 9.798136050348963622e+00 8.703860740319283806e+00 9.766694526796023013e+00
7.129999999999999716e+01 6.540000000000000568e+01 6.834999999999999432e+01 1.037653749442912421e+01 1.155345174656910601e+01 1.054142763838245322e+01 1.082380562646022781e+01
6.460000000000000853e+01 7.089999999999999147e+01 6.775000000000000000e+01 8.912756272382518219e+00 1.151256001364056303e+01 7.992486584809769923e+00 9.472600956944283723e+00
6.670000000000000284e+01 6.959999999999999432e+01 6.815000000000000568e+01 1.057077420918194477e+01 1.683484513701297303e+01 1.115837489846767383e+01 1.285466474822086447e+01
6.989999999999999147e+01 6.360000000000000142e+01 6.675000000000000000e+01 1.263101689830870633e+01 1.032721271155459064e+01 1.135929137529007882e+01 1.143917366171779015e+01
