6.620000000000000284e+01 5.729999999999999716e+01 6.175000000000000000e+01 2.028238453777634476e+01 2.146503903177637795e+01 9.017814041943674752e+00 1.692174587049879975e+01
6.650000000000000000e+01 5.879999999999999716e+01 6.264999999999999858e+01 1.364918179467621506e+01 1.839276998380469763e+01 1.489855960679570757e+01 1.564683712842554009e+01
5.139999999999999858e+01 6.089999999999999858e+01 5.614999999999999858e+01 1.711807446156501200e+01 1.846531303334858620e+01 7.484456461434089647e+01 3.680931736975149704e+01
5.420000000000000284e+01 6.510000000000000853e+01 5.965000000000000568e+01 1.622739122302308701e+01 1.985521680018691626e+01 7.695275594844461864e+01 3.767845465721820375e+01
6.350000000000000000e+01 6.220000000000000284e+01 6.285000000000000142e+01 1.661797378132883196e+01 1.598962878730809045e+01 1.233540554773768427e+01 1.498100270545820223e+01
6.850000000000000000e+01 6.089999999999999858e+01 6.470000000000000284e+01 1.673661708957715533e+01 1.731834446539028249e+01 1.214568356757182954e+01 1.540021504084642068e+01
6.370000000000000284e+01 6.119999999999999574e+01 6.245000000000000284e+01 1.654500367977567876e+01 1.859023387501933655e+01 1.285387412435489729e+01 1.599637055971663635e+01
6.710000000000000853e+01 6.220000000000000284e+01 6.465000000000000568e+01 2.329156138172848500e+01 1.880127243732894016e+01 1.511213942839331281e+01 1.906832441581691384e+01
6.170000000000000284e+01 6.750000000000000000e+01 6.459999999999999432e+01 2.021213246427504373e+01 1.829617971927741493e+01 1.447772990935022364e+01 1.766201403096756195e+01
6.720000000000000284e+01 5.819999999999999574e+01 6.270000000000000284e+01 3.930851023078790973e+01 1.989993787641352796e+01 1.448640363677887777e+01 2.456495058132676945e+01
6.139999999999999858e+01 6.370000000000000284e+01 6.254999999999999716e+01 1.434495423128500668e+01 1.897745409375354342e+01 1.188588416838677553e+01 1.506943083114177462e+01
6.029999999999999716e+01 5.270000000000000284e+01 5.650000000000000000e+01 1.718134499035604534e+01 2.028509778719866574e+01 1.206941934466512834e+01 1.651195404073994766e+01
6.050000000000000000e+01 5.859999999999999432e+01 5.954999999999999716e+01 2.004435311831532829e+01 1.601113715964795858e+01 1.361759350235380062e+01 1.655769459343902739e+01
6.420000000000000284e+01 6.150000000000000000e+01 6.285000000000000142e+01 1.586793541380348316e+01 1.663378651479952097e+01 1.521745099619755415e+01 1.590639097493352061e+01
6.239999999999999858e+01 5.929999999999999716e+01 6.084999999999999432e+01 1.724176594830457887e+01 1.876684324157114503e+01 1.369899703543734937e+01 1.656920207510436072e+01
6.360000000000000142e+01 6.189999999999999858e+01 6.275000000000000000e+01 1.588615868096245265e+01 1.973184580516268483e+01 1.956291444541268731e+01 1.839363964384594041e+01
6.470000000000000284e+01 6.520000000000000284e+01 6.495000000000000284e+01 1.330716909459420627e+01 1.669389581094197084e+01 9.217543119969249688e+00 1.307286934183514227e+01
6.150000000000000000e+01 5.560000000000000853e+01 5.855000000000000426e+01 2.661167608229103010e+01 1.762937931174968043e+01 1.655519942267776656e+01 2.026541827223949355e+01
6.460000000000000853e+01 5.649999999999999289e+01 6.054999999999999716e+01 2.212082385625654268e+01 2.644605806763756206e+01 1.321865423113938398e+01 2.059517871834449565e+01
6.270000000000000284e+01 5.380000000000000426e+01 5.825000000000000000e+01 1.939325540825876359e+01 1.922734943041887945e+01 1.250371500995239238e+01 1.704143994954334573e+01
6.490000000000000568e+01 4.910000000000000142e+01 5.700000000000000000e+01 2.878655614596346979e+01 1.775127251729227851e+01 1.194906521370575625e+01 1.949563129232050329e+01
6.660000000000000853e+01 5.699999999999999289e+01 6.179999999999999716e+01 1.647958166995961804e+01 1.972425997231690786e+01 1.175466458504949685e+01 1.598616874244200936e+01
6.380000000000000426e+01 6.409999999999999432e+01 6.395000000000000284e+01 1.448489042283320494e+01 1.661109817863034976e+01 1.167548311843120956e+01 1.425715723996492024e+01
5.370000000000000284e+01 6.339999999999999858e+01 5.854999999999999716e+01 1.798982910425885251e+01 1.838764396529286316e+01 7.537577767289567987e+01 3.725108358081579496e+01
6.160000000000000142e+01 5.300000000000000000e+01 5.729999999999999716e+01 2.453420746531129382e+01 1.981522198841591020e+01 1.878104363395917531e+01 2.104349102922879311e+01
6.200000000000000000e+01 5.709999999999999432e+01 5.954999999999999716e+01 1.765905956515668507e+01 1.733366078786594144e+01 1.464486239960517366e+01 1.654586091754260124e+01
5.150000000000000000e+01 6.279999999999999716e+01 5.714999999999999858e+01 1.752841743948284048e+01 1.839343404262055159e+01 7.322016933955751483e+01 3.638067360722030230e+01
6.239999999999999858e+01 6.089999999999999858e+01 6.164999999999999858e+01 2.306206940551141571e+01 1.984581762480452838e+01 1.466979433688937462e+01 1.919256045573510860e+01
6.320000000000000284e+01 6.590000000000000568e+01 6.455000000000001137e+01 2.235170528639628529e+01 1.934202164657522616e+01 1.260258262737586321e+01 1.809876985344912725e+01
5.330000000000000426e+01 6.540000000000000568e+01 5.935000000000000853e+01 1.430166848102971677e+01 1.854952937998811890e+01 7.510002308669068327e+01 3.598374031590284261e+01
6.139999999999999858e+01 5.470000000000000284e+01 5.804999999999999716e+01 1.682249094978657311e+01 2.172575042974226633e+01 1.278830074982544041e+01 1.711218070978475936e+01
6.089999999999999858e+01 5.410000000000000142e+01 5.750000000000000000e+01 1.801546137520339386e+01 1.871729608316619675e+01 1.163720270532791012e+01 1.612332005456583417e+01
5.879999999999999716e+01 5.020000000000000284e+01 5.450000000000000000e+01 2.272128337941617104e+01 1.674733288966067590e+01 8.844635067274987605e+00 1.610441711211727878e+01
6.160000000000000142e+01 5.250000000000000000e+01 5.704999999999999716e+01 2.683978544982292291e+01 1.653933414734538232e+01 1.152843507859526007e+01 1.830251822525451999e+01
6.119999999999999574e+01 6.690000000000000568e+01 6.404999999999999716e+01 2.353327611547306830e+01 1.538220844065976678e+01 1.279918430866618095e+01 1.723822295493300771e+01
6.750000000000000000e+01 5.959999999999999432e+01 6.354999999999999716e+01 1.617030690663473536e+01 1.689117387779696244e+01 1.850709615441346045e+01 1.718952564628171942e+01
6.830000000000001137e+01 6.050000000000000000e+01 6.440000000000000568e+01 1.532390129906628040e+01 1.919844910155197582e+01 1.220702567597091104e+01 1.557645869219638968e+01
6.189999999999999858e+01 5.789999999999999858e+01 5.989999999999999858e+01 1.697235554906216493e+01 1.716155386193423027e+01 1.333447582571780998e+01 1.582279507890473447e+01
5.150000000000000000e+01 5.769999999999999574e+01 5.459999999999999432e+01 1.611743752604407831e+01 1.670561841026178840e+01 6.733783357659659430e+01 3.338696317096748345e+01
6.570000000000000284e+01 6.600000000000000000e+01 6.584999999999999432e+01 1.765423374038726578e+01 1.729189858907659172e+01 1.167179920949365268e+01 1.553931051298583554e+01
5.270000000000000284e+01 6.289999999999999858e+01 5.779999999999999716e+01 1.931590963510978298e+01 1.708962220869055670e+01 6.797242314685315989e+01 3.479265166355116889e+01
6.710000000000000853e+01 5.580000000000000426e+01 6.145000000000000284e+01 2.392466921756640374e+01 1.672810571661818457e+01 9.773171671431269303e+00 1.680864886853862217e+01
6.760000000000000853e+01 6.050000000000000000e+01 6.405000000000001137e+01 1.564276197074504005e+01 1.537978554818451293e+01 1.546193936011033543e+01 1.549482895967996399e+01
6.320000000000000284e+01 6.350000000000000000e+01 6.335000000000000142e+01 1.639140043814532177e+01 1.679414537150709208e+01 1.192227501371627518e+01 1.503594027445622849e+01
6.310000000000000142e+01 6.329999999999999716e+01 6.320000000000000284e+01 3.032507091100710639e+01 1.663285281568334995e+01 1.316930009796211110e+01 2.004240794155085226e+01
5.270000000000000284e+01 6.029999999999999716e+01 5.650000000000000000e+01 1.648327481491661928e+01 1.914499854745040608e+01 7.320781710675203158e+01 3.627869682303968801e+01
6.380000000000000426e+01 6.560000000000000853e+01 6.470000000000000284e+01 1.430741218261625747e+01 1.844573962119400790e+01 1.116171590723464746e+01 1.463828923701497331e+01
6.150000000000000000e+01 6.189999999999999858e+01 6.170000000000000284e+01 1.748908612407168306e+01 1.599068159284135682e+01 1.388270238167310033e+01 1.578749003286204555e+01
6.389999999999999858e+01 6.320000000000000284e+01 6.354999999999999716e+01 1.516235537861912164e+01 1.825834695718337031e+01 1.771230870506262178e+01 1.704433701362170339e+01
6.039999999999999858e+01 6.229999999999999716e+01 6.134999999999999432e+01 2.106108992993551965e+01 2.225254291630562165e+01 8.069096003488004953e+01 4.133486429370706361e+01
4.860000000000000142e+01 6.830000000000001137e+01 5.845000000000000284e+01 1.629441137496504766e+01 1.704838001822114535e+01 8.213136535864229870e+01 3.849138558394282938e+01
6.119999999999999574e+01 6.300000000000000000e+01 6.209999999999999432e+01 1.840112313028996027e+01 1.811212901408446996e+01 1.136493107153322768e+01 1.595939440530255382e+01
6.420000000000000284e+01 5.029999999999999716e+01 5.725000000000000000e+01 2.694708325561065365e+01 1.568075443499077082e+01 1.115177323610177318e+01 1.792653697556773196e+01
6.279999999999999716e+01 6.150000000000000000e+01 6.214999999999999858e+01 1.682607681451393589e+01 1.671387019777692728e+01 1.427598556268519481e+01 1.593864419165868718e+01
6.060000000000000142e+01 6.229999999999999716e+01 6.145000000000000284e+01 1.795847651253129840e+01 1.773102302803151531e+01 1.004278837864515950e+01 1.524409597306932618e+01
6.550000000000000000e+01 6.189999999999999858e+01 6.370000000000000284e+01 1.525515534995395583e+01 1.746296422269542248e+01 1.819323510625419615e+01 1.697045155963452601e+01
6.069999999999999574e+01 5.510000000000000142e+01 5.789999999999999858e+01 2.273604635829051190e+01 2.043467435322541093e+01 1.292543201584385137e+01 1.869871757578659199e+01
6.350000000000000000e+01 6.000000000000000000e+01 6.175000000000000000e+01 1.723483916746481626e+01 1.848410343761170793e+01 1.323533393259851465e+01 1.631809217922501176e+01
6.479999999999999716e+01 6.160000000000000142e+01 6.320000000000000284e+01 1.665029665606181553e+01 2.034566974374306980e+01 2.401861751433739656e+01 2.033819463804742611e+01
6.339999999999999858e+01 6.050000000000000000e+01 6.195000000000000284e+01 1.510339026419663355e+01 1.669493375034083726e+01 1.481076735508153064e+01 1.553636378987300048e+01
6.079999999999999716e+01 5.869999999999999574e+01 5.975000000000000000e+01 2.459035743898148141e+01 1.778403469843603091e+01 1.192514261431033340e+01 1.809984491724261702e+01
6.670000000000000284e+01 6.079999999999999716e+01 6.375000000000000000e+01 1.476807609103174279e+01 1.949725223235575555e+01 1.672348246244940029e+01 1.699627026194563584e+01
6.229999999999999716e+01 5.979999999999999716e+01 6.104999999999999716e+01 1.464932739111224080e+01 1.692397642745617858e+01 1.450797927810406662e+01 1.536042769889082926e+01
6.260000000000000142e+01 5.779999999999999716e+01 6.020000000000000284e+01 2.104947454471838597e+01 2.174349201326444714e+01 1.833818000767112721e+01 2.037704885521798914e+01
6.279999999999999716e+01 6.470000000000000284e+01 6.375000000000000000e+01 1.759742933892817263e+01 1.808486477912106594e+01 1.583187777889039083e+01 1.717139063231320861e+01
6.300000000000000000e+01 5.909999999999999432e+01 6.104999999999999716e+01 1.527037710316822583e+01 1.666452809296964688e+01 9.503512598033582393e+00 1.381280593139048563e+01
6.479999999999999716e+01 5.230000000000000426e+01 5.854999999999999716e+01 2.754335545669238172e+01 1.753506826104965555e+01 1.637579501772292190e+01 2.048473957848831972e+01
6.320000000000000284e+01 6.050000000000000000e+01 6.185000000000000142e+01 1.409441951137027083e+01 1.913415063107911607e+01 1.765493496559663456e+01 1.696116836934867322e+01
6.160000000000000142e+01 5.859999999999999432e+01 6.009999999999999432e+01 1.516032234606519147e+01 1.820876158565892666e+01 1.334386599797779382e+01 1.557098330990063850e+01
6.139999999999999858e+01 4.570000000000000284e+01 5.354999999999999716e+01 1.718149320592050699e+01 1.638630425577300542e+01 1.792813310192434173e+01 1.716531018787262042e+01
6.400000000000000000e+01 5.759999999999999432e+01 6.079999999999999716e+01 3.271756278018952457e+01 1.877439555535583438e+01 1.278288326697334298e+01 2.142494720083956850e+01
6.879999999999999716e+01 6.069999999999999574e+01 6.475000000000000000e+01 1.654478284971446911e+01 1.786089397569507398e+01 1.589108604824540549e+01 1.676558762455164953e+01
6.700000000000000000e+01 6.300000000000000000e+01 6.500000000000000000e+01 2.146194184880661382e+01 1.774801456049010540e+01 8.612942333453702304e+00 1.594096624758347502e+01
6.279999999999999716e+01 5.679999999999999716e+01 5.979999999999999716e+01 1.427039536800443287e+01 2.058802703129743605e+01 1.371989477296459725e+01 1.619277239075548991e+01
6.590000000000000568e+01 5.649999999999999289e+01 6.120000000000000284e+01 1.765330929359313217e+01 2.394967121836769053e+01 1.065937455773099707e+01 1.742078502323060718e+01
6.470000000000000284e+01 6.179999999999999716e+01 6.325000000000000000e+01 2.602403084321599636e+01 1.927728817599965438e+01 1.377478019171475054e+01 1.969203307031013495e+01
6.490000000000000568e+01 5.799999999999999289e+01 6.145000000000000284e+01 2.520443403731309928e+01 1.648744842479810302e+01 1.703914983682412654e+01 1.957701076631177628e+01
5.070000000000000284e+01 6.440000000000000568e+01 5.755000000000000426e+01 2.257475933889685393e+01 1.855059242765467076e+01 6.463615520775991286e+01 3.525383565810381015e+01
6.139999999999999858e+01 5.950000000000000000e+01 6.045000000000000284e+01 1.363704825047648228e+01 1.945288402774003345e+01 1.281880835135132735e+01 1.530291354318928221e+01
6.160000000000000142e+01 5.380000000000000426e+01 5.770000000000000284e+01 2.661836480372544145e+01 1.849294253449517456e+01 1.329635304049322997e+01 1.946922012623794629e+01
6.460000000000000853e+01 6.360000000000000142e+01 6.410000000000000853e+01 1.670205944318410474e+01 1.647823699263306807e+01 1.055622660145075997e+01 1.457884101242264308e+01
6.110000000000000142e+01 5.929999999999999716e+01 6.020000000000000284e+01 1.468701038163618655e+01 2.030936170453855283e+01 1.076226809575670629e+01 1.525288006064381285e+01
6.429999999999999716e+01 5.969999999999999574e+01 6.200000000000000000e+01 1.387813900920005850e+01 2.059837845726675454e+01 1.457963787306054115e+01 1.635205177984245140e+01
6.550000000000000000e+01 5.869999999999999574e+01 6.209999999999999432e+01 2.220220963518773516e+01 1.735521136347571058e+01 1.150890561919993615e+01 1.702210887262112848e+01
6.640000000000000568e+01 5.979999999999999716e+01 6.310000000000000142e+01 1.662650489784605767e+01 2.159131632215782304e+01 1.046181808846126948e+01 1.622654643615505066e+01
6.400000000000000000e+01 5.629999999999999716e+01 6.014999999999999858e+01 1.734147992968600605e+01 1.711930750375206500e+01 1.405997997147113665e+01 1.617358913496973472e+01
6.119999999999999574e+01 6.350000000000000000e+01 6.234999999999999432e+01 2.209836140479271904e+01 1.623183581218174609e+01 1.227538912039582897e+01 1.686852877912343374e+01
6.250000000000000000e+01 5.889999999999999858e+01 6.070000000000000284e+01 1.711955232467001053e+01 1.966429561493133349e+01 9.703700709375468136e+00 1.549584954965893679e+01
6.579999999999999716e+01 6.520000000000000284e+01 6.550000000000000000e+01 2.000566201225183605e+01 1.730705423577732915e+01 1.093790926785356632e+01 1.608354183862757836e+01
6.750000000000000000e+01 5.979999999999999716e+01 6.364999999999999858e+01 1.866639938708486213e+01 1.988524990216525978e+01 1.988934046872939732e+01 1.948032991932650759e+01
6.079999999999999716e+01 5.739999999999999858e+01 5.909999999999999432e+01 1.739017786737490212e+01 1.935819146818090886e+01 1.294377079730251445e+01 1.656404671095277337e+01
6.479999999999999716e+01 6.019999999999999574e+01 6.250000000000000000e+01 1.636441417892467953e+01 1.873649612890649863e+01 1.400495193408982608e+01 1.636862074730700201e+01
6.250000000000000000e+01 6.150000000000000000e+01 6.200000000000000000e+01 1.527716997541935484e+01 2.144650515323174034e+01 1.621948382654644760e+01 1.764771965173251544e+01
6.310000000000000142e+01 6.320000000000000284e+01 6.315000000000000568e+01 2.252244741045310406e+01 1.809935451381052829e+01 1.126770989247621557e+01 1.729650393891328619e+01
6.570000000000000284e+01 4.610000000000000142e+01 5.590000000000000568e+01 2.820581817371019540e+01 1.723952257631978924e+01 1.200287432092068407e+01 1.914940502365022112e+01
6.229999999999999716e+01 5.950000000000000000e+01 6.089999999999999858e+01 1.592495085138740052e+01 2.013886109503577160e+01 1.652048665125590077e+01 1.752809953255968978e+01
6.740000000000000568e+01 6.360000000000000142e+01 6.550000000000000000e+01 1.516828581844751334e+01 1.841981494053930390e+01 1.544579274748920916e+01 1.634463116882534095e+01
6.129999999999999716e+01 6.279999999999999716e+01 6.204999999999999716e+01 1.556028079586502244e+01 1.764587511252234009e+01 1.127546823028005107e+01 1.482720804622247179e+01
6.200000000000000000e+01 5.420000000000000284e+01 5.810000000000000142e+01 2.248798189328730146e+01 2.225916538123550126e+01 1.176026183451456220e+01 1.883580303634579067e+01
6.310000000000000142e+01 6.440000000000000568e+01 6.375000000000000000e+01 1.864187007135984331e+01 1.596448574264157649e+01 1.848948468083689178e+01 1.769861349827943897e+01
