6.879999999999999716e+01 6.800000000000000000e+01 6.840000000000000568e+01 1.068715150198533159e+01 1.420017224835472902e+01 8.279049849960262719e+00 1.105545786676677267e+01
6.679999999999999716e+01 6.860000000000000853e+01 6.770000000000000284e+01 1.062500163162402522e+01 1.290340897191961034e+01 5.637597819196409787e+00 9.722002807580013339e+00
6.790000000000000568e+01 6.780000000000001137e+01 6.785000000000000853e+01 2.182827719106554909e+01 1.153229900884948655e+01 5.944101947778292150e+00 1.310155938256444408e+01
6.889999999999999147e+01 6.830000000000001137e+01 6.859999999999999432e+01 1.373010706776004497e+01 1.123673063344792311e+01 5.294193833035037322e+00 1.008701051141433602e+01
6.710000000000000853e+01 6.850000000000000000e+01 6.780000000000001137e+01 1.060367053277708749e+01 1.231978677422850588e+01 5.293077454803830406e+00 9.405511587269806739e+00
6.830000000000001137e+01 6.830000000000001137e+01 6.830000000000001137e+01 1.069426893062135697e+01 1.170956007884216632e+01 5.645133562864424803e+00 9.349654190775980922e+00
6.670000000000000284e+01 6.950000000000000000e+01 6.809999999999999432e+01 1.456994462935456980e+01 1.337031667193076245e+01 1.108242521847576256e+01 1.300756217325369768e+01
6.640000000000000568e+01 6.810000000000000853e+01 6.725000000000000000e+01 1.064643841442419081e+01 1.317305433740676079e+01 5.348108160253062238e+00 9.722533637361337355e+00
6.820000000000000284e+01 6.900000000000000000e+01 6.859999999999999432e+01 1.343417890939127091e+01 1.240396057571341437e+01 7.185250831512846048e+00 1.100779677220584318e+01
6.840000000000000568e+01 6.889999999999999147e+01 6.865000000000000568e+01 1.064960880081340378e+01 1.245909523505590499e+01 5.512830522098548514e+00 9.540511519322619094e+00
6.909999999999999432e+01 6.889999999999999147e+01 6.900000000000000000e+01 1.315653394054193903e+01 1.121566854185047823e+01 8.542332365026606311e+00 1.097151161580634060e+01
6.889999999999999147e+01 7.000000000000000000e+01 6.944999999999998863e+01 1.070573256183479316e+01 1.121029643310120427e+01 5.296201995965862608e+00 9.070743663633953346e+00
6.879999999999999716e+01 6.770000000000000284e+01 6.825000000000000000e+01 1.096074670794346595e+01 1.154110169159436694e+01 6.137200306177461151e+00 9.546349568571764976e+00
6.770000000000000284e+01 6.909999999999999432e+01 6.840000000000000568e+01 1.735432356554857591e+01 1.837323646009940248e+01 5.742735331918086494e+00 1.382343178585535348e+01
6.989999999999999147e+01 6.950000000000000000e+01 6.969999999999998863e+01 1.531534631589681617e+01 1.122612278187981261e+01 5.292873692543080821e+00 1.061144759677323712e+01
6.909999999999999432e+01 6.860000000000000853e+01 6.884999999999999432e+01 1.142289039724043498e+01 1.205484570029135227e+01 7.710782174082307705e+00 1.039617275720469891e+01
6.740000000000000568e+01 6.720000000000000284e+01 6.730000000000001137e+01 1.067056870702741200e+01 1.356095103934014467e+01 6.801218111555587420e+00 1.034424595264104774e+01
6.800000000000000000e+01 6.860000000000000853e+01 6.830000000000001137e+01 1.173799944435516274e+01 1.407064117270572545e+01 5.624973566980866480e+00 1.047787139468058548e+01
6.730000000000001137e+01 6.730000000000001137e+01 6.730000000000001137e+01 1.573108654321365130e+01 1.398665045283568276e+01 5.997547954153023220e+00 1.190509498340078487e+01
6.780000000000001137e+01 6.959999999999999432e+01 6.870000000000000284e+01 1.160018465258221632e+01 1.141188953325564093e+01 7.177251610968403028e+00 1.006310859893542009e+01
6.969999999999998863e+01 6.830000000000001137e+01 6.900000000000000000e+01 1.074786744138954653e+01 1.159489825444272171e+01 1.009438630081292132e+01 1.081238399888172985e+01
6.860000000000000853e+01 6.909999999999999432e+01 6.884999999999999432e+01 1.067588014218489612e+01 1.131831197876734585e+01 5.699421992512017532e+00 9.231204704488087387e+00
6.740000000000000568e+01 6.790000000000000568e+01 6.765000000000000568e+01 1.066228107302407757e+01 1.202327587480352733e+01 5.398317273006352224e+00 9.361291406944653559e+00
6.780000000000001137e+01 6.900000000000000000e+01 6.840000000000000568e+01 1.125165341399258523e+01 1.199069378701239863e+01 5.690205975907197455e+00 9.644184392304060438e+00
6.730000000000001137e+01 6.830000000000001137e+01 6.780000000000001137e+01 1.295381469568463473e+01 1.132994411090034603e+01 6.636826908149561888e+00 1.030686190491151422e+01
6.840000000000000568e+01 6.780000000000001137e+01 6.810000000000000853e+01 1.199210173833369453e+01 1.833103661470893542e+01 1.466017213291573817e+01 1.499443682865278937e+01
6.770000000000000284e+01 6.860000000000000853e+01 6.815000000000000568e+01 1.145645072615808502e+01 1.334596318580191543e+01 7.920280100548588997e+00 1.090756467083619619e+01
6.770000000000000284e+01 6.830000000000001137e+01 6.800000000000000000e+01 1.187605433725169490e+01 1.130174666888670387e+01 1.133574947993936632e+01 1.150451682869258718e+01
6.760000000000000853e+01 6.720000000000000284e+01 6.740000000000000568e+01 1.086983185961409504e+01 1.215914218027244331e+01 5.290767654812749576e+00 9.439913898233095679e+00
6.820000000000000284e+01 6.850000000000000000e+01 6.834999999999999432e+01 1.069510025258619379e+01 1.146146242578420527e+01 1.139730058942958379e+01 1.118462108926666154e+01
6.700000000000000000e+01 6.790000000000000568e+01 6.745000000000000284e+01 1.235999466929301249e+01 1.137602550777604193e+01 6.468608303090817024e+00 1.006820949338662352e+01
6.879999999999999716e+01 6.790000000000000568e+01 6.834999999999999432e+01 1.064949380421712455e+01 1.143856945587133822e+01 5.496877574625850471e+00 9.194980278238103821e+00
6.710000000000000853e+01 6.909999999999999432e+01 6.809999999999999432e+01 1.085447224486202700e+01 1.150921951328589721e+01 7.137338629647778099e+00 9.833676795931900472e+00
6.959999999999999432e+01 6.850000000000000000e+01 6.904999999999999716e+01 1.119443871497821874e+01 1.202511792678128444e+01 5.883321205812838350e+00 9.700959282524113547e+00
6.690000000000000568e+01 6.820000000000000284e+01 6.755000000000001137e+01 1.064836454648698627e+01 1.120336294165042546e+01 6.816779864622622753e+00 9.556169117586678752e+00
6.700000000000000000e+01 6.830000000000001137e+01 6.765000000000000568e+01 1.106684549991916278e+01 1.145208866805020342e+01 5.302883208152767480e+00 9.273939125374043968e+00
6.900000000000000000e+01 6.840000000000000568e+01 6.870000000000000284e+01 1.368088782999208064e+01 1.159777583135090850e+01 5.920015403309071722e+00 1.039955968821735333e+01
6.790000000000000568e+01 6.959999999999999432e+01 6.875000000000000000e+01 1.186175502712413277e+01 1.120812637078385521e+01 5.649136595702901609e+00 9.573005997870296824e+00
6.840000000000000568e+01 6.810000000000000853e+01 6.825000000000000000e+01 1.241111231246971869e+01 1.128065160371420639e+01 6.422272530773470933e+00 1.003801214898579808e+01
6.690000000000000568e+01 6.800000000000000000e+01 6.745000000000000284e+01 1.082017465755462382e+01 1.191478190329244846e+01 1.386491369804542551e+01 1.219995675296416771e+01
6.830000000000001137e+01 6.909999999999999432e+01 6.870000000000000284e+01 1.060824227971400369e+01 1.228285789698092145e+01 1.196123523307289105e+01 1.161744513658927325e+01
6.870000000000000284e+01 6.870000000000000284e+01 6.870000000000000284e+01 1.122698205897780355e+01 1.128470257314386060e+01 5.310434659777025779e+00 9.274039763966230865e+00
6.740000000000000568e+01 6.820000000000000284e+01 6.780000000000001137e+01 1.071095339587228779e+01 1.120714911514682299e+01 7.506526665571835011e+00 9.808209725530316447e+00
6.740000000000000568e+01 6.730000000000001137e+01 6.735000000000000853e+01 1.084389138000820552e+01 1.145351159611778158e+01 7.105580354971017698e+00 9.800994443699002190e+00
6.929999999999999716e+01 6.750000000000000000e+01 6.840000000000000568e+01 1.066764814866570887e+01 1.307558650312619974e+01 5.381640100760265000e+00 9.708291584184058465e+00
6.679999999999999716e+01 6.959999999999999432e+01 6.819999999999998863e+01 1.147649898441006933e+01 1.358215689206044807e+01 7.661806562690169464e+00 1.090682081305356199e+01
6.780000000000001137e+01 6.959999999999999432e+01 6.870000000000000284e+01 1.066704535439292911e+01 1.136876924415952317e+01 5.902629865936056319e+00 9.312814821496170126e+00
6.780000000000001137e+01 6.720000000000000284e+01 6.750000000000000000e+01 1.059790508632809036e+01 1.172855444842684136e+01 5.321621823610025004e+00 9.216027119454984984e+00
6.909999999999999432e+01 6.830000000000001137e+01 6.870000000000000284e+01 1.108483117219680558e+01 1.123548810152438726e+01 6.765805289151863633e+00 9.695374854291019417e+00
6.750000000000000000e+01 6.800000000000000000e+01 6.775000000000000000e+01 1.388464404783690576e+01 1.222020974215903877e+01 5.368500332238074435e+00 1.049111804074467180e+01
6.610000000000000853e+01 6.810000000000000853e+01 6.710000000000000853e+01 1.456016181555823152e+01 1.120398573361269534e+01 6.855406338032761226e+00 1.087318462906789840e+01
6.730000000000001137e+01 6.800000000000000000e+01 6.765000000000000568e+01 1.181795275976951665e+01 1.123674651361175947e+01 1.251087419634448494e+01 1.185519115657525369e+01
6.660000000000000853e+01 6.820000000000000284e+01 6.740000000000000568e+01 1.317395177182823574e+01 1.346909927122414352e+01 7.885919594849398528e+00 1.150965687930059289e+01
6.850000000000000000e+01 6.870000000000000284e+01 6.859999999999999432e+01 1.156991421446262613e+01 1.177368748565647216e+01 6.674718030041802308e+00 1.000610657672030079e+01
6.720000000000000284e+01 6.690000000000000568e+01 6.705000000000001137e+01 1.117265824886896119e+01 1.331537744982322380e+01 5.570241421087084532e+00 1.001942570659308984e+01
6.879999999999999716e+01 6.840000000000000568e+01 6.859999999999999432e+01 1.171116000628866693e+01 1.136830310691106227e+01 5.290937003551689166e+00 9.456800038917139162e+00
6.900000000000000000e+01 6.909999999999999432e+01 6.904999999999999716e+01 1.207690123604638721e+01 1.128283790974572476e+01 5.297531192874535222e+00 9.552423446222215730e+00
6.840000000000000568e+01 7.050000000000000000e+01 6.945000000000000284e+01 1.288379380123397766e+01 1.910222416128607392e+01 6.539569860254425215e+00 1.284186260759149256e+01
6.850000000000000000e+01 6.879999999999999716e+01 6.865000000000000568e+01 1.142849876420524247e+01 1.282444015328015396e+01 1.090981425641951041e+01 1.172091772463496717e+01
6.790000000000000568e+01 6.670000000000000284e+01 6.730000000000001137e+01 1.059749593011083668e+01 1.177051074564287525e+01 5.566543123308282048e+00 9.311516599687331919e+00
6.760000000000000853e+01 6.969999999999998863e+01 6.865000000000000568e+01 1.059930020178312660e+01 1.374493278966423837e+01 5.385667944254890038e+00 9.909966978567418039e+00
6.670000000000000284e+01 6.889999999999999147e+01 6.779999999999999716e+01 1.101710330377414415e+01 1.203591060609222474e+01 5.443652397237547902e+00 9.498888769034637747e+00
6.790000000000000568e+01 6.840000000000000568e+01 6.815000000000000568e+01 1.197288773383790783e+01 1.123269816219440109e+01 7.619817483780179757e+00 1.027513445993749741e+01
7.059999999999999432e+01 6.820000000000000284e+01 6.940000000000000568e+01 1.130849382981929452e+01 1.176135564696704527e+01 5.378458176828774029e+00 9.482769217871704015e+00
6.850000000000000000e+01 6.740000000000000568e+01 6.795000000000000284e+01 1.060158008105309690e+01 1.467334957613955027e+01 5.429914669383837378e+00 1.023494810885882877e+01
6.750000000000000000e+01 6.909999999999999432e+01 6.829999999999999716e+01 1.141811467314264483e+01 1.327443458013283006e+01 5.891625510060028326e+00 1.019472492111183293e+01
6.750000000000000000e+01 6.770000000000000284e+01 6.759999999999999432e+01 1.059750000787865964e+01 1.150412639161232242e+01 6.593086399960794708e+00 9.564904266483926776e+00
6.730000000000001137e+01 6.750000000000000000e+01 6.740000000000000568e+01 1.103290323448558397e+01 1.120337594694817618e+01 9.996034052615589971e+00 1.074410441134978278e+01
6.770000000000000284e+01 6.850000000000000000e+01 6.809999999999999432e+01 1.319266893268776997e+01 1.123783698563127409e+01 9.870937317766912855e+00 1.143381441202865290e+01
6.730000000000001137e+01 6.979999999999999716e+01 6.855000000000001137e+01 1.061917720123630993e+01 1.131882306135493188e+01 5.429928414022226590e+00 9.122642892204488874e+00
6.710000000000000853e+01 6.800000000000000000e+01 6.755000000000001137e+01 1.062999514933571277e+01 1.134921607989073777e+01 5.926001751406602125e+00 9.301737660211017555e+00
6.720000000000000284e+01 6.929999999999999716e+01 6.825000000000000000e+01 1.060039728280297666e+01 1.178287154581026464e+01 6.237847508444384736e+00 9.540372112352541123e+00
6.909999999999999432e+01 6.889999999999999147e+01 6.900000000000000000e+01 1.060748330072064327e+01 1.444702540843996452e+01 5.660962150562743211e+00 1.023849028657445004e+01
6.740000000000000568e+01 6.820000000000000284e+01 6.780000000000001137e+01 1.269571653819294355e+01 1.121308923214125564e+01 6.286009786260023269e+00 1.006493851886474111e+01
6.820000000000000284e+01 6.720000000000000284e+01 6.770000000000000284e+01 1.692598653891527505e+01 1.213561661590597396e+01 5.298095955518716593e+00 1.145323303677998972e+01
6.740000000000000568e+01 6.840000000000000568e+01 6.790000000000000568e+01 1.082222112871142095e+01 1.121525903060586771e+01 1.367994950799053555e+01 1.190580988910260807e+01
6.670000000000000284e+01 6.780000000000001137e+01 6.725000000000000000e+01 1.129268564664311469e+01 1.159055284718269085e+01 5.291177552139844309e+00 9.391472015321882694e+00
6.770000000000000284e+01 6.959999999999999432e+01 6.865000000000000568e+01 1.266978709594566510e+01 1.182090559404820240e+01 6.004236197640362427e+00 1.016497629587807694e+01
6.810000000000000853e+01 6.870000000000000284e+01 6.840000000000000568e+01 1.089203216218980863e+01 1.221660803097944381e+01 1.340895056947345942e+01 1.217253025421423729e+01
6.919999999999998863e+01 6.969999999999998863e+01 6.944999999999998863e+01 1.120830529634923778e+01 1.244400566097980310e+01 8.692607037035324780e+00 1.078163933145478914e+01
6.750000000000000000e+01 6.730000000000001137e+01 6.740000000000000568e+01 1.105072712364676768e+01 1.187033726318104243e+01 5.486499650637195025e+00 9.469188012488334749e+00
6.650000000000000000e+01 6.780000000000001137e+01 6.715000000000000568e+01 1.200382466613991106e+01 1.127713998402665929e+01 5.299735797946597771e+00 9.526900149371057225e+00
7.000000000000000000e+01 6.909999999999999432e+01 6.954999999999999716e+01 1.065615590018038006e+01 1.400924719573476906e+01 1.253052909287390193e+01 1.239864406292968368e+01
6.840000000000000568e+01 6.900000000000000000e+01 6.870000000000000284e+01 1.133286745069890600e+01 1.124600537385981980e+01 7.090030731875653025e+00 9.889634518811460495e+00
6.740000000000000568e+01 6.679999999999999716e+01 6.709999999999999432e+01 1.066470885278147307e+01 1.123650257343970083e+01 8.110591263950125196e+00 1.000393423005709970e+01
6.600000000000000000e+01 6.959999999999999432e+01 6.779999999999999716e+01 1.103187361988479509e+01 1.130588619674533746e+01 7.080777944555463499e+00 9.806179253728531720e+00
6.679999999999999716e+01 6.820000000000000284e+01 6.750000000000000000e+01 1.079063244396757604e+01 1.235408994514328640e+01 5.883094311675705512e+00 9.675938900262188724e+00
6.830000000000001137e+01 6.810000000000000853e+01 6.820000000000001705e+01 1.060695326034432284e+01 1.125862137339806068e+01 7.130337661684345463e+00 9.665304098475575145e+00
6.919999999999998863e+01 6.860000000000000853e+01 6.890000000000000568e+01 1.066920859990302617e+01 1.124540401754639696e+01 5.317564547300952960e+00 9.077392388250125066e+00
6.790000000000000568e+01 6.979999999999999716e+01 6.884999999999999432e+01 1.102508766070630664e+01 1.218870884287075462e+01 5.480024925278092596e+00 9.564607142951716767e+00
6.860000000000000853e+01 6.820000000000000284e+01 6.840000000000000568e+01 1.071309267761668771e+01 1.206757363706867103e+01 7.273093813865441959e+00 1.001792004285026572e+01
6.730000000000001137e+01 6.889999999999999147e+01 6.809999999999999432e+01 1.102872008573352325e+01 1.286235077818436778e+01 8.240784810137805394e+00 1.071061855801856488e+01
6.909999999999999432e+01 6.850000000000000000e+01 6.879999999999999716e+01 1.307583376990245405e+01 1.129774891255420322e+01 1.704122944393914452e+01 1.380493737546526667e+01
6.860000000000000853e+01 6.840000000000000568e+01 6.850000000000000000e+01 1.101591699254152168e+01 1.244468678264065176e+01 5.528415928976025739e+00 9.663006568052731282e+00
6.590000000000000568e+01 6.760000000000000853e+01 6.675000000000000000e+01 1.127392396751907455e+01 1.207427144234417682e+01 5.818054781569630407e+00 9.722083397144293926e+00
6.840000000000000568e+01 6.860000000000000853e+01 6.850000000000000000e+01 1.156227899479572940e+01 1.416119295790622878e+01 8.029658395606077192e+00 1.125104344943601120e+01
6.860000000000000853e+01 6.800000000000000000e+01 6.830000000000001137e+01 1.225550827143266375e+01 1.347430272066092449e+01 5.334481499165523388e+00 1.035476416375303721e+01
6.740000000000000568e+01 7.070000000000000284e+01 6.905000000000001137e+01 1.082354519752902711e+01 1.143895790774368493e+01 9.234147793568284968e+00 1.049888363294699900e+01
6.929999999999999716e+01 6.679999999999999716e+01 6.804999999999999716e+01 1.084251915912923181e+01 1.130958905760857647e+01 5.463134188391054025e+00 9.205080801709620175e+00
6.780000000000001137e+01 6.780000000000001137e+01 6.780000000000001137e+01 1.067733902548125258e+01 1.133506009339514087e+01 5.435001919190071362e+00 9.149133679355488269e+00
