6.720000000000000284e+01 7.059999999999999432e+01 6.890000000000000568e+01 8.821102671427585307e+00 1.220749527612743357e+01 6.963617539481512964e+00 9.330738495678843947e+00
6.919999999999998863e+01 6.840000000000000568e+01 6.879999999999999716e+01 8.686105987188568633e+00 1.133095481826327244e+01 6.554014498289298274e+00 8.857025101247046450e+00
6.889999999999999147e+01 6.989999999999999147e+01 6.939999999999999147e+01 8.742934207756089648e+00 1.196310917886550129e+01 6.245037177640182513e+00 8.983693521420590855e+00
6.850000000000000000e+01 7.000000000000000000e+01 6.925000000000000000e+01 1.150626731333199437e+01 1.109266417246529457e+01 9.974197343193507592e+00 1.085770960966359944e+01
6.830000000000001137e+01 6.750000000000000000e+01 6.790000000000000568e+01 1.168534782925018334e+01 1.099956211975263010e+01 7.540146797255441236e+00 1.007501891541941852e+01
6.800000000000000000e+01 7.039999999999999147e+01 6.919999999999998863e+01 8.396814362596913384e+00 1.273752064125574712e+01 6.268427482353146729e+00 9.134254162068602412e+00
6.830000000000001137e+01 6.900000000000000000e+01 6.865000000000000568e+01 8.396886509835526979e+00 1.112020258408350593e+01 5.995397588384541621e+00 8.504162227434525434e+00
6.850000000000000000e+01 6.909999999999999432e+01 6.879999999999999716e+01 9.678079731858236556e+00 1.188647435051239576e+01 6.060662396678940134e+00 9.208405493016524446e+00
6.919999999999998863e+01 7.029999999999999716e+01 6.975000000000000000e+01 8.600918199939524555e+00 1.121699759451932366e+01 5.510870564819221329e+00 8.442928786426023180e+00
6.929999999999999716e+01 6.989999999999999147e+01 6.959999999999999432e+01 8.498589876402235177e+00 1.206732700740566600e+01 5.229312635832144451e+00 8.598409839880014616e+00
6.820000000000000284e+01 6.939999999999999147e+01 6.879999999999999716e+01 8.499646761905994552e+00 1.175731463457204917e+01 7.156013725333888686e+00 9.137658373937311396e+00
6.870000000000000284e+01 6.919999999999998863e+01 6.894999999999998863e+01 8.374464146932075082e+00 1.110297295970112152e+01 1.173226935943401728e+01 1.040323548868907189e+01
6.950000000000000000e+01 7.009999999999999432e+01 6.979999999999999716e+01 8.789665131235697260e+00 1.102615083153427733e+01 1.667967478777885049e+01 1.216516358351627503e+01
6.919999999999998863e+01 6.959999999999999432e+01 6.939999999999999147e+01 8.886115796317355375e+00 1.213964131594866913e+01 5.318632765691106101e+00 8.781463292652377461e+00
6.790000000000000568e+01 6.979999999999999716e+01 6.884999999999999432e+01 9.085225032772168419e+00 1.178360436303579384e+01 7.850492000404749149e+00 9.573107132070903802e+00
6.640000000000000568e+01 6.959999999999999432e+01 6.800000000000000000e+01 8.626964304833979469e+00 1.103024196509541000e+01 6.470292114040265830e+00 8.709166127989885098e+00
6.740000000000000568e+01 7.019999999999998863e+01 6.879999999999999716e+01 8.635492537643674638e+00 1.120619441489341028e+01 5.224148996927250543e+00 8.355278649821444859e+00
6.870000000000000284e+01 6.979999999999999716e+01 6.925000000000000000e+01 8.424103798784107866e+00 1.101873931049602362e+01 6.690074644739469889e+00 8.710972584673200458e+00
6.989999999999999147e+01 6.959999999999999432e+01 6.975000000000000000e+01 8.390867891790465549e+00 1.249470993900200533e+01 1.031837592007151549e+01 1.040131791695466212e+01
6.919999999999998863e+01 7.009999999999999432e+01 6.964999999999999147e+01 1.013130215783751886e+01 1.100476383327957031e+01 1.566074737500952097e+01 1.226560445537553790e+01
6.939999999999999147e+01 6.979999999999999716e+01 6.959999999999999432e+01 8.871725473165934517e+00 1.245311867948283968e+01 5.231374313479617122e+00 8.852072822042796219e+00
6.820000000000000284e+01 7.050000000000000000e+01 6.934999999999999432e+01 8.575879504524415609e+00 1.112452980329446994e+01 5.554312220375363651e+00 8.418240509398083660e+00
6.770000000000000284e+01 7.059999999999999432e+01 6.915000000000000568e+01 9.174202976491557138e+00 1.383382431048566730e+01 1.115952812464049160e+01 1.138918513720590475e+01
6.860000000000000853e+01 6.900000000000000000e+01 6.880000000000001137e+01 9.977413945564556741e+00 1.224144722233621607e+01 6.523281482488017424e+00 9.580714216796263116e+00
6.820000000000000284e+01 7.089999999999999147e+01 6.954999999999999716e+01 8.529708085699349240e+00 1.285531156145291121e+01 5.451817505679263931e+00 8.945612384277175977e+00
6.900000000000000000e+01 6.959999999999999432e+01 6.929999999999999716e+01 8.783325163149612536e+00 1.370827532612855038e+01 5.233080925713148090e+00 9.241560471663769150e+00
6.750000000000000000e+01 6.889999999999999147e+01 6.819999999999998863e+01 1.304405984982195399e+01 1.100200600296921571e+01 9.183501127624086990e+00 1.107652232680508497e+01
6.840000000000000568e+01 6.939999999999999147e+01 6.890000000000000568e+01 8.525273596135434673e+00 1.121458630757598485e+01 5.330382786118114780e+00 8.356747563276512025e+00
6.790000000000000568e+01 6.950000000000000000e+01 6.870000000000000284e+01 8.387791689816143759e+00 1.149514746297198187e+01 6.378748601288525499e+00 8.753895918025550671e+00
6.850000000000000000e+01 6.959999999999999432e+01 6.904999999999999716e+01 8.456749077898841449e+00 1.134305352634307162e+01 8.626891000102359541e+00 9.475564534781424797e+00
6.750000000000000000e+01 6.950000000000000000e+01 6.850000000000000000e+01 1.205042943781103659e+01 1.101965866789174164e+01 5.233423448770175845e+00 9.434503851490985582e+00
6.939999999999999147e+01 6.889999999999999147e+01 6.914999999999999147e+01 9.346599878432789055e+00 1.233503060935158402e+01 6.868872689991175839e+00 9.516834392591849934e+00
6.730000000000001137e+01 7.089999999999999147e+01 6.909999999999999432e+01 1.041233330805574830e+01 1.099405377954870566e+01 5.229436031623689196e+00 8.878607706409381350e+00
6.830000000000001137e+01 7.059999999999999432e+01 6.945000000000000284e+01 8.832364966635108061e+00 1.138293980987073084e+01 1.407918434784842887e+01 1.143149637478475711e+01
6.770000000000000284e+01 6.860000000000000853e+01 6.815000000000000568e+01 8.390303901660381314e+00 1.140435128235555418e+01 5.345850850987374336e+00 8.380168678334436905e+00
6.850000000000000000e+01 6.900000000000000000e+01 6.875000000000000000e+01 9.240776682316758084e+00 1.137000894892987368e+01 1.344612805085253449e+01 1.135230456069972149e+01
6.720000000000000284e+01 7.029999999999999716e+01 6.875000000000000000e+01 1.138934658580771320e+01 1.122284047813828245e+01 5.869250028734423807e+00 9.493812364226807077e+00
6.720000000000000284e+01 6.979999999999999716e+01 6.850000000000000000e+01 1.105623512688586096e+01 1.269657048865374449e+01 7.686773439689006615e+00 1.047985968507620491e+01
6.720000000000000284e+01 7.239999999999999147e+01 6.979999999999999716e+01 1.130569958223054883e+01 1.104197408043626005e+01 5.797932198378650703e+00 9.381868620348486232e+00
6.860000000000000853e+01 7.089999999999999147e+01 6.975000000000000000e+01 8.711643347735838816e+00 1.176614325931749860e+01 7.516785686293947499e+00 9.331524097782429195e+00
6.889999999999999147e+01 6.929999999999999716e+01 6.909999999999999432e+01 1.180008813228930542e+01 1.156869997857733345e+01 5.318517581048047838e+00 9.562435230638229200e+00
6.690000000000000568e+01 7.139999999999999147e+01 6.915000000000000568e+01 8.587324175065033316e+00 1.170098885513173848e+01 8.924786751654426808e+00 9.737699927283733459e+00
6.879999999999999716e+01 7.009999999999999432e+01 6.944999999999998863e+01 8.417138430669943716e+00 1.158085957496743745e+01 5.225628868820412443e+00 8.407875624819263649e+00
6.760000000000000853e+01 7.009999999999999432e+01 6.884999999999999432e+01 9.317232397743270056e+00 1.140724260307713500e+01 8.511679868430126916e+00 9.745384956416843991e+00
6.810000000000000853e+01 6.900000000000000000e+01 6.855000000000001137e+01 1.386158340500145769e+01 1.108191008516216947e+01 6.035533829734615274e+00 1.032634243996607992e+01
6.780000000000001137e+01 7.100000000000000000e+01 6.940000000000000568e+01 1.836886320199847589e+01 1.105323835698419366e+01 5.238025377149229556e+00 1.155337564537729911e+01
6.730000000000001137e+01 6.909999999999999432e+01 6.820000000000000284e+01 9.302960171693934299e+00 1.111401696645900117e+01 5.819142078117154782e+00 8.745373072090030675e+00
6.770000000000000284e+01 6.780000000000001137e+01 6.775000000000000000e+01 9.270761455507910753e+00 1.113080022451633511e+01 5.239339499781124232e+00 8.546967059935122180e+00
6.969999999999998863e+01 7.159999999999999432e+01 7.064999999999999147e+01 8.930791082091674937e+00 1.119269449834343177e+01 7.041042421034057419e+00 9.054842667156387748e+00
6.770000000000000284e+01 6.860000000000000853e+01 6.815000000000000568e+01 1.153099466070053758e+01 1.116758376671396213e+01 5.562829584737102984e+00 9.420469337383867270e+00
6.760000000000000853e+01 7.059999999999999432e+01 6.909999999999999432e+01 1.128880545087085174e+01 1.098813617296981349e+01 5.544203973278306385e+00 9.273715199039656909e+00
6.959999999999999432e+01 7.029999999999999716e+01 6.994999999999998863e+01 1.012521974905611444e+01 1.228030022497476281e+01 5.256432530742199738e+00 9.220650834924358108e+00
6.969999999999998863e+01 7.089999999999999147e+01 7.029999999999998295e+01 1.311282659554967545e+01 1.213692122039577015e+01 5.733439658680467232e+00 1.032772915820863879e+01
6.840000000000000568e+01 7.189999999999999147e+01 7.015000000000000568e+01 1.043356457492383882e+01 1.099809433611383547e+01 6.053379114212598111e+00 9.161679341750089023e+00
6.760000000000000853e+01 6.969999999999998863e+01 6.865000000000000568e+01 8.675115559763721507e+00 1.347463947407180029e+01 6.645655442786385869e+00 9.598470158873968927e+00
6.780000000000001137e+01 6.939999999999999147e+01 6.859999999999999432e+01 9.022308362974124307e+00 1.104453450882874677e+01 1.335561956632870739e+01 1.114082081271052438e+01
6.950000000000000000e+01 7.070000000000000284e+01 7.009999999999999432e+01 8.653262522290440018e+00 1.117260180028115535e+01 5.683906666782019279e+00 8.503256996451204586e+00
6.820000000000000284e+01 7.070000000000000284e+01 6.945000000000000284e+01 8.661213755788333302e+00 1.233555320795359123e+01 5.522061687884326275e+00 8.839609550542084193e+00
6.889999999999999147e+01 6.780000000000001137e+01 6.834999999999999432e+01 8.765897546984760424e+00 1.107468028916968805e+01 5.225501717443827410e+00 8.355359851199425592e+00
6.860000000000000853e+01 7.070000000000000284e+01 6.965000000000000568e+01 9.390284398291690593e+00 1.232946251573092233e+01 1.065377983330149192e+01 1.079117558244136887e+01
6.879999999999999716e+01 7.139999999999999147e+01 7.009999999999999432e+01 8.404094549228503297e+00 1.122009316341906171e+01 5.812238530555308813e+00 8.478808747734291273e+00
6.979999999999999716e+01 6.919999999999998863e+01 6.950000000000000000e+01 1.033946231687194128e+01 1.100217590009130575e+01 9.038407323414128669e+00 1.012668184679245797e+01
6.790000000000000568e+01 7.070000000000000284e+01 6.930000000000001137e+01 8.635043498339339152e+00 1.289677827990454162e+01 5.246645881764793629e+00 8.926155886669556949e+00
6.770000000000000284e+01 7.089999999999999147e+01 6.929999999999999716e+01 9.784340789081021228e+00 1.249972088545887594e+01 5.232011748398257112e+00 9.172024474312719278e+00
6.770000000000000284e+01 7.029999999999999716e+01 6.900000000000000000e+01 1.252533757406727233e+01 1.322986411565112164e+01 6.637831502777610915e+00 1.079767773083200133e+01
6.929999999999999716e+01 6.929999999999999716e+01 6.929999999999999716e+01 9.433367317876161451e+00 1.110831048403555243e+01 5.340833783736821161e+00 8.627503861882845015e+00
6.820000000000000284e+01 7.029999999999999716e+01 6.925000000000000000e+01 8.658970667613981931e+00 1.141439295727904479e+01 7.492486627441345526e+00 9.188616750778123787e+00
6.840000000000000568e+01 7.019999999999998863e+01 6.929999999999999716e+01 1.040051666119388862e+01 1.239602253512434338e+01 7.618692745789214626e+00 1.013841064736914888e+01
6.879999999999999716e+01 7.059999999999999432e+01 6.969999999999998863e+01 9.983041858822407022e+00 1.099423356832878085e+01 1.021138066754202889e+01 1.039621869823107225e+01
6.640000000000000568e+01 7.000000000000000000e+01 6.820000000000000284e+01 1.072887455587518346e+01 1.153752318653763709e+01 9.786114081563207279e+00 1.068417060799200868e+01
6.790000000000000568e+01 6.840000000000000568e+01 6.815000000000000568e+01 1.337360289978102657e+01 1.103271822288843040e+01 9.105306034487858469e+00 1.117054238571910396e+01
6.790000000000000568e+01 7.000000000000000000e+01 6.895000000000000284e+01 8.408873668171354510e+00 1.174001181050666176e+01 5.486867430428377546e+00 8.545250969702131272e+00
6.850000000000000000e+01 6.889999999999999147e+01 6.869999999999998863e+01 8.521689413839494520e+00 1.150449870346413483e+01 6.126154772998051001e+00 8.717447630100560119e+00
6.780000000000001137e+01 7.009999999999999432e+01 6.895000000000000284e+01 1.092259914687284272e+01 1.122193865168862992e+01 5.782550505453415646e+00 9.309029434671629133e+00
6.710000000000000853e+01 6.950000000000000000e+01 6.830000000000001137e+01 9.407456727621351433e+00 1.105361654694638140e+01 5.226785382541928371e+00 8.562619552369886478e+00
6.740000000000000568e+01 7.009999999999999432e+01 6.875000000000000000e+01 8.382058734251721432e+00 1.804428247173208888e+01 8.162675796385631344e+00 1.152967233412314840e+01
6.790000000000000568e+01 7.000000000000000000e+01 6.895000000000000284e+01 1.427355495862980561e+01 1.120607063040449880e+01 7.163486913878734264e+00 1.088103750097101319e+01
6.939999999999999147e+01 6.850000000000000000e+01 6.894999999999998863e+01 9.593798678243466327e+00 1.181459466278968407e+01 5.945059393869375874e+00 9.117817578300842385e+00
6.810000000000000853e+01 6.979999999999999716e+01 6.895000000000000284e+01 8.602500043002478947e+00 1.249677220277035161e+01 5.244034689293792795e+00 8.781102311688874451e+00
6.889999999999999147e+01 7.170000000000000284e+01 7.029999999999999716e+01 8.704231637020985346e+00 1.105537119924001743e+01 6.409497551731489828e+00 8.723033462664163906e+00
6.800000000000000000e+01 6.860000000000000853e+01 6.830000000000001137e+01 1.499464356351043826e+01 1.297622541371960558e+01 5.234915896540142555e+00 1.106859495792339487e+01
6.810000000000000853e+01 6.830000000000001137e+01 6.820000000000001705e+01 8.575433313963239712e+00 1.112518584366529950e+01 5.769953222520440406e+00 8.490190793382993206e+00
6.800000000000000000e+01 6.860000000000000853e+01 6.830000000000001137e+01 8.889335544365414066e+00 1.581528275363297276e+01 5.436835520920809905e+00 1.004715127297306587e+01
6.870000000000000284e+01 6.810000000000000853e+01 6.840000000000000568e+01 8.550705782089361051e+00 1.176463232754385579e+01 6.205951787762374217e+00 8.840429965798529466e+00
6.900000000000000000e+01 7.079999999999999716e+01 6.990000000000000568e+01 8.459676381355688335e+00 1.182237983420332483e+01 6.948330328554876090e+00 9.076795514704629753e+00
6.820000000000000284e+01 6.969999999999998863e+01 6.894999999999998863e+01 8.764942107989130093e+00 1.103329936850031601e+01 1.772983643184460689e+01 1.250935930277801766e+01
6.850000000000000000e+01 7.019999999999998863e+01 6.934999999999999432e+01 1.079835100367065692e+01 1.181930685422268645e+01 7.593000142560642374e+00 1.007021933348466014e+01
6.919999999999998863e+01 6.939999999999999147e+01 6.929999999999998295e+01 9.946679693970294167e+00 1.099073435926147546e+01 5.571036296330640347e+00 8.836150116520803621e+00
6.850000000000000000e+01 6.810000000000000853e+01 6.830000000000001137e+01 1.073464629139273363e+01 1.098797744163330137e+01 6.992078323093174674e+00 9.571567352039735965e+00
6.830000000000001137e+01 7.000000000000000000e+01 6.915000000000000568e+01 8.385676920727503258e+00 1.516905906309532526e+01 7.611781507534892910e+00 1.038883916378590833e+01
6.780000000000001137e+01 6.979999999999999716e+01 6.880000000000001137e+01 8.617451176133867463e+00 1.100181468987498867e+01 5.625089729469056721e+00 8.414785198492637619e+00
6.879999999999999716e+01 7.100000000000000000e+01 6.990000000000000568e+01 8.674275338799953161e+00 1.242811176698208797e+01 5.266071003637755155e+00 8.789486036473265429e+00
6.929999999999999716e+01 6.879999999999999716e+01 6.904999999999999716e+01 1.255691601404726221e+01 1.101685063378207019e+01 1.332183517619025537e+01 1.229853394133986200e+01
6.810000000000000853e+01 7.050000000000000000e+01 6.930000000000001137e+01 8.408290071878363747e+00 1.132765585408919762e+01 6.271042311088921295e+00 8.668996079018826961e+00
6.959999999999999432e+01 6.950000000000000000e+01 6.954999999999999716e+01 8.389689226740976835e+00 1.299251942424800532e+01 1.004147476845245635e+01 1.047456113981381343e+01
6.870000000000000284e+01 6.870000000000000284e+01 6.870000000000000284e+01 8.593219044952816077e+00 1.224077102435407127e+01 5.261854111959092251e+00 8.698614727088658682e+00
6.790000000000000568e+01 6.989999999999999147e+01 6.890000000000000568e+01 8.404226093828794930e+00 1.169255401320279297e+01 5.452557912343948487e+00 8.516446006458512130e+00
6.700000000000000000e+01 7.009999999999999432e+01 6.854999999999999716e+01 8.483752306313526503e+00 1.098863382609133943e+01 6.364102251717521419e+00 8.612162794707462155e+00
7.070000000000000284e+01 7.009999999999999432e+01 7.040000000000000568e+01 9.945277086179862280e+00 1.211699183413143110e+01 8.193614604590541362e+00 1.008529450830061158e+01
6.969999999999998863e+01 6.989999999999999147e+01 6.979999999999998295e+01 9.589138191083428353e+00 1.123077345889746326e+01 6.221980807014702464e+00 9.013964152331864099e+00
