1.098632812500000000e-02 1.384880738135199032e-06
-1.342773437500000000e-02 9.694165166946394073e-07
-3.784179687500000000e-02 8.309284428811192500e-07
-6.225585937500000000e-02 9.694165166946391956e-07
-8.666992187500000000e-02 1.384880738135198821e-06
-1.110839843750000000e-01 6.924403690675995162e-07
-1.354980468750000000e-01 9.694165166946391956e-07
-1.599121093750000000e-01 9.694165166946391956e-07
-1.843261718750000000e-01 -2.769761476270396794e-07
-2.087402343750000000e-01 -1.384880738135198397e-07
-2.331542968750000000e-01 5.293955920339377119e-23
-2.575683593750000000e-01 1.246392664321679087e-06
-2.819824218750000000e-01 2.769761476270397853e-07
-3.063964843750000000e-01 4.154642214405596779e-07
-3.308105468750000000e-01 -9.694165166946391956e-07
-3.552246093750000000e-01 -9.694165166946391956e-07
-3.796386718750000000e-01 -1.246392664321679087e-06
-4.040527343750000000e-01 -2.769761476270397853e-07
-4.284667968750000000e-01 -4.154642214405596779e-07
-4.528808593750000000e-01 -1.523368811948718766e-06
-4.772949218750000000e-01 -1.938833033389278391e-06
-5.017089843750000000e-01 -1.523368811948718766e-06
-5.261230468750000000e-01 -5.539522952540795706e-07
-5.505371093750000000e-01 -1.384880738135198926e-07
-5.749511718750000000e-01 2.769761476270397853e-07
-5.993652343750000000e-01 4.154642214405596779e-07
-6.237792968750000000e-01 6.924403690675995162e-07
-6.481933593750000000e-01 4.154642214405596779e-07
-6.726074218750000000e-01 -1.384880738135198926e-07
-6.970214843750000000e-01 -6.924403690675995162e-07
-7.214355468750000000e-01 -1.661856885762238712e-06
-7.458496093750000000e-01 -1.523368811948718766e-06
-7.702636718750000000e-01 -2.077321107202798337e-06
-7.946777343750000000e-01 -1.661856885762238500e-06
-8.190917968750000000e-01 -1.661856885762238712e-06
-8.435058593750000000e-01 -1.938833033389278391e-06
-8.679199218750000000e-01 -1.938833033389278391e-06
-8.923339843750000000e-01 -1.800344959575758869e-06
-9.167480468750000000e-01 -5.539522952540795706e-07
-9.411621093750000000e-01 -1.523368811948718978e-06
-9.655761718750000000e-01 -2.631273402456878119e-06
-9.899902343750000000e-01 -4.016154140592076728e-06
-1.014404296875000000e+00 -3.462201845337997793e-06
-1.038818359375000000e+00 -4.570106435846156510e-06
-1.063232421875000000e+00 -4.847082583473196401e-06
-1.087646484375000000e+00 -5.954987173981355119e-06
-1.112060546875000000e+00 -4.708594509659676456e-06
-1.136474609375000000e+00 -5.401034878727276184e-06
-1.160888671875000000e+00 -6.785915616862474792e-06
-1.185302734375000000e+00 -8.863236724065273129e-06
-1.209716796875000000e+00 -9.694165166946392803e-06
-1.234130859375000000e+00 -9.832653240759912748e-06
-1.258544921875000000e+00 -1.052509360982751248e-05
-1.282958984375000000e+00 -1.232543856940327007e-05
-1.307373046875000000e+00 -1.357183123372494958e-05
-1.331787109375000000e+00 -1.454124775041958920e-05
-1.356201171875000000e+00 -1.426427160279254931e-05
-1.380615234375000000e+00 -1.454124775041958920e-05
-1.405029296875000000e+00 -1.467973582423310915e-05
-1.429443359375000000e+00 -1.675705693143590664e-05
-1.453857421875000000e+00 -1.869588996482518588e-05
-1.478271484375000000e+00 -2.243506795779022441e-05
-1.502685546875000000e+00 -2.506634136024709999e-05
-1.527099609375000000e+00 -2.825156705795805873e-05
-1.551513671875000000e+00 -2.769761476270397895e-05
-1.575927734375000000e+00 -2.797459091033101884e-05
-1.600341796875000000e+00 -2.852854320558509863e-05
-1.624755859375000000e+00 -3.143679275566901409e-05
-1.649169921875000000e+00 -3.351411386287181328e-05
-1.673583984375000000e+00 -3.559143497007461246e-05
-1.697998046875000000e+00 -3.711480378202333186e-05
-1.722412109375000000e+00 -3.960758911066669088e-05
-1.746826171875000000e+00 -4.140793407024245018e-05
-1.771240234375000000e+00 -4.334676710363172941e-05
-1.795654296875000000e+00 -4.376223132507228925e-05
-1.820068359375000000e+00 -4.514711206320748871e-05
-1.844482421875000000e+00 -4.930175427761308030e-05
-1.868896484375000000e+00 -1.028966388434452789e-04
-1.893310546875000000e+00 -1.661856885762238805e-04
-1.917724609375000000e+00 -2.314135713423917478e-04
-1.942138671875000000e+00 -2.506634136024709931e-04
-1.966552734375000000e+00 -2.652046613528906416e-04
-1.990966796875000000e+00 -2.793304448818696218e-04
-2.015380859375000000e+00 -2.963644779609325751e-04
-2.039794921875000000e+00 -3.128445587447414486e-04
-2.064208984375000000e+00 -3.280782468642286427e-04
-2.088623046875000000e+00 -3.424810065408347170e-04
-2.113037109375000000e+00 -3.561913258483731916e-04
-2.137451171875000000e+00 -3.705940855249792117e-04
-2.161865234375000000e+00 -3.830580121681960068e-04
-2.186279296875000000e+00 -3.971837956971750413e-04
-2.210693359375000000e+00 -4.114480672999675957e-04
-2.235107421875000000e+00 -4.261278031242007099e-04
-2.259521484375000000e+00 -4.388687059150445449e-04
-2.283935546875000000e+00 -4.505017041153802203e-04
-2.308349609375000000e+00 -4.636580711276646152e-04
-2.332763671875000000e+00 -4.773683904352030898e-04
-2.357177734375000000e+00 -4.877549959712170857e-04
-2.357177734375000000e+00 -4.906632455213010046e-04
-2.332763671875000000e+00 -4.837388418306250073e-04
-2.308349609375000000e+00 -4.751525812541867707e-04
-2.283935546875000000e+00 -4.650429518657998146e-04
-2.259521484375000000e+00 -4.561797151417345381e-04
-2.235107421875000000e+00 -4.469010141962287018e-04
-2.210693359375000000e+00 -4.376223132507228654e-04
-2.186279296875000000e+00 -4.282051242314035091e-04
-2.161865234375000000e+00 -4.176800306215759932e-04
-2.137451171875000000e+00 -4.071549370117484774e-04
-2.113037109375000000e+00 -3.973222837709885612e-04
-2.088623046875000000e+00 -3.884590470469232847e-04
-2.064208984375000000e+00 -3.794573222490444883e-04
-2.039794921875000000e+00 -3.693476928606575322e-04
-2.015380859375000000e+00 -3.592380634722705762e-04
-1.990966796875000000e+00 -3.495438983053242342e-04
-1.966552734375000000e+00 -3.415115900241400774e-04
-1.942138671875000000e+00 -3.315404487095666413e-04
-1.917724609375000000e+00 -3.212923312473661653e-04
-1.893310546875000000e+00 -3.111827018589792093e-04
-1.868896484375000000e+00 -3.030119055039815325e-04
-1.844482421875000000e+00 -2.945641330013568158e-04
-1.820068359375000000e+00 -2.863933366463591390e-04
-1.795654296875000000e+00 -2.769761476270397827e-04
-1.771240234375000000e+00 -2.681129109029745062e-04
-1.746826171875000000e+00 -2.586957218836551499e-04
-1.722412109375000000e+00 -2.501094613072169133e-04
-1.697998046875000000e+00 -2.426311053212868633e-04
-1.673583984375000000e+00 -2.341833328186621467e-04
-1.649169921875000000e+00 -2.264280006851050297e-04
-1.624755859375000000e+00 -2.161798832229045537e-04
-1.600341796875000000e+00 -2.082860630155339168e-04
-1.575927734375000000e+00 -2.003922428081632799e-04
-1.551513671875000000e+00 -1.945757437079954422e-04
-1.527099609375000000e+00 -1.858509950577436857e-04
-1.502685546875000000e+00 -1.765722941122378493e-04
-1.478271484375000000e+00 -1.681245216096131597e-04
-1.453857421875000000e+00 -1.600922133284290029e-04
-1.429443359375000000e+00 -1.531678096377530056e-04
-1.405029296875000000e+00 -1.455509655780094086e-04
-1.380615234375000000e+00 -1.390420261087739712e-04
-1.356201171875000000e+00 -1.311482059014033343e-04
-1.331787109375000000e+00 -1.221464811035245378e-04
-1.307373046875000000e+00 -1.149451012652215142e-04
-1.282958984375000000e+00 -1.094055783126807164e-04
-1.258544921875000000e+00 -1.044200076553939983e-04
-1.234130859375000000e+00 -9.749560396471800103e-05
-1.209716796875000000e+00 -9.070968834785552370e-05
-1.185302734375000000e+00 -8.517016539531473943e-05
-1.160888671875000000e+00 -7.976913051658746155e-05
-1.136474609375000000e+00 -7.312170297353850416e-05
-1.112060546875000000e+00 -6.744369194718418639e-05
-1.087646484375000000e+00 -6.231963321608394841e-05
-1.063232421875000000e+00 -5.774952678023779698e-05
-1.038818359375000000e+00 -5.179453960625643932e-05
-1.014404296875000000e+00 -4.667048087515620133e-05
-9.899902343750000000e-01 -4.279281480837764963e-05
-9.655761718750000000e-01 -3.933061296303965099e-05
-9.411621093750000000e-01 -3.448353037956645290e-05
-9.167480468750000000e-01 -3.019040009134733797e-05
-8.923339843750000000e-01 -2.631273402456877950e-05
-8.679199218750000000e-01 -2.354297254829838058e-05
-8.435058593750000000e-01 -1.855740189101166593e-05
-8.190917968750000000e-01 -1.481822389804662910e-05
-7.946777343750000000e-01 -1.204846242177623018e-05
-7.702636718750000000e-01 -1.066358168364103242e-05
-7.458496093750000000e-01 -8.170796354997675095e-06
-7.214355468750000000e-01 -6.093475247794875065e-06
-6.970214843750000000e-01 -4.293130288219116619e-06
-6.726074218750000000e-01 -3.323713771524477847e-06
-6.481933593750000000e-01 -2.354297254829838228e-06
-6.237792968750000000e-01 -8.309284428811194617e-07
-5.993652343750000000e-01 -2.769761476270398382e-07
-5.749511718750000000e-01 5.539522952540795706e-07
-5.505371093750000000e-01 -2.769761476270397853e-07
-5.261230468750000000e-01 0.000000000000000000e+00
-5.017089843750000000e-01 -2.769761476270397853e-07
-4.772949218750000000e-01 6.924403690675995162e-07
-4.528808593750000000e-01 -5.539522952540795706e-07
-4.284667968750000000e-01 -4.154642214405596250e-07
-4.040527343750000000e-01 -1.246392664321679087e-06
-3.796386718750000000e-01 -1.384880738135198926e-07
-3.552246093750000000e-01 0.000000000000000000e+00
-3.308105468750000000e-01 6.924403690675995162e-07
-3.063964843750000000e-01 6.924403690675995162e-07
-2.819824218750000000e-01 4.154642214405596779e-07
-2.575683593750000000e-01 -6.924403690675995162e-07
-2.331542968750000000e-01 -1.384880738135199456e-07
-2.087402343750000000e-01 9.694165166946391956e-07
-1.843261718750000000e-01 1.384880738135198821e-06
-1.599121093750000000e-01 2.769761476270396794e-07
-1.354980468750000000e-01 -8.309284428811194617e-07
-1.110839843750000000e-01 -9.694165166946391956e-07
-8.666992187500000000e-02 -8.309284428811193559e-07
-6.225585937500000000e-02 -1.107904590508159141e-06
-3.784179687500000000e-02 0.000000000000000000e+00
-1.342773437500000000e-02 4.154642214405596779e-07
