1.098632812500000000e-02 -5.539522952540795706e-07
-1.342773437500000000e-02 0.000000000000000000e+00
-3.784179687500000000e-02 2.769761476270397853e-07
-6.225585937500000000e-02 -2.769761476270398382e-07
-8.666992187500000000e-02 -9.694165166946394073e-07
-1.110839843750000000e-01 -1.384880738135199032e-06
-1.354980468750000000e-01 -8.309284428811194617e-07
-1.599121093750000000e-01 0.000000000000000000e+00
-1.843261718750000000e-01 6.924403690675995162e-07
-2.087402343750000000e-01 6.924403690675995162e-07
-2.331542968750000000e-01 0.000000000000000000e+00
-2.575683593750000000e-01 -8.309284428811194617e-07
-2.819824218750000000e-01 -6.924403690675995162e-07
-3.063964843750000000e-01 -1.523368811948718978e-06
-3.308105468750000000e-01 -4.154642214405596779e-07
-3.552246093750000000e-01 1.384880738135198926e-07
-3.796386718750000000e-01 8.309284428811192500e-07
-4.040527343750000000e-01 -2.769761476270398382e-07
-4.284667968750000000e-01 -6.924403690675995162e-07
-4.528808593750000000e-01 -8.309284428811193559e-07
-4.772949218750000000e-01 -6.924403690675995162e-07
-5.017089843750000000e-01 -1.384880738135199032e-06
-5.261230468750000000e-01 -5.539522952540795706e-07
-5.505371093750000000e-01 -5.539522952540795706e-07
-5.749511718750000000e-01 -1.384880738135198926e-07
-5.993652343750000000e-01 -8.309284428811194617e-07
-6.237792968750000000e-01 2.769761476270397853e-07
-6.481933593750000000e-01 1.384880738135198926e-07
-6.726074218750000000e-01 0.000000000000000000e+00
-6.970214843750000000e-01 -5.539522952540795706e-07
-7.214355468750000000e-01 -9.694165166946391956e-07
-7.458496093750000000e-01 -8.309284428811194617e-07
-7.702636718750000000e-01 -1.938833033389278391e-06
-7.946777343750000000e-01 -1.523368811948718978e-06
-8.190917968750000000e-01 -2.077321107202798337e-06
-8.435058593750000000e-01 -2.354297254829838228e-06
-8.679199218750000000e-01 -2.908249550083917587e-06
-8.923339843750000000e-01 -4.154642214405596673e-06
-9.167480468750000000e-01 -4.293130288219116619e-06
-9.411621093750000000e-01 -5.539522952540795282e-06
-9.655761718750000000e-01 -5.816499100167835173e-06
-9.899902343750000000e-01 -6.647427543048954847e-06
-1.014404296875000000e+00 -7.201379838303034629e-06
-1.038818359375000000e+00 -7.755332133557113564e-06
-1.063232421875000000e+00 -8.170796354997673401e-06
-1.087646484375000000e+00 -8.447772502624713292e-06
-1.112060546875000000e+00 -8.170796354997673401e-06
-1.136474609375000000e+00 -8.863236724065273129e-06
-1.160888671875000000e+00 -8.863236724065273129e-06
-1.185302734375000000e+00 -1.080206975745455237e-05
-1.209716796875000000e+00 -1.260241471703031166e-05
-1.234130859375000000e+00 -1.398729545516550942e-05
-1.258544921875000000e+00 -1.537217619330070718e-05
-1.282958984375000000e+00 -1.537217619330070718e-05
-1.307373046875000000e+00 -1.744949730050350637e-05
-1.331787109375000000e+00 -1.869588996482518588e-05
-1.356201171875000000e+00 -2.021925877677390528e-05
-1.380615234375000000e+00 -2.160413951490910473e-05
-1.405029296875000000e+00 -2.298902025304430080e-05
-1.429443359375000000e+00 -2.520482943406061993e-05
-1.453857421875000000e+00 -2.769761476270397895e-05
-1.478271484375000000e+00 -2.852854320558509863e-05
-1.502685546875000000e+00 -3.074435238660141437e-05
-1.527099609375000000e+00 -3.420655423193941301e-05
-1.551513671875000000e+00 -4.168491021786949007e-05
-1.575927734375000000e+00 -4.750140931803732101e-05
-1.600341796875000000e+00 -5.054814694193475981e-05
-1.624755859375000000e+00 -5.345639649201867867e-05
-1.649169921875000000e+00 -6.231963321608394841e-05
-1.673583984375000000e+00 -7.741483326175762248e-05
-1.697998046875000000e+00 -9.306398560268536277e-05
-1.722412109375000000e+00 -1.059433764673427177e-04
-1.746826171875000000e+00 -1.186842792581865527e-04
-1.771240234375000000e+00 -1.312866939752168542e-04
-1.795654296875000000e+00 -1.430581802493660496e-04
-1.820068359375000000e+00 -1.530293215639394857e-04
-1.844482421875000000e+00 -1.646623197642751611e-04
-1.868896484375000000e+00 -1.768492702598649163e-04
-1.893310546875000000e+00 -1.897286611245222441e-04
-1.917724609375000000e+00 -2.051008373178229581e-04
-1.942138671875000000e+00 -2.250431199469698303e-04
-1.966552734375000000e+00 -2.452623787237437694e-04
-1.990966796875000000e+00 -2.650661732790770674e-04
-2.015380859375000000e+00 -2.840390393915293000e-04
-2.039794921875000000e+00 -3.052277146849978516e-04
-2.064208984375000000e+00 -3.237851165760095244e-04
-2.088623046875000000e+00 -3.379109001049885588e-04
-2.113037109375000000e+00 -3.506518028958323938e-04
-2.137451171875000000e+00 -3.640851460557437743e-04
-2.161865234375000000e+00 -3.790418580276039284e-04
-2.186279296875000000e+00 -3.917827608184477634e-04
-2.210693359375000000e+00 -4.039697113140375186e-04
-2.235107421875000000e+00 -4.172645664001354334e-04
-2.259521484375000000e+00 -4.298669811171657485e-04
-2.283935546875000000e+00 -4.451006692366529425e-04
-2.308349609375000000e+00 -4.601958692823266165e-04
-2.332763671875000000e+00 -4.765374619923219701e-04
-2.357177734375000000e+00 -4.903862693736739647e-04
-2.381591796875000000e+00 -5.013268272049419862e-04
-2.381591796875000000e+00 -5.050660051979070789e-04
-2.357177734375000000e+00 -5.009113629835014805e-04
-2.332763671875000000e+00 -4.908017335951144703e-04
-2.308349609375000000e+00 -4.793072234685923690e-04
-2.283935546875000000e+00 -4.693360821540189329e-04
-2.259521484375000000e+00 -4.593649408394454969e-04
-2.235107421875000000e+00 -4.507786802630072602e-04
-2.210693359375000000e+00 -4.399766105055527045e-04
-2.186279296875000000e+00 -4.300054691909792684e-04
-2.161865234375000000e+00 -4.210037443931004719e-04
-2.137451171875000000e+00 -4.113095792261540757e-04
-2.113037109375000000e+00 -4.018923902068347194e-04
-2.088623046875000000e+00 -3.915057846708207235e-04
-2.064208984375000000e+00 -3.819501075776878473e-04
-2.039794921875000000e+00 -3.708710616726062516e-04
-2.015380859375000000e+00 -3.608999203580328156e-04
-1.990966796875000000e+00 -3.520366836339675932e-04
-1.966552734375000000e+00 -3.433119349837158367e-04
-1.942138671875000000e+00 -3.341717221120235203e-04
-1.917724609375000000e+00 -3.243390688712636041e-04
-1.893310546875000000e+00 -3.161682725162659273e-04
-1.868896484375000000e+00 -3.082744523088952904e-04
-1.844482421875000000e+00 -3.003806321015246535e-04
-1.820068359375000000e+00 -2.911019311560188172e-04
-1.795654296875000000e+00 -2.812692779152589553e-04
-1.771240234375000000e+00 -2.718520888959395990e-04
-1.746826171875000000e+00 -2.627118760242472826e-04
-1.722412109375000000e+00 -2.539871273739954718e-04
-1.697998046875000000e+00 -2.451238906499301953e-04
-1.673583984375000000e+00 -2.376455346640001453e-04
-1.649169921875000000e+00 -2.293362502351889486e-04
-1.624755859375000000e+00 -2.204730135111236721e-04
-1.600341796875000000e+00 -2.117482648608719155e-04
-1.575927734375000000e+00 -2.033004923582471988e-04
-1.551513671875000000e+00 -1.965145767413847215e-04
-1.527099609375000000e+00 -1.873743638696924051e-04
-1.502685546875000000e+00 -1.786496152194406485e-04
-1.478271484375000000e+00 -1.699248665691889190e-04
-1.453857421875000000e+00 -1.627234867308858818e-04
-1.429443359375000000e+00 -1.551066426711422848e-04
-1.405029296875000000e+00 -1.474897986113986878e-04
-1.380615234375000000e+00 -1.404269068469091706e-04
-1.356201171875000000e+00 -1.336409912300466933e-04
-1.331787109375000000e+00 -1.257471710226760564e-04
-1.307373046875000000e+00 -1.188227673320000727e-04
-1.282958984375000000e+00 -1.128677801580187150e-04
-1.258544921875000000e+00 -1.077437214269184770e-04
-1.234130859375000000e+00 -1.005423415886154398e-04
-1.209716796875000000e+00 -9.334096175031240266e-05
-1.185302734375000000e+00 -8.683202228107697877e-05
-1.160888671875000000e+00 -8.129249932853618095e-05
-1.136474609375000000e+00 -7.506053600692778340e-05
-1.112060546875000000e+00 -6.910554883294642574e-05
-1.087646484375000000e+00 -6.398149010184618775e-05
-1.063232421875000000e+00 -5.871894329693243660e-05
-1.038818359375000000e+00 -5.345639649201867867e-05
-1.014404296875000000e+00 -4.860931390854548057e-05
-9.899902343750000000e-01 -4.417769554651284231e-05
-9.655761718750000000e-01 -3.877666066778557121e-05
-9.411621093750000000e-01 -3.365260193668533322e-05
-9.167480468750000000e-01 -2.922098357465269835e-05
-8.923339843750000000e-01 -2.672819824600933933e-05
-8.679199218750000000e-01 -2.368146062211190053e-05
-8.435058593750000000e-01 -1.952681840770630555e-05
-8.190917968750000000e-01 -1.634159270999534680e-05
-7.946777343750000000e-01 -1.315636701228438975e-05
-7.702636718750000000e-01 -1.163299820033567204e-05
-7.458496093750000000e-01 -8.447772502624713292e-06
-7.214355468750000000e-01 -6.924403690675994738e-06
-6.970214843750000000e-01 -5.401034878727276184e-06
-6.726074218750000000e-01 -4.985570657286716347e-06
-6.481933593750000000e-01 -3.462201845337997793e-06
-6.237792968750000000e-01 -2.631273402456878119e-06
-5.993652343750000000e-01 -1.523368811948718766e-06
-5.749511718750000000e-01 -2.769761476270396794e-07
-5.505371093750000000e-01 -6.924403690675993044e-07
-5.261230468750000000e-01 -6.924403690675993044e-07
-5.017089843750000000e-01 -4.154642214405596250e-07
-4.772949218750000000e-01 0.000000000000000000e+00
-4.528808593750000000e-01 -5.293955920339377119e-23
-4.284667968750000000e-01 0.000000000000000000e+00
-4.040527343750000000e-01 9.694165166946391956e-07
-3.796386718750000000e-01 5.539522952540794647e-07
-3.552246093750000000e-01 -1.384880738135198926e-07
-3.308105468750000000e-01 -1.661856885762238712e-06
-3.063964843750000000e-01 -1.107904590508159141e-06
-2.819824218750000000e-01 -1.384880738135199032e-06
-2.575683593750000000e-01 -2.769761476270397853e-07
-2.331542968750000000e-01 0.000000000000000000e+00
-2.087402343750000000e-01 -1.384880738135198926e-07
-1.843261718750000000e-01 -4.154642214405596779e-07
-1.599121093750000000e-01 -1.384880738135198926e-07
-1.354980468750000000e-01 1.384880738135198926e-07
-1.110839843750000000e-01 -1.384880738135198926e-07
-8.666992187500000000e-02 -6.924403690675995162e-07
-6.225585937500000000e-02 -1.800344959575758446e-06
-3.784179687500000000e-02 -8.309284428811194617e-07
-1.342773437500000000e-02 -5.539522952540795706e-07
