1.098632812500000000e-02 -1.938833033389278391e-06
-1.342773437500000000e-02 -2.077321107202798337e-06
-3.784179687500000000e-02 -1.246392664321679087e-06
-6.225585937500000000e-02 -6.924403690675995162e-07
-8.666992187500000000e-02 -1.384880738135198926e-07
-1.110839843750000000e-01 5.539522952540795706e-07
-1.354980468750000000e-01 4.154642214405596779e-07
-1.599121093750000000e-01 2.769761476270397853e-07
-1.843261718750000000e-01 4.154642214405596779e-07
-2.087402343750000000e-01 6.924403690675995162e-07
-2.331542968750000000e-01 9.694165166946391956e-07
-2.575683593750000000e-01 1.384880738135199456e-07
-2.819824218750000000e-01 -2.769761476270397853e-07
-3.063964843750000000e-01 -6.924403690675995162e-07
-3.308105468750000000e-01 -1.107904590508159141e-06
-3.552246093750000000e-01 -1.107904590508159141e-06
-3.796386718750000000e-01 -2.077321107202798337e-06
-4.040527343750000000e-01 -8.309284428811193559e-07
-4.284667968750000000e-01 -5.539522952540795706e-07
-4.528808593750000000e-01 0.000000000000000000e+00
-4.772949218750000000e-01 -2.769761476270397853e-07
-5.017089843750000000e-01 -9.694165166946391956e-07
-5.261230468750000000e-01 -8.309284428811194617e-07
-5.505371093750000000e-01 -5.539522952540796764e-07
-5.749511718750000000e-01 4.154642214405596779e-07
-5.993652343750000000e-01 2.769761476270397853e-07
-6.237792968750000000e-01 5.539522952540795706e-07
-6.481933593750000000e-01 0.000000000000000000e+00
-6.726074218750000000e-01 -2.769761476270397853e-07
-6.970214843750000000e-01 -8.309284428811193559e-07
-7.214355468750000000e-01 -1.107904590508159141e-06
-7.458496093750000000e-01 -6.924403690675995162e-07
-7.702636718750000000e-01 -1.523368811948718978e-06
-7.946777343750000000e-01 -9.694165166946391956e-07
-8.190917968750000000e-01 -1.523368811948718978e-06
-8.435058593750000000e-01 -1.661856885762238712e-06
-8.679199218750000000e-01 -2.769761476270398065e-06
-8.923339843750000000e-01 -4.570106435846156510e-06
-9.167480468750000000e-01 -4.431618362032636565e-06
-9.411621093750000000e-01 -4.154642214405596673e-06
-9.655761718750000000e-01 -4.431618362032636565e-06
-9.899902343750000000e-01 -4.847082583473196401e-06
-1.014404296875000000e+00 -6.370451395421914956e-06
-1.038818359375000000e+00 -6.231963321608395857e-06
-1.063232421875000000e+00 -6.924403690675994738e-06
-1.087646484375000000e+00 -6.647427543048954847e-06
-1.112060546875000000e+00 -6.785915616862474792e-06
-1.136474609375000000e+00 -8.447772502624713292e-06
-1.160888671875000000e+00 -9.140212871692313020e-06
-1.185302734375000000e+00 -9.971141314573432694e-06
-1.209716796875000000e+00 -1.052509360982751248e-05
-1.234130859375000000e+00 -1.218695049558975013e-05
-1.258544921875000000e+00 -1.301787893847086980e-05
-1.282958984375000000e+00 -1.315636701228438975e-05
-1.307373046875000000e+00 -1.440275967660606926e-05
-1.331787109375000000e+00 -1.551066426711422713e-05
-1.356201171875000000e+00 -1.675705693143590664e-05
-1.380615234375000000e+00 -1.675705693143590664e-05
-1.405029296875000000e+00 -1.855740189101166593e-05
-1.429443359375000000e+00 -2.105018721965502495e-05
-1.453857421875000000e+00 -2.215809181016318113e-05
-1.478271484375000000e+00 -2.368146062211190053e-05
-1.502685546875000000e+00 -2.506634136024709999e-05
-1.527099609375000000e+00 -2.852854320558509863e-05
-1.551513671875000000e+00 -3.019040009134733797e-05
-1.575927734375000000e+00 -2.908249550083917841e-05
-1.600341796875000000e+00 -2.991342394372029808e-05
-1.624755859375000000e+00 -2.922098357465269835e-05
-1.649169921875000000e+00 -3.226772119855013377e-05
-1.673583984375000000e+00 -4.251583866075060974e-05
-1.697998046875000000e+00 -6.439695432328674759e-05
-1.722412109375000000e+00 -8.738597457633105856e-05
-1.746826171875000000e+00 -1.044200076553939983e-04
-1.771240234375000000e+00 -1.160530058557296737e-04
-1.795654296875000000e+00 -1.299018132370816547e-04
-1.820068359375000000e+00 -1.452739894303823687e-04
-1.844482421875000000e+00 -1.621695344356318021e-04
-1.868896484375000000e+00 -1.818348409171516343e-04
-1.893310546875000000e+00 -1.991458501438416004e-04
-1.917724609375000000e+00 -2.153489547800234341e-04
-1.942138671875000000e+00 -2.311365951947647079e-04
-1.966552734375000000e+00 -2.472012117571330487e-04
-1.990966796875000000e+00 -2.628503640980607483e-04
-2.015380859375000000e+00 -2.748988265198370378e-04
-2.039794921875000000e+00 -2.894400742702565778e-04
-2.064208984375000000e+00 -3.043967862421167320e-04
-2.088623046875000000e+00 -3.210153550997391254e-04
-2.113037109375000000e+00 -3.370799716621074391e-04
-2.137451171875000000e+00 -3.524521478554080989e-04
-2.161865234375000000e+00 -3.669933956058276932e-04
-2.186279296875000000e+00 -3.804267387657391279e-04
-2.210693359375000000e+00 -3.942755461470911224e-04
-2.235107421875000000e+00 -4.088167938975107167e-04
-2.259521484375000000e+00 -4.219731609097951116e-04
-2.283935546875000000e+00 -4.376223132507228654e-04
-2.308349609375000000e+00 -4.528560013702100594e-04
-2.332763671875000000e+00 -4.709979390397811723e-04
-2.357177734375000000e+00 -4.855391867902007666e-04
-2.381591796875000000e+00 -4.971721849905364962e-04
-2.381591796875000000e+00 -5.014653152787555603e-04
-2.357177734375000000e+00 -4.985570657286715873e-04
-2.332763671875000000e+00 -4.894168528569793793e-04
-2.308349609375000000e+00 -4.769529262137625300e-04
-2.283935546875000000e+00 -4.662893445301214941e-04
-2.259521484375000000e+00 -4.574261078060562176e-04
-2.235107421875000000e+00 -4.498092637463126206e-04
-2.210693359375000000e+00 -4.401150985793662244e-04
-2.186279296875000000e+00 -4.315288380029279878e-04
-2.161865234375000000e+00 -4.225271132050491913e-04
-2.137451171875000000e+00 -4.125559718904757553e-04
-2.113037109375000000e+00 -4.017539021330211995e-04
-2.088623046875000000e+00 -3.920597369660748033e-04
-2.064208984375000000e+00 -3.827810360205689670e-04
-2.039794921875000000e+00 -3.719789662631144112e-04
-2.015380859375000000e+00 -3.614538726532868953e-04
-1.990966796875000000e+00 -3.521751717077811132e-04
-1.966552734375000000e+00 -3.437273992051563965e-04
-1.942138671875000000e+00 -3.351411386287181599e-04
-1.917724609375000000e+00 -3.251699973141447238e-04
-1.893310546875000000e+00 -3.154758321471983276e-04
-1.868896484375000000e+00 -3.061971312016924913e-04
-1.844482421875000000e+00 -2.981648229205083344e-04
-1.820068359375000000e+00 -2.890246100488160180e-04
-1.795654296875000000e+00 -2.794689329556831418e-04
-1.771240234375000000e+00 -2.704672081578043995e-04
-1.746826171875000000e+00 -2.611885072122985089e-04
-1.722412109375000000e+00 -2.513558539715386470e-04
-1.697998046875000000e+00 -2.423541291736598235e-04
-1.673583984375000000e+00 -2.350142612615432663e-04
-1.649169921875000000e+00 -2.268434649065455895e-04
-1.624755859375000000e+00 -2.168723235919721535e-04
-1.600341796875000000e+00 -2.092554795322285565e-04
-1.575927734375000000e+00 -2.015001473986714395e-04
-1.551513671875000000e+00 -1.944372556341819223e-04
-1.527099609375000000e+00 -1.846046023934220061e-04
-1.502685546875000000e+00 -1.769877583336784091e-04
-1.478271484375000000e+00 -1.689554500524942794e-04
-1.453857421875000000e+00 -1.609231417713101226e-04
-1.429443359375000000e+00 -1.520599050472448460e-04
-1.405029296875000000e+00 -1.445815490613147690e-04
-1.380615234375000000e+00 -1.375186572968252518e-04
-1.356201171875000000e+00 -1.307327416799627744e-04
-1.331787109375000000e+00 -1.232543856940326974e-04
-1.307373046875000000e+00 -1.164684700771702336e-04
-1.282958984375000000e+00 -1.098210425341212762e-04
-1.258544921875000000e+00 -1.042815195815804784e-04
-1.234130859375000000e+00 -9.777258011234504092e-05
-1.209716796875000000e+00 -9.195608101217720321e-05
-1.185302734375000000e+00 -8.489318924768769954e-05
-1.160888671875000000e+00 -7.852273785226578204e-05
-1.136474609375000000e+00 -7.173682223540330471e-05
-1.112060546875000000e+00 -6.675125157811658667e-05
-1.087646484375000000e+00 -6.162719284701634868e-05
-1.063232421875000000e+00 -5.774952678023779698e-05
-1.038818359375000000e+00 -5.179453960625643932e-05
-1.014404296875000000e+00 -4.805536161329140079e-05
-9.899902343750000000e-01 -4.376223132507228925e-05
-9.655761718750000000e-01 -4.016154140592077067e-05
-9.411621093750000000e-01 -3.559143497007461246e-05
-9.167480468750000000e-01 -3.060586431278789442e-05
-8.923339843750000000e-01 -2.617424595075525955e-05
-8.679199218750000000e-01 -2.312750832685782075e-05
-8.435058593750000000e-01 -1.938833033389278561e-05
-8.190917968750000000e-01 -1.689554500524942658e-05
-7.946777343750000000e-01 -1.412578352897902937e-05
-7.702636718750000000e-01 -1.204846242177623188e-05
-7.458496093750000000e-01 -9.555677093132872857e-06
-7.214355468750000000e-01 -6.924403690675994738e-06
-6.970214843750000000e-01 -5.262546804913756238e-06
-6.726074218750000000e-01 -4.708594509659676456e-06
-6.481933593750000000e-01 -2.492785328643358173e-06
-6.237792968750000000e-01 -1.384880738135198821e-06
-5.993652343750000000e-01 0.000000000000000000e+00
-5.749511718750000000e-01 -8.309284428811194617e-07
-5.505371093750000000e-01 -1.523368811948718978e-06
-5.261230468750000000e-01 -1.523368811948718978e-06
-5.017089843750000000e-01 -5.539522952540796764e-07
-4.772949218750000000e-01 4.154642214405596779e-07
-4.528808593750000000e-01 -1.384880738135199456e-07
-4.284667968750000000e-01 -1.384880738135199456e-07
-4.040527343750000000e-01 -5.293955920339377119e-23
-3.796386718750000000e-01 2.769761476270398382e-07
-3.552246093750000000e-01 8.309284428811193559e-07
-3.308105468750000000e-01 4.154642214405596779e-07
-3.063964843750000000e-01 4.154642214405596779e-07
-2.819824218750000000e-01 -1.107904590508159141e-06
-2.575683593750000000e-01 -1.523368811948718766e-06
-2.331542968750000000e-01 -2.354297254829838228e-06
-2.087402343750000000e-01 -1.661856885762238712e-06
-1.843261718750000000e-01 -1.384880738135199032e-06
-1.599121093750000000e-01 0.000000000000000000e+00
-1.354980468750000000e-01 5.539522952540795706e-07
-1.110839843750000000e-01 1.246392664321679087e-06
-8.666992187500000000e-02 1.246392664321679087e-06
-6.225585937500000000e-02 1.107904590508159141e-06
-3.784179687500000000e-02 5.539522952540795706e-07
-1.342773437500000000e-02 4.154642214405596779e-07
