1.098632812500000000e-02 9.694165166946391956e-07
-1.342773437500000000e-02 1.246392664321679087e-06
-3.784179687500000000e-02 8.309284428811193559e-07
-6.225585937500000000e-02 -2.769761476270397853e-07
-8.666992187500000000e-02 -1.246392664321679087e-06
-1.110839843750000000e-01 -1.246392664321679087e-06
-1.354980468750000000e-01 -1.384880738135198821e-06
-1.599121093750000000e-01 -2.769761476270398382e-07
-1.843261718750000000e-01 1.384880738135198926e-07
-2.087402343750000000e-01 5.539522952540795706e-07
-2.331542968750000000e-01 -1.384880738135198926e-07
-2.575683593750000000e-01 -1.384880738135198926e-07
-2.819824218750000000e-01 -2.769761476270397853e-07
-3.063964843750000000e-01 2.769761476270397853e-07
-3.308105468750000000e-01 2.769761476270397853e-07
-3.552246093750000000e-01 -1.384880738135198926e-07
-3.796386718750000000e-01 -1.384880738135198926e-07
-4.040527343750000000e-01 -4.154642214405596779e-07
-4.284667968750000000e-01 -6.924403690675995162e-07
-4.528808593750000000e-01 -6.924403690675994103e-07
-4.772949218750000000e-01 1.384880738135199456e-07
-5.017089843750000000e-01 5.539522952540795706e-07
-5.261230468750000000e-01 -4.154642214405596779e-07
-5.505371093750000000e-01 -8.309284428811193559e-07
-5.749511718750000000e-01 -2.769761476270398382e-07
-5.993652343750000000e-01 5.539522952540795706e-07
-6.237792968750000000e-01 -4.154642214405597309e-07
-6.481933593750000000e-01 -6.924403690675995162e-07
-6.726074218750000000e-01 -4.154642214405597838e-07
-6.970214843750000000e-01 1.107904590508159141e-06
-7.214355468750000000e-01 9.694165166946391956e-07
-7.458496093750000000e-01 5.539522952540795706e-07
-7.702636718750000000e-01 -1.523368811948718978e-06
-7.946777343750000000e-01 -1.800344959575758657e-06
-8.190917968750000000e-01 -1.800344959575758657e-06
-8.435058593750000000e-01 -8.309284428811193559e-07
-8.679199218750000000e-01 -8.309284428811193559e-07
-8.923339843750000000e-01 -1.384880738135199032e-06
-9.167480468750000000e-01 -1.523368811948718766e-06
-9.411621093750000000e-01 -1.938833033389278391e-06
-9.655761718750000000e-01 -1.800344959575758446e-06
-9.899902343750000000e-01 -1.938833033389278391e-06
-1.014404296875000000e+00 -2.492785328643358173e-06
-1.038818359375000000e+00 -2.908249550083917587e-06
-1.063232421875000000e+00 -4.016154140592076728e-06
-1.087646484375000000e+00 -4.016154140592076728e-06
-1.112060546875000000e+00 -5.954987173981355966e-06
-1.136474609375000000e+00 -6.370451395421914956e-06
-1.160888671875000000e+00 -6.231963321608395857e-06
-1.185302734375000000e+00 -5.678011026354316075e-06
-1.209716796875000000e+00 -4.985570657286716347e-06
-1.234130859375000000e+00 -6.370451395421915803e-06
-1.258544921875000000e+00 -5.401034878727276184e-06
-1.282958984375000000e+00 -6.508939469235434901e-06
-1.307373046875000000e+00 -7.478355985930074520e-06
-1.331787109375000000e+00 -9.140212871692313020e-06
-1.356201171875000000e+00 -1.094055783126807231e-05
-1.380615234375000000e+00 -1.177148627414919199e-05
-1.405029296875000000e+00 -1.287939086465734986e-05
-1.429443359375000000e+00 -1.260241471703030997e-05
-1.453857421875000000e+00 -1.204846242177623018e-05
-1.478271484375000000e+00 -1.287939086465734986e-05
-1.502685546875000000e+00 -1.440275967660606926e-05
-1.527099609375000000e+00 -1.578764041474126702e-05
-1.551513671875000000e+00 -1.841891381719814599e-05
-1.575927734375000000e+00 -2.008077070296038533e-05
-1.600341796875000000e+00 -2.381994869592542386e-05
-1.624755859375000000e+00 -2.451238906499302020e-05
-1.649169921875000000e+00 -2.562029365550117977e-05
-1.673583984375000000e+00 -2.589726980312821966e-05
-1.697998046875000000e+00 -2.686668631982285928e-05
-1.722412109375000000e+00 -2.866703127939861857e-05
-1.746826171875000000e+00 -2.963644779609325819e-05
-1.771240234375000000e+00 -3.171376890329605399e-05
-1.795654296875000000e+00 -3.365260193668533322e-05
-1.820068359375000000e+00 -3.711480378202333186e-05
-1.844482421875000000e+00 -4.016154140592077067e-05
-1.868896484375000000e+00 -7.215228645684386454e-05
-1.893310546875000000e+00 -1.171609104462378333e-04
-1.917724609375000000e+00 -1.677090573881725999e-04
-1.942138671875000000e+00 -1.948527198556224821e-04
-1.966552734375000000e+00 -2.208884777325642319e-04
-1.990966796875000000e+00 -2.452623787237437694e-04
-2.015380859375000000e+00 -2.715751127483125049e-04
-2.039794921875000000e+00 -2.911019311560188172e-04
-2.064208984375000000e+00 -3.093823568994034500e-04
-2.088623046875000000e+00 -3.251699973141447238e-04
-2.113037109375000000e+00 -3.383263643264291186e-04
-2.137451171875000000e+00 -3.548064451102379922e-04
-2.161865234375000000e+00 -3.692092047868440123e-04
-2.186279296875000000e+00 -3.855507974968393659e-04
-2.210693359375000000e+00 -3.982917002876832009e-04
-2.235107421875000000e+00 -4.153257333667461542e-04
-2.259521484375000000e+00 -4.297284930433522285e-04
-2.283935546875000000e+00 -4.462085738271611020e-04
-2.308349609375000000e+00 -4.606113335037671764e-04
-2.332763671875000000e+00 -4.751525812541867707e-04
-2.357177734375000000e+00 -4.912171978165550843e-04
-2.381591796875000000e+00 -5.017422914263826002e-04
-2.381591796875000000e+00 -5.046505409764664649e-04
-2.357177734375000000e+00 -4.978646253596040417e-04
-2.332763671875000000e+00 -4.865086033068954062e-04
-2.308349609375000000e+00 -4.761219977708814103e-04
-2.283935546875000000e+00 -4.664278326039350141e-04
-2.259521484375000000e+00 -4.578415720274967775e-04
-2.235107421875000000e+00 -4.477319426391098214e-04
-2.210693359375000000e+00 -4.362374325125876660e-04
-2.186279296875000000e+00 -4.252968746813195903e-04
-2.161865234375000000e+00 -4.172645664001354334e-04
-2.137451171875000000e+00 -4.093707461927647965e-04
-2.113037109375000000e+00 -3.988456525829372806e-04
-2.088623046875000000e+00 -3.876281186040421651e-04
-2.064208984375000000e+00 -3.777954653632822489e-04
-2.039794921875000000e+00 -3.697631570820980921e-04
-2.015380859375000000e+00 -3.604844561365922557e-04
-1.990966796875000000e+00 -3.509287790434594337e-04
-1.966552734375000000e+00 -3.415115900241400774e-04
-1.942138671875000000e+00 -3.327868413738883208e-04
-1.917724609375000000e+00 -3.226772119855013648e-04
-1.893310546875000000e+00 -3.133985110399955284e-04
-1.868896484375000000e+00 -3.043967862421167320e-04
-1.844482421875000000e+00 -2.945641330013568158e-04
-1.820068359375000000e+00 -2.848699678344104739e-04
-1.795654296875000000e+00 -2.747603384460234636e-04
-1.771240234375000000e+00 -2.671434943862799208e-04
-1.746826171875000000e+00 -2.591111861050957640e-04
-1.722412109375000000e+00 -2.495555090119628335e-04
-1.697998046875000000e+00 -2.406922722878975841e-04
-1.673583984375000000e+00 -2.316905474900187876e-04
-1.649169921875000000e+00 -2.240737034302751906e-04
-1.624755859375000000e+00 -2.142410501895152745e-04
-1.600341796875000000e+00 -2.064857180559581575e-04
-1.575927734375000000e+00 -1.990073620700280805e-04
-1.551513671875000000e+00 -1.924984226007926430e-04
-1.527099609375000000e+00 -1.833582097291003266e-04
-1.502685546875000000e+00 -1.747719491526620900e-04
-1.478271484375000000e+00 -1.670166170191050002e-04
-1.453857421875000000e+00 -1.606461656236830827e-04
-1.429443359375000000e+00 -1.524753692686854059e-04
-1.405029296875000000e+00 -1.440275967660606892e-04
-1.380615234375000000e+00 -1.357183123372494925e-04
-1.356201171875000000e+00 -1.289323967203870151e-04
-1.331787109375000000e+00 -1.224234572511515777e-04
-1.307373046875000000e+00 -1.166069581509837535e-04
-1.282958984375000000e+00 -1.106519709770023959e-04
-1.258544921875000000e+00 -1.033121030648858387e-04
-1.234130859375000000e+00 -9.527979478370168190e-05
-1.209716796875000000e+00 -8.946329568353384419e-05
-1.185302734375000000e+00 -8.461621310006065965e-05
-1.160888671875000000e+00 -7.852273785226578204e-05
-1.136474609375000000e+00 -7.132135801396274487e-05
-1.112060546875000000e+00 -6.564334698760842710e-05
-1.087646484375000000e+00 -6.107324055176226890e-05
-1.063232421875000000e+00 -5.608766989447555763e-05
-1.038818359375000000e+00 -4.985570657286716008e-05
-1.014404296875000000e+00 -4.556257628464804177e-05
-9.899902343750000000e-01 -4.085398177498837039e-05
-9.655761718750000000e-01 -3.849968452015853132e-05
-9.411621093750000000e-01 -3.434504230575293295e-05
-9.167480468750000000e-01 -3.143679275566901409e-05
-8.923339843750000000e-01 -2.742063861507693906e-05
-8.679199218750000000e-01 -2.354297254829838058e-05
-8.435058593750000000e-01 -2.035774685058742522e-05
-8.190917968750000000e-01 -1.675705693143590664e-05
-7.946777343750000000e-01 -1.426427160279254931e-05
-7.702636718750000000e-01 -1.038660553601399253e-05
-7.458496093750000000e-01 -8.032308281184153456e-06
-7.214355468750000000e-01 -5.262546804913756238e-06
-6.970214843750000000e-01 -4.985570657286716347e-06
-6.726074218750000000e-01 -4.016154140592076728e-06
-6.481933593750000000e-01 -4.016154140592076728e-06
-6.237792968750000000e-01 -2.769761476270398065e-06
-5.993652343750000000e-01 -1.661856885762238712e-06
-5.749511718750000000e-01 -1.246392664321679087e-06
-5.505371093750000000e-01 -1.246392664321679087e-06
-5.261230468750000000e-01 -1.523368811948718978e-06
-5.017089843750000000e-01 -4.154642214405596779e-07
-4.772949218750000000e-01 8.309284428811194617e-07
-4.528808593750000000e-01 6.924403690675995162e-07
-4.284667968750000000e-01 1.384880738135199456e-07
-4.040527343750000000e-01 -5.539522952540795706e-07
-3.796386718750000000e-01 -5.539522952540795706e-07
-3.552246093750000000e-01 -2.769761476270397853e-07
-3.308105468750000000e-01 4.154642214405597309e-07
-3.063964843750000000e-01 5.539522952540796764e-07
-2.819824218750000000e-01 5.293955920339377119e-23
-2.575683593750000000e-01 -9.694165166946391956e-07
-2.331542968750000000e-01 -1.661856885762238712e-06
-2.087402343750000000e-01 -8.309284428811194617e-07
-1.843261718750000000e-01 1.384880738135199456e-07
-1.599121093750000000e-01 6.924403690675995162e-07
-1.354980468750000000e-01 -1.384880738135198397e-07
-1.110839843750000000e-01 -1.384880738135199032e-06
-8.666992187500000000e-02 -9.694165166946391956e-07
-6.225585937500000000e-02 -6.924403690675995162e-07
-3.784179687500000000e-02 2.769761476270397853e-07
-1.342773437500000000e-02 2.769761476270397853e-07
