1.098632812500000000e-02 0.000000000000000000e+00
-1.342773437500000000e-02 -2.769761476270397853e-07
-3.784179687500000000e-02 -4.154642214405596779e-07
-6.225585937500000000e-02 -9.694165166946391956e-07
-8.666992187500000000e-02 -2.769761476270398382e-07
-1.110839843750000000e-01 2.769761476270397853e-07
-1.354980468750000000e-01 8.309284428811193559e-07
-1.599121093750000000e-01 4.154642214405596779e-07
-1.843261718750000000e-01 5.539522952540795706e-07
-2.087402343750000000e-01 1.246392664321679087e-06
-2.331542968750000000e-01 6.924403690675995162e-07
-2.575683593750000000e-01 2.769761476270397323e-07
-2.819824218750000000e-01 -6.924403690675995162e-07
-3.063964843750000000e-01 -1.384880738135198926e-07
-3.308105468750000000e-01 -5.539522952540795706e-07
-3.552246093750000000e-01 -5.539522952540795706e-07
-3.796386718750000000e-01 -1.384880738135198926e-07
-4.040527343750000000e-01 -2.769761476270398382e-07
-4.284667968750000000e-01 -4.154642214405597309e-07
-4.528808593750000000e-01 -6.924403690675995162e-07
-4.772949218750000000e-01 -4.154642214405596779e-07
-5.017089843750000000e-01 -1.384880738135198926e-07
-5.261230468750000000e-01 -4.154642214405596779e-07
-5.505371093750000000e-01 4.154642214405596779e-07
-5.749511718750000000e-01 1.384880738135198926e-07
-5.993652343750000000e-01 -9.694165166946391956e-07
-6.237792968750000000e-01 -1.661856885762238923e-06
-6.481933593750000000e-01 -1.384880738135199032e-06
-6.726074218750000000e-01 2.769761476270397853e-07
-6.970214843750000000e-01 -1.384880738135199456e-07
-7.214355468750000000e-01 -6.924403690675995162e-07
-7.458496093750000000e-01 -1.384880738135199032e-06
-7.702636718750000000e-01 -1.107904590508159141e-06
-7.946777343750000000e-01 -6.924403690675995162e-07
-8.190917968750000000e-01 -8.309284428811193559e-07
-8.435058593750000000e-01 -1.246392664321679087e-06
-8.679199218750000000e-01 -2.215809181016318282e-06
-8.923339843750000000e-01 -2.492785328643358173e-06
-9.167480468750000000e-01 -2.492785328643358173e-06
-9.411621093750000000e-01 -2.215809181016318282e-06
-9.655761718750000000e-01 -2.354297254829838228e-06
-9.899902343750000000e-01 -2.769761476270398065e-06
-1.014404296875000000e+00 -3.462201845337997369e-06
-1.038818359375000000e+00 -3.739177992965037260e-06
-1.063232421875000000e+00 -3.462201845337997369e-06
-1.087646484375000000e+00 -3.046737623897437532e-06
-1.112060546875000000e+00 -3.185225697710957478e-06
-1.136474609375000000e+00 -4.016154140592076728e-06
-1.160888671875000000e+00 -5.262546804913756238e-06
-1.185302734375000000e+00 -6.508939469235434901e-06
-1.209716796875000000e+00 -7.755332133557113564e-06
-1.234130859375000000e+00 -7.062891764489514684e-06
-1.258544921875000000e+00 -6.647427543048954847e-06
-1.282958984375000000e+00 -5.539522952540795282e-06
-1.307373046875000000e+00 -6.093475247794875065e-06
-1.331787109375000000e+00 -6.924403690675994738e-06
-1.356201171875000000e+00 -8.170796354997673401e-06
-1.380615234375000000e+00 -9.555677093132872857e-06
-1.405029296875000000e+00 -1.024811746220047258e-05
-1.429443359375000000e+00 -1.038660553601399253e-05
-1.453857421875000000e+00 -1.149451012652215210e-05
-1.478271484375000000e+00 -1.260241471703030997e-05
-1.502685546875000000e+00 -1.495671197186014904e-05
-1.527099609375000000e+00 -1.578764041474126702e-05
-1.551513671875000000e+00 -1.772647344813054626e-05
-1.575927734375000000e+00 -1.883437803863870582e-05
-1.600341796875000000e+00 -2.077321107202798506e-05
-1.624755859375000000e+00 -1.980379455533334544e-05
-1.649169921875000000e+00 -2.021925877677390528e-05
-1.673583984375000000e+00 -1.994228262914686539e-05
-1.697998046875000000e+00 -2.063472299821446512e-05
-1.722412109375000000e+00 -2.091169914584150501e-05
-1.746826171875000000e+00 -2.437390099117950365e-05
-1.771240234375000000e+00 -2.866703127939861857e-05
-1.795654296875000000e+00 -3.226772119855013377e-05
-1.820068359375000000e+00 -3.531445882244757257e-05
-1.844482421875000000e+00 -4.057700562736133050e-05
-1.868896484375000000e+00 -4.888629005617252046e-05
-1.893310546875000000e+00 -9.057120027404201731e-05
-1.917724609375000000e+00 -1.452739894303823687e-04
-1.942138671875000000e+00 -2.073166464988392772e-04
-1.966552734375000000e+00 -2.361221658520514259e-04
-1.990966796875000000e+00 -2.546795677430631257e-04
-2.015380859375000000e+00 -2.683898870506015461e-04
-2.039794921875000000e+00 -2.844545036129698598e-04
-2.064208984375000000e+00 -3.013500486182192932e-04
-2.088623046875000000e+00 -3.172761771067740869e-04
-2.113037109375000000e+00 -3.329253294477018408e-04
-2.137451171875000000e+00 -3.474665771981214350e-04
-2.161865234375000000e+00 -3.606229442104058299e-04
-2.186279296875000000e+00 -3.757181442560794497e-04
-2.210693359375000000e+00 -3.917827608184477634e-04
-2.235107421875000000e+00 -4.113095792261540757e-04
-2.259521484375000000e+00 -4.270972196408953495e-04
-2.283935546875000000e+00 -4.427463719818231034e-04
-2.308349609375000000e+00 -4.570106435846156578e-04
-2.332763671875000000e+00 -4.740446766636786111e-04
-2.357177734375000000e+00 -4.895553409307928450e-04
-2.357177734375000000e+00 -4.973106730643499620e-04
-2.332763671875000000e+00 -4.957873042524011883e-04
-2.308349609375000000e+00 -4.859546510116413264e-04
-2.283935546875000000e+00 -4.755680454756273305e-04
-2.259521484375000000e+00 -4.667048087515620540e-04
-2.235107421875000000e+00 -4.571491316584291777e-04
-2.210693359375000000e+00 -4.457931096057205422e-04
-2.186279296875000000e+00 -4.354065040697065463e-04
-2.161865234375000000e+00 -4.259893150503871900e-04
-2.137451171875000000e+00 -4.171260783263219135e-04
-2.113037109375000000e+00 -4.067394727903079175e-04
-2.088623046875000000e+00 -3.971837956971750413e-04
-2.064208984375000000e+00 -3.881820708992962448e-04
-2.039794921875000000e+00 -3.787648818799768885e-04
-2.015380859375000000e+00 -3.693476928606575322e-04
-1.990966796875000000e+00 -3.607614322842192956e-04
-1.966552734375000000e+00 -3.523136597815946331e-04
-1.942138671875000000e+00 -3.426194946146482369e-04
-1.917724609375000000e+00 -3.318174248571936812e-04
-1.893310546875000000e+00 -3.222617477640608049e-04
-1.868896484375000000e+00 -3.140909514090631282e-04
-1.844482421875000000e+00 -3.059201550540654514e-04
-1.820068359375000000e+00 -2.965029660347460951e-04
-1.795654296875000000e+00 -2.880551935321213784e-04
-1.771240234375000000e+00 -2.800228852509372215e-04
-1.746826171875000000e+00 -2.704672081578043995e-04
-1.722412109375000000e+00 -2.598036264741633095e-04
-1.697998046875000000e+00 -2.514943420453521128e-04
-1.673583984375000000e+00 -2.438774979856085429e-04
-1.649169921875000000e+00 -2.361221658520514259e-04
-1.624755859375000000e+00 -2.265664887589185497e-04
-1.600341796875000000e+00 -2.181187162562938330e-04
-1.575927734375000000e+00 -2.098094318274826362e-04
-1.551513671875000000e+00 -2.016386354724849595e-04
-1.527099609375000000e+00 -1.941602794865548824e-04
-1.502685546875000000e+00 -1.868204115744383253e-04
-1.478271484375000000e+00 -1.796190317361352881e-04
-1.453857421875000000e+00 -1.706173069382565187e-04
-1.429443359375000000e+00 -1.620310463618182821e-04
-1.405029296875000000e+00 -1.534447857853800455e-04
-1.380615234375000000e+00 -1.461049178732634884e-04
-1.356201171875000000e+00 -1.387650499611469313e-04
-1.331787109375000000e+00 -1.312866939752168542e-04
-1.307373046875000000e+00 -1.245007783583543769e-04
-1.282958984375000000e+00 -1.178533508153054330e-04
-1.258544921875000000e+00 -1.118983636413240754e-04
-1.234130859375000000e+00 -1.044200076553939983e-04
-1.209716796875000000e+00 -9.888048470285320049e-05
-1.185302734375000000e+00 -9.181759293836368326e-05
-1.160888671875000000e+00 -8.669353420726344528e-05
-1.136474609375000000e+00 -7.921517822133338177e-05
-1.112060546875000000e+00 -7.395263141641962384e-05
-1.087646484375000000e+00 -6.785915616862474623e-05
-1.063232421875000000e+00 -6.245812128989746835e-05
-1.038818359375000000e+00 -5.650313411591611747e-05
-1.014404296875000000e+00 -5.137907538481587948e-05
-9.899902343750000000e-01 -4.694745702278324122e-05
-9.655761718750000000e-01 -4.334676710363172264e-05
-9.411621093750000000e-01 -3.836119644634501137e-05
-9.167480468750000000e-01 -3.379109001049885317e-05
-8.923339843750000000e-01 -2.894400742702565846e-05
-8.679199218750000000e-01 -2.548180558168765982e-05
-8.435058593750000000e-01 -2.146565144109558479e-05
-8.190917968750000000e-01 -1.717252115287646648e-05
-7.946777343750000000e-01 -1.440275967660606926e-05
-7.702636718750000000e-01 -1.177148627414919029e-05
-7.458496093750000000e-01 -9.555677093132872857e-06
-7.214355468750000000e-01 -6.370451395421915803e-06
-6.970214843750000000e-01 -4.431618362032636565e-06
-6.726074218750000000e-01 -2.908249550083918010e-06
-6.481933593750000000e-01 -2.354297254829838228e-06
-6.237792968750000000e-01 -1.523368811948718978e-06
-5.993652343750000000e-01 -6.924403690675994103e-07
-5.749511718750000000e-01 -1.384880738135198926e-07
-5.505371093750000000e-01 -4.154642214405596779e-07
-5.261230468750000000e-01 -8.309284428811194617e-07
-5.017089843750000000e-01 -1.246392664321679087e-06
-4.772949218750000000e-01 -4.154642214405597309e-07
-4.528808593750000000e-01 -1.384880738135198926e-07
-4.284667968750000000e-01 1.384880738135198926e-07
-4.040527343750000000e-01 -5.539522952540795706e-07
-3.796386718750000000e-01 -8.309284428811194617e-07
-3.552246093750000000e-01 -8.309284428811193559e-07
-3.308105468750000000e-01 -2.769761476270397853e-07
-3.063964843750000000e-01 0.000000000000000000e+00
-2.819824218750000000e-01 9.694165166946391956e-07
-2.575683593750000000e-01 6.924403690675995162e-07
-2.331542968750000000e-01 2.769761476270397853e-07
-2.087402343750000000e-01 -4.154642214405596779e-07
-1.843261718750000000e-01 0.000000000000000000e+00
-1.599121093750000000e-01 -6.924403690675994103e-07
-1.354980468750000000e-01 -1.384880738135199032e-06
-1.110839843750000000e-01 -9.694165166946391956e-07
-8.666992187500000000e-02 0.000000000000000000e+00
-6.225585937500000000e-02 9.694165166946391956e-07
-3.784179687500000000e-02 4.154642214405596779e-07
-1.342773437500000000e-02 4.154642214405596779e-07
