1.098632812500000000e-02 -2.769761476270397853e-07
-1.342773437500000000e-02 -1.384880738135198926e-07
-3.784179687500000000e-02 1.384880738135198926e-07
-6.225585937500000000e-02 4.154642214405596779e-07
-8.666992187500000000e-02 6.924403690675995162e-07
-1.110839843750000000e-01 6.924403690675995162e-07
-1.354980468750000000e-01 -1.384880738135198926e-07
-1.599121093750000000e-01 -1.246392664321679087e-06
-1.843261718750000000e-01 -8.309284428811193559e-07
-2.087402343750000000e-01 -4.154642214405597309e-07
-2.331542968750000000e-01 2.769761476270397853e-07
-2.575683593750000000e-01 6.924403690675995162e-07
-2.819824218750000000e-01 9.694165166946391956e-07
-3.063964843750000000e-01 9.694165166946391956e-07
-3.308105468750000000e-01 -2.769761476270397853e-07
-3.552246093750000000e-01 -9.694165166946391956e-07
-3.796386718750000000e-01 -4.154642214405596250e-07
-4.040527343750000000e-01 2.769761476270397853e-07
-4.284667968750000000e-01 6.924403690675995162e-07
-4.528808593750000000e-01 1.384880738135198926e-07
-4.772949218750000000e-01 -6.924403690675995162e-07
-5.017089843750000000e-01 -8.309284428811194617e-07
-5.261230468750000000e-01 -2.077321107202798337e-06
-5.505371093750000000e-01 -2.215809181016318282e-06
-5.749511718750000000e-01 -1.523368811948718766e-06
-5.993652343750000000e-01 -2.769761476270397853e-07
-6.237792968750000000e-01 1.384880738135198926e-07
-6.481933593750000000e-01 -5.539522952540795706e-07
-6.726074218750000000e-01 -5.539522952540795706e-07
-6.970214843750000000e-01 -2.769761476270397853e-07
-7.214355468750000000e-01 -9.694165166946391956e-07
-7.458496093750000000e-01 -1.107904590508159141e-06
-7.702636718750000000e-01 -1.938833033389278391e-06
-7.946777343750000000e-01 -2.077321107202798337e-06
-8.190917968750000000e-01 -2.354297254829838228e-06
-8.435058593750000000e-01 -2.215809181016318282e-06
-8.679199218750000000e-01 -1.800344959575758657e-06
-8.923339843750000000e-01 -1.800344959575758657e-06
-9.167480468750000000e-01 -1.523368811948718766e-06
-9.411621093750000000e-01 -1.661856885762238712e-06
-9.655761718750000000e-01 -2.077321107202798337e-06
-9.899902343750000000e-01 -1.938833033389278815e-06
-1.014404296875000000e+00 -2.215809181016318282e-06
-1.038818359375000000e+00 -2.215809181016318282e-06
-1.063232421875000000e+00 -3.185225697710957478e-06
-1.087646484375000000e+00 -2.908249550083918010e-06
-1.112060546875000000e+00 -3.462201845337997369e-06
-1.136474609375000000e+00 -2.908249550083917587e-06
-1.160888671875000000e+00 -3.877666066778556782e-06
-1.185302734375000000e+00 -4.154642214405596673e-06
-1.209716796875000000e+00 -4.985570657286716347e-06
-1.234130859375000000e+00 -5.262546804913756238e-06
-1.258544921875000000e+00 -5.124058731100235445e-06
-1.282958984375000000e+00 -5.816499100167835173e-06
-1.307373046875000000e+00 -6.093475247794875065e-06
-1.331787109375000000e+00 -7.201379838303034629e-06
-1.356201171875000000e+00 -7.755332133557113564e-06
-1.380615234375000000e+00 -8.032308281184153456e-06
-1.405029296875000000e+00 -9.001724797878793075e-06
-1.429443359375000000e+00 -9.555677093132872857e-06
-1.453857421875000000e+00 -1.052509360982751248e-05
-1.478271484375000000e+00 -1.107904590508159226e-05
-1.502685546875000000e+00 -1.190997434796271024e-05
-1.527099609375000000e+00 -1.384880738135198948e-05
-1.551513671875000000e+00 -1.523368811948718893e-05
-1.575927734375000000e+00 -1.661856885762238669e-05
-1.600341796875000000e+00 -1.786496152194406620e-05
-1.624755859375000000e+00 -1.924984226007926566e-05
-1.649169921875000000e+00 -2.160413951490910473e-05
-1.673583984375000000e+00 -2.423541291736598031e-05
-1.697998046875000000e+00 -2.658971017219581939e-05
-1.722412109375000000e+00 -2.935947164846621830e-05
-1.746826171875000000e+00 -3.129830468185549415e-05
-1.771240234375000000e+00 -3.379109001049885317e-05
-1.795654296875000000e+00 -6.730520387337066645e-05
-1.820068359375000000e+00 -1.168839342986108070e-04
-1.844482421875000000e+00 -1.681245216096131597e-04
-1.868896484375000000e+00 -1.912520299364709635e-04
-1.893310546875000000e+00 -2.019156116201119993e-04
-1.917724609375000000e+00 -2.138255859680747147e-04
-1.942138671875000000e+00 -2.289207860137483887e-04
-1.966552734375000000e+00 -2.480321402000141683e-04
-1.990966796875000000e+00 -2.696362797149232256e-04
-2.015380859375000000e+00 -2.906864669345782574e-04
-2.039794921875000000e+00 -3.073050357922006508e-04
-2.064208984375000000e+00 -3.225387239116878448e-04
-2.088623046875000000e+00 -3.345871863334640801e-04
-2.113037109375000000e+00 -3.480205294933755148e-04
-2.137451171875000000e+00 -3.628387533914221490e-04
-2.161865234375000000e+00 -3.775184892156552090e-04
-2.186279296875000000e+00 -3.919212488922612834e-04
-2.210693359375000000e+00 -4.030002947973428790e-04
-2.235107421875000000e+00 -4.160181737358137539e-04
-2.259521484375000000e+00 -4.273741957885223894e-04
-2.283935546875000000e+00 -4.427463719818231034e-04
-2.308349609375000000e+00 -4.585340123965643772e-04
-2.332763671875000000e+00 -4.763989739185084502e-04
-2.357177734375000000e+00 -4.876165078974035658e-04
-2.357177734375000000e+00 -4.902477812998603905e-04
-2.332763671875000000e+00 -4.844312821996926070e-04
-2.308349609375000000e+00 -4.754295574018138106e-04
-2.283935546875000000e+00 -4.665663206777485340e-04
-2.259521484375000000e+00 -4.572876197322426977e-04
-2.235107421875000000e+00 -4.469010141962287018e-04
-2.210693359375000000e+00 -4.362374325125876660e-04
-2.186279296875000000e+00 -4.261278031242007099e-04
-2.161865234375000000e+00 -4.178185186953895132e-04
-2.137451171875000000e+00 -4.088167938975107167e-04
-2.113037109375000000e+00 -4.000920452472589602e-04
-2.088623046875000000e+00 -3.909518323755666437e-04
-2.064208984375000000e+00 -3.819501075776878473e-04
-2.039794921875000000e+00 -3.719789662631144112e-04
-2.015380859375000000e+00 -3.606229442104057757e-04
-1.990966796875000000e+00 -3.509287790434594337e-04
-1.966552734375000000e+00 -3.424810065408347170e-04
-1.942138671875000000e+00 -3.345871863334640801e-04
-1.917724609375000000e+00 -3.248930211665176839e-04
-1.893310546875000000e+00 -3.146449037043172079e-04
-1.868896484375000000e+00 -3.057816669802519314e-04
-1.844482421875000000e+00 -2.965029660347460951e-04
-1.820068359375000000e+00 -2.880551935321213784e-04
-1.795654296875000000e+00 -2.794689329556831418e-04
-1.771240234375000000e+00 -2.711596485268719450e-04
-1.746826171875000000e+00 -2.618809475813661629e-04
-1.722412109375000000e+00 -2.519098062667927268e-04
-1.697998046875000000e+00 -2.440159860594220628e-04
-1.673583984375000000e+00 -2.358451897044243860e-04
-1.649169921875000000e+00 -2.280898575708672691e-04
-1.624755859375000000e+00 -2.179802281824803130e-04
-1.600341796875000000e+00 -2.096709437536691163e-04
-1.575927734375000000e+00 -2.012231712510443996e-04
-1.551513671875000000e+00 -1.936063271913008026e-04
-1.527099609375000000e+00 -1.844661143196084862e-04
-1.502685546875000000e+00 -1.772647344813054490e-04
-1.478271484375000000e+00 -1.710327711596970786e-04
-1.453857421875000000e+00 -1.646623197642751611e-04
-1.429443359375000000e+00 -1.555221068925828447e-04
-1.405029296875000000e+00 -1.473513105375851679e-04
-1.380615234375000000e+00 -1.394574903302145310e-04
-1.356201171875000000e+00 -1.326715747133520537e-04
-1.331787109375000000e+00 -1.246392664321678968e-04
-1.307373046875000000e+00 -1.178533508153054330e-04
-1.282958984375000000e+00 -1.116213874936970355e-04
-1.258544921875000000e+00 -1.048354718768345581e-04
-1.234130859375000000e+00 -9.791106818615856087e-05
-1.209716796875000000e+00 -9.195608101217720321e-05
-1.185302734375000000e+00 -8.613958191200937905e-05
-1.160888671875000000e+00 -7.963064244277394160e-05
-1.136474609375000000e+00 -7.326019104735202411e-05
-1.112060546875000000e+00 -6.702822772574362656e-05
-1.087646484375000000e+00 -6.301207358515154813e-05
-1.063232421875000000e+00 -5.761103870642427703e-05
-1.038818359375000000e+00 -5.317942034439163877e-05
-1.014404296875000000e+00 -4.777838546566436090e-05
-9.899902343750000000e-01 -4.265432673456412291e-05
-9.655761718750000000e-01 -3.766875607727741165e-05
-9.411621093750000000e-01 -3.351411386287181328e-05
-9.167480468750000000e-01 -2.977493586990677814e-05
-8.923339843750000000e-01 -2.714366246744989917e-05
-8.679199218750000000e-01 -2.285053217923078424e-05
-8.435058593750000000e-01 -1.980379455533334544e-05
-8.190917968750000000e-01 -1.537217619330070718e-05
-7.946777343750000000e-01 -1.301787893847086980e-05
-7.702636718750000000e-01 -9.971141314573432694e-06
-7.458496093750000000e-01 -7.616844059743594466e-06
-7.214355468750000000e-01 -5.124058731100236292e-06
-6.970214843750000000e-01 -4.016154140592076728e-06
-6.726074218750000000e-01 -3.046737623897437956e-06
-6.481933593750000000e-01 -2.354297254829838228e-06
-6.237792968750000000e-01 -1.246392664321679087e-06
-5.993652343750000000e-01 -5.539522952540795706e-07
-5.749511718750000000e-01 -9.694165166946391956e-07
-5.505371093750000000e-01 -9.694165166946391956e-07
-5.261230468750000000e-01 -1.107904590508159141e-06
-5.017089843750000000e-01 -6.924403690675995162e-07
-4.772949218750000000e-01 -2.769761476270397853e-07
-4.528808593750000000e-01 1.384880738135198926e-07
-4.284667968750000000e-01 9.694165166946391956e-07
-4.040527343750000000e-01 8.309284428811193559e-07
-3.796386718750000000e-01 2.769761476270397853e-07
-3.552246093750000000e-01 0.000000000000000000e+00
-3.308105468750000000e-01 -2.769761476270397853e-07
-3.063964843750000000e-01 6.924403690675995162e-07
-2.819824218750000000e-01 5.539522952540795706e-07
-2.575683593750000000e-01 6.924403690675995162e-07
-2.331542968750000000e-01 0.000000000000000000e+00
-2.087402343750000000e-01 -1.384880738135198926e-07
-1.843261718750000000e-01 0.000000000000000000e+00
-1.599121093750000000e-01 0.000000000000000000e+00
-1.354980468750000000e-01 5.539522952540795706e-07
-1.110839843750000000e-01 2.769761476270397853e-07
-8.666992187500000000e-02 4.154642214405596779e-07
-6.225585937500000000e-02 4.154642214405596779e-07
-3.784179687500000000e-02 1.384880738135199456e-07
-1.342773437500000000e-02 -1.384880738135198926e-07
