1.098632812500000000e-02 1.246392664321679087e-06
-1.342773437500000000e-02 1.523368811948718978e-06
-3.784179687500000000e-02 5.539522952540795706e-07
-6.225585937500000000e-02 1.384880738135198926e-07
-8.666992187500000000e-02 -4.154642214405596779e-07
-1.110839843750000000e-01 -8.309284428811193559e-07
-1.354980468750000000e-01 -6.924403690675995162e-07
-1.599121093750000000e-01 1.384880738135198926e-07
-1.843261718750000000e-01 -2.769761476270396794e-07
-2.087402343750000000e-01 -5.539522952540795706e-07
-2.331542968750000000e-01 -1.384880738135199032e-06
-2.575683593750000000e-01 -6.924403690675995162e-07
-2.819824218750000000e-01 2.769761476270397853e-07
-3.063964843750000000e-01 2.769761476270397853e-07
-3.308105468750000000e-01 -1.384880738135199456e-07
-3.552246093750000000e-01 -6.924403690675994103e-07
-3.796386718750000000e-01 -5.539522952540795706e-07
-4.040527343750000000e-01 -1.384880738135198926e-07
-4.284667968750000000e-01 -1.246392664321679087e-06
-4.528808593750000000e-01 -1.661856885762238712e-06
-4.772949218750000000e-01 -6.924403690675995162e-07
-5.017089843750000000e-01 6.924403690675995162e-07
-5.261230468750000000e-01 2.769761476270398912e-07
-5.505371093750000000e-01 -4.154642214405596250e-07
-5.749511718750000000e-01 -2.769761476270396794e-07
-5.993652343750000000e-01 9.694165166946391956e-07
-6.237792968750000000e-01 5.539522952540795706e-07
-6.481933593750000000e-01 -1.107904590508159141e-06
-6.726074218750000000e-01 -2.354297254829838228e-06
-6.970214843750000000e-01 -1.800344959575758446e-06
-7.214355468750000000e-01 -2.077321107202798337e-06
-7.458496093750000000e-01 -1.800344959575758657e-06
-7.702636718750000000e-01 -3.046737623897437532e-06
-7.946777343750000000e-01 -3.600689919151517315e-06
-8.190917968750000000e-01 -3.323713771524477847e-06
-8.435058593750000000e-01 -3.462201845337997369e-06
-8.679199218750000000e-01 -3.185225697710957478e-06
-8.923339843750000000e-01 -4.016154140592076728e-06
-9.167480468750000000e-01 -5.262546804913756238e-06
-9.411621093750000000e-01 -6.093475247794875912e-06
-9.655761718750000000e-01 -7.062891764489514684e-06
-9.899902343750000000e-01 -6.924403690675994738e-06
-1.014404296875000000e+00 -7.478355985930074520e-06
-1.038818359375000000e+00 -7.478355985930074520e-06
-1.063232421875000000e+00 -8.586260576438233238e-06
-1.087646484375000000e+00 -9.555677093132872857e-06
-1.112060546875000000e+00 -1.094055783126807062e-05
-1.136474609375000000e+00 -1.287939086465734986e-05
-1.160888671875000000e+00 -1.495671197186014904e-05
-1.185302734375000000e+00 -1.758798537431702631e-05
-1.209716796875000000e+00 -1.924984226007926566e-05
-1.234130859375000000e+00 -2.063472299821446512e-05
-1.258544921875000000e+00 -2.174262758872262468e-05
-1.282958984375000000e+00 -2.298902025304430419e-05
-1.307373046875000000e+00 -2.506634136024709999e-05
-1.331787109375000000e+00 -2.603575787694173960e-05
-1.356201171875000000e+00 -2.700517439363637922e-05
-1.380615234375000000e+00 -2.728215054126341912e-05
-1.405029296875000000e+00 -3.019040009134733797e-05
-1.429443359375000000e+00 -3.254469734617717366e-05
-1.453857421875000000e+00 -3.517597074863405263e-05
-1.478271484375000000e+00 -3.725329185583685181e-05
-1.502685546875000000e+00 -4.043851755354781056e-05
-1.527099609375000000e+00 -4.445467169413988898e-05
-1.551513671875000000e+00 -4.888629005617252046e-05
-1.575927734375000000e+00 -5.276395612295107894e-05
-1.600341796875000000e+00 -5.802650292786483687e-05
-1.624755859375000000e+00 -6.467393047091378748e-05
-1.649169921875000000e+00 -6.952101305438698558e-05
-1.673583984375000000e+00 -7.381414334260610389e-05
-1.697998046875000000e+00 -7.783029748319818231e-05
-1.722412109375000000e+00 -8.530865346912825937e-05
-1.746826171875000000e+00 -1.005423415886154398e-04
-1.771240234375000000e+00 -1.190997434796271125e-04
-1.795654296875000000e+00 -1.419502756588578900e-04
-1.820068359375000000e+00 -1.639698793952075614e-04
-1.844482421875000000e+00 -1.794805436623217682e-04
-1.868896484375000000e+00 -1.980379455533334409e-04
-1.893310546875000000e+00 -2.118867529346854354e-04
-1.917724609375000000e+00 -2.305826428995106281e-04
-1.942138671875000000e+00 -2.451238906499301953e-04
-1.966552734375000000e+00 -2.588342099574687241e-04
-1.990966796875000000e+00 -2.766991714794127429e-04
-2.015380859375000000e+00 -2.926252999679675366e-04
-2.039794921875000000e+00 -3.115981660804197691e-04
-2.064208984375000000e+00 -3.236466285021960044e-04
-2.088623046875000000e+00 -3.372184597359209591e-04
-2.113037109375000000e+00 -3.491284340838836744e-04
-2.137451171875000000e+00 -3.643621222033708142e-04
-2.161865234375000000e+00 -3.780724415109092888e-04
-2.186279296875000000e+00 -3.906748562279396039e-04
-2.210693359375000000e+00 -4.038312232402239987e-04
-2.235107421875000000e+00 -4.192033994335247126e-04
-2.259521484375000000e+00 -4.372068490292823056e-04
-2.283935546875000000e+00 -4.521635610011424597e-04
-2.308349609375000000e+00 -4.662893445301214941e-04
-2.332763671875000000e+00 -4.780608308042706895e-04
-2.357177734375000000e+00 -4.898323170784198849e-04
-2.357177734375000000e+00 -4.927405666285038580e-04
-2.332763671875000000e+00 -4.874780198235900458e-04
-2.308349609375000000e+00 -4.768144381399490100e-04
-2.283935546875000000e+00 -4.672587610468161338e-04
-2.259521484375000000e+00 -4.582570362489373373e-04
-2.235107421875000000e+00 -4.492553114510585408e-04
-2.210693359375000000e+00 -4.384532416936039851e-04
-2.186279296875000000e+00 -4.287590765266575889e-04
-2.161865234375000000e+00 -4.186494471382706329e-04
-2.137451171875000000e+00 -4.090937700451377566e-04
-2.113037109375000000e+00 -3.985686764353102408e-04
-2.088623046875000000e+00 -3.892899754898044044e-04
-2.064208984375000000e+00 -3.807037149133661678e-04
-2.039794921875000000e+00 -3.718404781893008913e-04
-2.015380859375000000e+00 -3.614538726532868953e-04
-1.990966796875000000e+00 -3.516212194125270334e-04
-1.966552734375000000e+00 -3.422040303932076771e-04
-1.942138671875000000e+00 -3.334792817429559205e-04
-1.917724609375000000e+00 -3.246160450188906440e-04
-1.893310546875000000e+00 -3.164452486638929672e-04
-1.868896484375000000e+00 -3.075820119398276907e-04
-1.844482421875000000e+00 -2.977493586990677746e-04
-1.820068359375000000e+00 -2.873627531630538329e-04
-1.795654296875000000e+00 -2.783610283651749822e-04
-1.771240234375000000e+00 -2.700517439363637855e-04
-1.746826171875000000e+00 -2.613269952861120831e-04
-1.722412109375000000e+00 -2.521867824144197667e-04
-1.697998046875000000e+00 -2.434620337641679830e-04
-1.673583984375000000e+00 -2.355682135567973461e-04
-1.649169921875000000e+00 -2.269819529803591095e-04
-1.624755859375000000e+00 -2.177032520348532731e-04
-1.600341796875000000e+00 -2.087015272369744767e-04
-1.575927734375000000e+00 -2.010846831772308797e-04
-1.551513671875000000e+00 -1.934678391174872827e-04
-1.527099609375000000e+00 -1.861279712053707255e-04
-1.502685546875000000e+00 -1.779571748503730488e-04
-1.478271484375000000e+00 -1.700633546430024390e-04
-1.453857421875000000e+00 -1.613386059927506824e-04
-1.429443359375000000e+00 -1.526138573424989258e-04
-1.405029296875000000e+00 -1.462434059470770083e-04
-1.380615234375000000e+00 -1.383495857397063714e-04
-1.356201171875000000e+00 -1.318406462704709340e-04
-1.331787109375000000e+00 -1.232543856940326974e-04
-1.307373046875000000e+00 -1.168839342986107934e-04
-1.282958984375000000e+00 -1.100980186817483161e-04
-1.258544921875000000e+00 -1.037275672863263986e-04
-1.234130859375000000e+00 -9.652618744802336141e-05
-1.209716796875000000e+00 -9.098666449548256359e-05
-1.185302734375000000e+00 -8.503167732150121948e-05
-1.160888671875000000e+00 -8.087703510709562111e-05
-1.136474609375000000e+00 -7.464507178548722356e-05
-1.112060546875000000e+00 -6.993647727582754541e-05
-1.087646484375000000e+00 -6.439695432328674759e-05
-1.063232421875000000e+00 -5.954987173981355627e-05
-1.038818359375000000e+00 -5.401034878727275845e-05
-1.014404296875000000e+00 -4.833233776091844068e-05
-9.899902343750000000e-01 -4.320827902981820269e-05
-9.655761718750000000e-01 -3.905363681541261110e-05
-9.411621093750000000e-01 -3.462201845337997284e-05
-9.167480468750000000e-01 -3.074435238660141437e-05
-8.923339843750000000e-01 -2.686668631982285928e-05
-8.679199218750000000e-01 -2.368146062211190053e-05
-8.435058593750000000e-01 -2.021925877677390528e-05
-8.190917968750000000e-01 -1.744949730050350637e-05
-7.946777343750000000e-01 -1.495671197186014904e-05
-7.702636718750000000e-01 -1.177148627414919199e-05
-7.458496093750000000e-01 -8.724748650251753184e-06
-7.214355468750000000e-01 -6.785915616862474792e-06
-6.970214843750000000e-01 -5.954987173981355119e-06
-6.726074218750000000e-01 -4.985570657286716347e-06
-6.481933593750000000e-01 -3.739177992965037260e-06
-6.237792968750000000e-01 -2.215809181016318282e-06
-5.993652343750000000e-01 -1.107904590508159141e-06
-5.749511718750000000e-01 -6.924403690675995162e-07
-5.505371093750000000e-01 -1.523368811948718978e-06
-5.261230468750000000e-01 -1.523368811948718978e-06
-5.017089843750000000e-01 -8.309284428811193559e-07
-4.772949218750000000e-01 0.000000000000000000e+00
-4.528808593750000000e-01 -1.384880738135198926e-07
-4.284667968750000000e-01 -9.694165166946391956e-07
-4.040527343750000000e-01 -9.694165166946391956e-07
-3.796386718750000000e-01 1.384880738135199456e-07
-3.552246093750000000e-01 1.523368811948718978e-06
-3.308105468750000000e-01 9.694165166946394073e-07
-3.063964843750000000e-01 1.107904590508159141e-06
-2.819824218750000000e-01 9.694165166946391956e-07
-2.575683593750000000e-01 1.523368811948718978e-06
-2.331542968750000000e-01 0.000000000000000000e+00
-2.087402343750000000e-01 -5.539522952540795706e-07
-1.843261718750000000e-01 -6.924403690675995162e-07
-1.599121093750000000e-01 6.924403690675995162e-07
-1.354980468750000000e-01 9.694165166946391956e-07
-1.110839843750000000e-01 6.924403690675995162e-07
-8.666992187500000000e-02 -8.309284428811193559e-07
-6.225585937500000000e-02 -1.107904590508159141e-06
-3.784179687500000000e-02 -4.154642214405597309e-07
-1.342773437500000000e-02 4.154642214405596779e-07
