1.098632812500000000e-02 -1.246392664321679087e-06
-1.342773437500000000e-02 -1.246392664321679087e-06
-3.784179687500000000e-02 -1.107904590508159141e-06
-6.225585937500000000e-02 -9.694165166946391956e-07
-8.666992187500000000e-02 -1.384880738135198821e-06
-1.110839843750000000e-01 -1.107904590508159141e-06
-1.354980468750000000e-01 -5.539522952540795706e-07
-1.599121093750000000e-01 0.000000000000000000e+00
-1.843261718750000000e-01 2.769761476270397853e-07
-2.087402343750000000e-01 2.769761476270397853e-07
-2.331542968750000000e-01 -2.769761476270397853e-07
-2.575683593750000000e-01 -8.309284428811193559e-07
-2.819824218750000000e-01 -6.924403690675994103e-07
-3.063964843750000000e-01 -1.107904590508159141e-06
-3.308105468750000000e-01 -6.924403690675995162e-07
-3.552246093750000000e-01 -9.694165166946391956e-07
-3.796386718750000000e-01 1.384880738135198926e-07
-4.040527343750000000e-01 8.309284428811193559e-07
-4.284667968750000000e-01 1.938833033389278391e-06
-4.528808593750000000e-01 6.924403690675995162e-07
-4.772949218750000000e-01 1.384880738135199456e-07
-5.017089843750000000e-01 -1.523368811948718766e-06
-5.261230468750000000e-01 -4.154642214405596779e-07
-5.505371093750000000e-01 -5.539522952540795706e-07
-5.749511718750000000e-01 2.769761476270397853e-07
-5.993652343750000000e-01 0.000000000000000000e+00
-6.237792968750000000e-01 5.539522952540795706e-07
-6.481933593750000000e-01 5.539522952540795706e-07
-6.726074218750000000e-01 -5.539522952540795706e-07
-6.970214843750000000e-01 -1.246392664321679087e-06
-7.214355468750000000e-01 -2.215809181016318282e-06
-7.458496093750000000e-01 -1.800344959575758446e-06
-7.702636718750000000e-01 -2.631273402456878119e-06
-7.946777343750000000e-01 -2.631273402456878119e-06
-8.190917968750000000e-01 -1.661856885762238712e-06
-8.435058593750000000e-01 -5.539522952540795706e-07
-8.679199218750000000e-01 -8.309284428811192500e-07
-8.923339843750000000e-01 -1.523368811948718766e-06
-9.167480468750000000e-01 -1.800344959575758446e-06
-9.411621093750000000e-01 -2.354297254829838228e-06
-9.655761718750000000e-01 -3.046737623897437532e-06
-9.899902343750000000e-01 -3.739177992965037260e-06
-1.014404296875000000e+00 -3.462201845337997369e-06
-1.038818359375000000e+00 -3.600689919151517315e-06
-1.063232421875000000e+00 -5.262546804913756238e-06
-1.087646484375000000e+00 -6.508939469235434901e-06
-1.112060546875000000e+00 -7.616844059743594466e-06
-1.136474609375000000e+00 -6.924403690675994738e-06
-1.160888671875000000e+00 -7.201379838303034629e-06
-1.185302734375000000e+00 -7.062891764489514684e-06
-1.209716796875000000e+00 -7.755332133557113564e-06
-1.234130859375000000e+00 -8.309284428811193347e-06
-1.258544921875000000e+00 -8.724748650251753184e-06
-1.282958984375000000e+00 -9.555677093132872857e-06
-1.307373046875000000e+00 -1.010962938838695264e-05
-1.331787109375000000e+00 -1.177148627414919029e-05
-1.356201171875000000e+00 -1.190997434796271024e-05
-1.380615234375000000e+00 -1.287939086465734986e-05
-1.405029296875000000e+00 -1.329485508609790969e-05
-1.429443359375000000e+00 -1.371031930753846953e-05
-1.453857421875000000e+00 -1.398729545516550942e-05
-1.478271484375000000e+00 -1.523368811948718724e-05
-1.502685546875000000e+00 -1.661856885762238669e-05
-1.527099609375000000e+00 -1.606461656236830691e-05
-1.551513671875000000e+00 -1.523368811948718893e-05
-1.575927734375000000e+00 -1.578764041474126702e-05
-1.600341796875000000e+00 -1.772647344813054626e-05
-1.624755859375000000e+00 -2.118867529346854490e-05
-1.649169921875000000e+00 -2.368146062211190053e-05
-1.673583984375000000e+00 -2.728215054126341912e-05
-1.697998046875000000e+00 -2.672819824600933933e-05
-1.722412109375000000e+00 -2.742063861507693906e-05
-1.746826171875000000e+00 -2.672819824600933933e-05
-1.771240234375000000e+00 -3.019040009134733797e-05
-1.795654296875000000e+00 -3.323713771524477339e-05
-1.820068359375000000e+00 -3.669933956058277203e-05
-1.844482421875000000e+00 -3.891514874159909116e-05
-1.868896484375000000e+00 -4.514711206320748871e-05
-1.893310546875000000e+00 -6.495090661854082737e-05
-1.917724609375000000e+00 -1.279629802036923755e-04
-1.942138671875000000e+00 -1.926369106746061901e-04
-1.966552734375000000e+00 -2.487245805690817138e-04
-1.990966796875000000e+00 -2.649276852052636017e-04
-2.015380859375000000e+00 -2.850084559082239396e-04
-2.039794921875000000e+00 -3.035658577992356123e-04
-2.064208984375000000e+00 -3.236466285021960044e-04
-2.088623046875000000e+00 -3.376339239573615189e-04
-2.113037109375000000e+00 -3.527291240030351388e-04
-2.137451171875000000e+00 -3.654700267938789738e-04
-2.161865234375000000e+00 -3.769645369204011292e-04
-2.186279296875000000e+00 -3.901209039326855241e-04
-2.210693359375000000e+00 -4.052161039783591981e-04
-2.235107421875000000e+00 -4.223886251312356714e-04
-2.259521484375000000e+00 -4.367913848078417457e-04
-2.283935546875000000e+00 -4.492553114510585408e-04
-2.308349609375000000e+00 -4.608883096513942163e-04
-2.332763671875000000e+00 -4.757065335494408504e-04
-2.357177734375000000e+00 -4.894168528569793793e-04
-2.357177734375000000e+00 -4.937099831451984434e-04
-2.332763671875000000e+00 -4.902477812998603905e-04
-2.308349609375000000e+00 -4.802766399852870086e-04
-2.283935546875000000e+00 -4.727982839993569316e-04
-2.259521484375000000e+00 -4.628271426847834955e-04
-2.235107421875000000e+00 -4.525790252225830195e-04
-2.210693359375000000e+00 -4.416384673913149438e-04
-2.186279296875000000e+00 -4.316673260767415077e-04
-2.161865234375000000e+00 -4.221116489836086315e-04
-2.137451171875000000e+00 -4.131099241857298350e-04
-2.113037109375000000e+00 -4.031387828711563990e-04
-2.088623046875000000e+00 -3.942755461470911224e-04
-2.064208984375000000e+00 -3.854123094230258459e-04
-2.039794921875000000e+00 -3.748872158131983301e-04
-2.015380859375000000e+00 -3.643621222033708142e-04
-1.990966796875000000e+00 -3.543909808887974323e-04
-1.966552734375000000e+00 -3.452507680171051159e-04
-1.942138671875000000e+00 -3.359720670715992796e-04
-1.917724609375000000e+00 -3.258624376832123235e-04
-1.893310546875000000e+00 -3.174146651805876069e-04
-1.868896484375000000e+00 -3.091053807517764101e-04
-1.844482421875000000e+00 -3.005191201753381735e-04
-1.820068359375000000e+00 -2.911019311560188172e-04
-1.795654296875000000e+00 -2.816847421366994609e-04
-1.771240234375000000e+00 -2.725445292650071445e-04
-1.746826171875000000e+00 -2.632658283195013623e-04
-1.722412109375000000e+00 -2.537101512263684319e-04
-1.697998046875000000e+00 -2.459548190928113149e-04
-1.673583984375000000e+00 -2.380609988854407051e-04
-1.649169921875000000e+00 -2.293362502351889486e-04
-1.624755859375000000e+00 -2.206115015849371920e-04
-1.600341796875000000e+00 -2.116097767870583955e-04
-1.575927734375000000e+00 -2.042699088749418384e-04
-1.551513671875000000e+00 -1.955451602246900818e-04
-1.527099609375000000e+00 -1.870973877220653652e-04
-1.502685546875000000e+00 -1.794805436623217682e-04
-1.478271484375000000e+00 -1.721406757502052381e-04
-1.453857421875000000e+00 -1.642468555428346012e-04
-1.429443359375000000e+00 -1.553836188187693247e-04
-1.405029296875000000e+00 -1.480437509066527676e-04
-1.380615234375000000e+00 -1.423657398802984498e-04
-1.356201171875000000e+00 -1.344719196729278129e-04
-1.331787109375000000e+00 -1.261626352441166162e-04
-1.307373046875000000e+00 -1.175763746676783931e-04
-1.282958984375000000e+00 -1.128677801580187150e-04
-1.258544921875000000e+00 -1.067743049102238374e-04
-1.234130859375000000e+00 -9.998838929336136005e-05
-1.209716796875000000e+00 -9.237154523361776305e-05
-1.185302734375000000e+00 -8.600109383819585910e-05
-1.160888671875000000e+00 -8.143098740234970090e-05
-1.136474609375000000e+00 -7.492204793311426345e-05
-1.112060546875000000e+00 -6.979798920201402547e-05
-1.087646484375000000e+00 -6.398149010184618775e-05
-1.063232421875000000e+00 -6.010382403506763605e-05
-1.038818359375000000e+00 -5.387186071345923850e-05
-1.014404296875000000e+00 -4.833233776091844068e-05
-9.899902343750000000e-01 -4.334676710363172264e-05
-9.655761718750000000e-01 -4.030002947973429061e-05
-9.411621093750000000e-01 -3.559143497007461246e-05
-9.167480468750000000e-01 -3.143679275566901409e-05
-8.923339843750000000e-01 -2.631273402456877950e-05
-8.679199218750000000e-01 -2.298902025304430080e-05
-8.435058593750000000e-01 -1.980379455533334544e-05
-8.190917968750000000e-01 -1.744949730050350637e-05
-7.946777343750000000e-01 -1.454124775041958920e-05
-7.702636718750000000e-01 -1.163299820033567035e-05
-7.458496093750000000e-01 -8.309284428811193347e-06
-7.214355468750000000e-01 -6.508939469235434901e-06
-6.970214843750000000e-01 -4.293130288219116619e-06
-6.726074218750000000e-01 -4.016154140592076728e-06
-6.481933593750000000e-01 -3.323713771524477423e-06
-6.237792968750000000e-01 -3.046737623897437956e-06
-5.993652343750000000e-01 -1.800344959575758446e-06
-5.749511718750000000e-01 -9.694165166946391956e-07
-5.505371093750000000e-01 -8.309284428811193559e-07
-5.261230468750000000e-01 -1.384880738135199032e-06
-5.017089843750000000e-01 -1.246392664321679087e-06
-4.772949218750000000e-01 1.384880738135198397e-07
-4.528808593750000000e-01 2.769761476270396794e-07
-4.284667968750000000e-01 -4.154642214405598367e-07
-4.040527343750000000e-01 -1.523368811948718978e-06
-3.796386718750000000e-01 -1.800344959575758657e-06
-3.552246093750000000e-01 -1.800344959575758657e-06
-3.308105468750000000e-01 -1.938833033389278391e-06
-3.063964843750000000e-01 -9.694165166946391956e-07
-2.819824218750000000e-01 -4.154642214405596779e-07
-2.575683593750000000e-01 -1.384880738135199032e-06
-2.331542968750000000e-01 -1.661856885762238923e-06
-2.087402343750000000e-01 -1.384880738135199032e-06
-1.843261718750000000e-01 -4.154642214405596779e-07
-1.599121093750000000e-01 2.769761476270397853e-07
-1.354980468750000000e-01 4.154642214405596779e-07
-1.110839843750000000e-01 9.694165166946391956e-07
-8.666992187500000000e-02 9.694165166946391956e-07
-6.225585937500000000e-02 1.384880738135199456e-07
-3.784179687500000000e-02 -1.107904590508159141e-06
-1.342773437500000000e-02 -1.523368811948718766e-06
