1.098632812500000000e-02 -2.215809181016318282e-06
-1.342773437500000000e-02 -2.492785328643358173e-06
-3.784179687500000000e-02 -9.694165166946394073e-07
-6.225585937500000000e-02 8.309284428811194617e-07
-8.666992187500000000e-02 8.309284428811193559e-07
-1.110839843750000000e-01 1.107904590508159141e-06
-1.354980468750000000e-01 4.154642214405597309e-07
-1.599121093750000000e-01 8.309284428811194617e-07
-1.843261718750000000e-01 5.539522952540795706e-07
-2.087402343750000000e-01 5.539522952540795706e-07
-2.331542968750000000e-01 1.384880738135198926e-07
-2.575683593750000000e-01 0.000000000000000000e+00
-2.819824218750000000e-01 -5.539522952540795706e-07
-3.063964843750000000e-01 -8.309284428811193559e-07
-3.308105468750000000e-01 -1.107904590508159141e-06
-3.552246093750000000e-01 -1.661856885762238712e-06
-3.796386718750000000e-01 -1.246392664321679087e-06
-4.040527343750000000e-01 -1.523368811948718978e-06
-4.284667968750000000e-01 0.000000000000000000e+00
-4.528808593750000000e-01 1.384880738135198926e-07
-4.772949218750000000e-01 1.384880738135198926e-07
-5.017089843750000000e-01 0.000000000000000000e+00
-5.261230468750000000e-01 -1.384880738135198926e-07
-5.505371093750000000e-01 2.769761476270397853e-07
-5.749511718750000000e-01 1.384880738135198926e-07
-5.993652343750000000e-01 6.924403690675995162e-07
-6.237792968750000000e-01 1.384880738135198926e-07
-6.481933593750000000e-01 -8.309284428811193559e-07
-6.726074218750000000e-01 -1.800344959575758657e-06
-6.970214843750000000e-01 -3.185225697710957901e-06
-7.214355468750000000e-01 -2.908249550083918010e-06
-7.458496093750000000e-01 -3.323713771524477423e-06
-7.702636718750000000e-01 -2.492785328643358173e-06
-7.946777343750000000e-01 -2.908249550083917587e-06
-8.190917968750000000e-01 -3.600689919151516891e-06
-8.435058593750000000e-01 -4.293130288219116619e-06
-8.679199218750000000e-01 -4.847082583473196401e-06
-8.923339843750000000e-01 -5.124058731100236292e-06
-9.167480468750000000e-01 -6.647427543048954000e-06
-9.411621093750000000e-01 -8.170796354997673401e-06
-9.655761718750000000e-01 -9.555677093132872857e-06
-9.899902343750000000e-01 -9.140212871692313020e-06
-1.014404296875000000e+00 -9.001724797878793075e-06
-1.038818359375000000e+00 -8.586260576438233238e-06
-1.063232421875000000e+00 -9.278700945505832966e-06
-1.087646484375000000e+00 -1.010962938838695264e-05
-1.112060546875000000e+00 -1.190997434796271193e-05
-1.136474609375000000e+00 -1.287939086465734986e-05
-1.160888671875000000e+00 -1.412578352897902937e-05
-1.185302734375000000e+00 -1.481822389804662910e-05
-1.209716796875000000e+00 -1.578764041474126702e-05
-1.234130859375000000e+00 -1.648008078380886675e-05
-1.258544921875000000e+00 -1.744949730050350637e-05
-1.282958984375000000e+00 -1.855740189101166593e-05
-1.307373046875000000e+00 -1.966530648151982550e-05
-1.331787109375000000e+00 -2.105018721965502495e-05
-1.356201171875000000e+00 -2.188111566253614124e-05
-1.380615234375000000e+00 -2.381994869592542048e-05
-1.405029296875000000e+00 -2.520482943406061993e-05
-1.429443359375000000e+00 -2.742063861507693906e-05
-1.453857421875000000e+00 -2.866703127939861857e-05
-1.478271484375000000e+00 -2.977493586990677814e-05
-1.502685546875000000e+00 -3.115981660804197420e-05
-1.527099609375000000e+00 -3.309864964143125344e-05
-1.551513671875000000e+00 -3.337562578905829333e-05
-1.575927734375000000e+00 -3.240620927236365371e-05
-1.600341796875000000e+00 -3.157528082948253404e-05
-1.624755859375000000e+00 -3.102132853422845426e-05
-1.649169921875000000e+00 -3.309864964143125344e-05
-1.673583984375000000e+00 -3.891514874159909116e-05
-1.697998046875000000e+00 -4.597804050608860160e-05
-1.722412109375000000e+00 -5.221000382769699916e-05
-1.746826171875000000e+00 -5.373337263964571856e-05
-1.771240234375000000e+00 -5.830347907549187676e-05
-1.795654296875000000e+00 -6.855159653769234596e-05
-1.820068359375000000e+00 -1.038660553601399321e-04
-1.844482421875000000e+00 -1.418117875850443701e-04
-1.868896484375000000e+00 -1.830812335814733138e-04
-1.893310546875000000e+00 -2.052393253916364780e-04
-1.917724609375000000e+00 -2.289207860137483887e-04
-1.942138671875000000e+00 -2.470627236833194745e-04
-1.966552734375000000e+00 -2.607730429908580033e-04
-1.990966796875000000e+00 -2.736524338555153040e-04
-2.015380859375000000e+00 -2.857008962772915393e-04
-2.039794921875000000e+00 -3.009345843967787333e-04
-2.064208984375000000e+00 -3.135369991138090484e-04
-2.088623046875000000e+00 -3.265548780522799233e-04
-2.113037109375000000e+00 -3.409576377288859976e-04
-2.137451171875000000e+00 -3.570222542912543113e-04
-2.161865234375000000e+00 -3.743332635179442503e-04
-2.186279296875000000e+00 -3.891514874159908845e-04
-2.210693359375000000e+00 -4.035542470925969588e-04
-2.235107421875000000e+00 -4.160181737358137539e-04
-2.259521484375000000e+00 -4.295900049695387086e-04
-2.283935546875000000e+00 -4.435773004247042231e-04
-2.308349609375000000e+00 -4.593649408394454969e-04
-2.332763671875000000e+00 -4.765374619923219701e-04
-2.357177734375000000e+00 -4.883089482664712197e-04
-2.357177734375000000e+00 -4.934330069975714035e-04
-2.332763671875000000e+00 -4.881704601926576455e-04
-2.308349609375000000e+00 -4.797226876900329289e-04
-2.283935546875000000e+00 -4.694745702278324529e-04
-2.259521484375000000e+00 -4.593649408394454969e-04
-2.235107421875000000e+00 -4.485628710819909411e-04
-2.210693359375000000e+00 -4.365144086602147058e-04
-2.186279296875000000e+00 -4.269587315670818296e-04
-2.161865234375000000e+00 -4.175415425477624733e-04
-2.137451171875000000e+00 -4.088167938975107167e-04
-2.113037109375000000e+00 -3.987071645091237607e-04
-2.088623046875000000e+00 -3.880435828254827249e-04
-2.064208984375000000e+00 -3.790418580276039284e-04
-2.039794921875000000e+00 -3.699016451559116120e-04
-2.015380859375000000e+00 -3.606229442104057757e-04
-1.990966796875000000e+00 -3.506518028958323938e-04
-1.966552734375000000e+00 -3.404036854336319178e-04
-1.942138671875000000e+00 -3.316789367833801612e-04
-1.917724609375000000e+00 -3.229541881331284047e-04
-1.893310546875000000e+00 -3.142294394828766481e-04
-1.868896484375000000e+00 -3.056431789064384115e-04
-1.844482421875000000e+00 -2.951180852966108956e-04
-1.820068359375000000e+00 -2.852854320558509795e-04
-1.795654296875000000e+00 -2.760067311103451973e-04
-1.771240234375000000e+00 -2.672819824600933866e-04
-1.746826171875000000e+00 -2.585572338098416842e-04
-1.722412109375000000e+00 -2.484476044214546740e-04
-1.697998046875000000e+00 -2.404152961402705442e-04
-1.673583984375000000e+00 -2.322444997852728674e-04
-1.649169921875000000e+00 -2.244891676517157505e-04
-1.624755859375000000e+00 -2.154874428538369540e-04
-1.600341796875000000e+00 -2.066242061297716775e-04
-1.575927734375000000e+00 -1.983149217009604808e-04
-1.551513671875000000e+00 -1.906980776412168838e-04
-1.527099609375000000e+00 -1.823887932124056870e-04
-1.502685546875000000e+00 -1.746334610788485701e-04
-1.478271484375000000e+00 -1.677090573881725999e-04
-1.453857421875000000e+00 -1.596767491069884430e-04
-1.429443359375000000e+00 -1.513674646781772463e-04
-1.405029296875000000e+00 -1.437506206184336493e-04
-1.380615234375000000e+00 -1.372416811491982119e-04
-1.356201171875000000e+00 -1.308712297537762944e-04
-1.331787109375000000e+00 -1.225619453249650976e-04
-1.307373046875000000e+00 -1.161914939295431937e-04
-1.282958984375000000e+00 -1.091286021650536765e-04
-1.258544921875000000e+00 -1.030351269172587989e-04
-1.234130859375000000e+00 -9.597223515276928163e-05
-1.209716796875000000e+00 -9.029422412641496386e-05
-1.185302734375000000e+00 -8.392377273099305992e-05
-1.160888671875000000e+00 -7.783029748319818231e-05
-1.136474609375000000e+00 -7.118286994014922492e-05
-1.112060546875000000e+00 -6.564334698760842710e-05
-1.087646484375000000e+00 -6.121172862557578884e-05
-1.063232421875000000e+00 -5.636464604210259752e-05
-1.038818359375000000e+00 -5.082512308956179970e-05
-1.014404296875000000e+00 -4.583955243227508166e-05
-9.899902343750000000e-01 -4.196188636549652996e-05
-9.655761718750000000e-01 -3.863817259397205126e-05
-9.411621093750000000e-01 -3.365260193668533322e-05
-9.167480468750000000e-01 -2.977493586990677814e-05
-8.923339843750000000e-01 -2.562029365550117977e-05
-8.679199218750000000e-01 -2.229657988397670446e-05
-8.435058593750000000e-01 -1.828042574338462604e-05
-8.190917968750000000e-01 -1.592612848855478697e-05
-7.946777343750000000e-01 -1.287939086465735155e-05
-7.702636718750000000e-01 -1.066358168364103242e-05
-7.458496093750000000e-01 -7.478355985930074520e-06
-7.214355468750000000e-01 -6.508939469235434901e-06
-6.970214843750000000e-01 -5.262546804913755391e-06
-6.726074218750000000e-01 -4.293130288219116619e-06
-6.481933593750000000e-01 -2.077321107202798337e-06
-6.237792968750000000e-01 -6.924403690675995162e-07
-5.993652343750000000e-01 0.000000000000000000e+00
-5.749511718750000000e-01 -8.309284428811193559e-07
-5.505371093750000000e-01 -4.154642214405596779e-07
-5.261230468750000000e-01 -4.154642214405596779e-07
-5.017089843750000000e-01 -5.539522952540795706e-07
-4.772949218750000000e-01 -1.246392664321679087e-06
-4.528808593750000000e-01 -1.107904590508159141e-06
-4.284667968750000000e-01 -5.539522952540795706e-07
-4.040527343750000000e-01 -6.924403690675995162e-07
-3.796386718750000000e-01 -8.309284428811194617e-07
-3.552246093750000000e-01 -5.539522952540795706e-07
-3.308105468750000000e-01 -5.539522952540795706e-07
-3.063964843750000000e-01 -6.924403690675995162e-07
-2.819824218750000000e-01 -5.539522952540796764e-07
-2.575683593750000000e-01 -2.769761476270397853e-07
-2.331542968750000000e-01 -6.924403690675995162e-07
-2.087402343750000000e-01 -1.246392664321679087e-06
-1.843261718750000000e-01 -6.924403690675995162e-07
-1.599121093750000000e-01 6.924403690675995162e-07
-1.354980468750000000e-01 1.246392664321679087e-06
-1.110839843750000000e-01 9.694165166946391956e-07
-8.666992187500000000e-02 2.769761476270397853e-07
-6.225585937500000000e-02 5.539522952540795706e-07
-3.784179687500000000e-02 1.107904590508159141e-06
-1.342773437500000000e-02 9.694165166946391956e-07
