1.098632812500000000e-02 -5.539522952540795706e-07
-1.342773437500000000e-02 -4.154642214405596779e-07
-3.784179687500000000e-02 -6.924403690675995162e-07
-6.225585937500000000e-02 2.769761476270397853e-07
-8.666992187500000000e-02 2.769761476270397853e-07
-1.110839843750000000e-01 0.000000000000000000e+00
-1.354980468750000000e-01 -6.924403690675995162e-07
-1.599121093750000000e-01 -6.924403690675995162e-07
-1.843261718750000000e-01 -5.539522952540795706e-07
-2.087402343750000000e-01 -4.154642214405596779e-07
-2.331542968750000000e-01 -6.924403690675995162e-07
-2.575683593750000000e-01 1.384880738135198926e-07
-2.819824218750000000e-01 8.309284428811193559e-07
-3.063964843750000000e-01 6.924403690675994103e-07
-3.308105468750000000e-01 6.924403690675995162e-07
-3.552246093750000000e-01 0.000000000000000000e+00
-3.796386718750000000e-01 1.384880738135198926e-07
-4.040527343750000000e-01 -8.309284428811193559e-07
-4.284667968750000000e-01 -4.154642214405596779e-07
-4.528808593750000000e-01 -8.309284428811193559e-07
-4.772949218750000000e-01 -4.154642214405596779e-07
-5.017089843750000000e-01 -4.154642214405596779e-07
-5.261230468750000000e-01 -6.924403690675995162e-07
-5.505371093750000000e-01 -1.107904590508159141e-06
-5.749511718750000000e-01 -8.309284428811194617e-07
-5.993652343750000000e-01 -6.924403690675995162e-07
-6.237792968750000000e-01 -1.107904590508159141e-06
-6.481933593750000000e-01 -1.800344959575758869e-06
-6.726074218750000000e-01 -8.309284428811193559e-07
-6.970214843750000000e-01 -1.384880738135198926e-07
-7.214355468750000000e-01 -5.539522952540795706e-07
-7.458496093750000000e-01 -1.938833033389278391e-06
-7.702636718750000000e-01 -2.631273402456878119e-06
-7.946777343750000000e-01 -2.077321107202798337e-06
-8.190917968750000000e-01 -2.492785328643358173e-06
-8.435058593750000000e-01 -3.185225697710957478e-06
-8.679199218750000000e-01 -4.570106435846156510e-06
-8.923339843750000000e-01 -4.985570657286716347e-06
-9.167480468750000000e-01 -4.154642214405596673e-06
-9.411621093750000000e-01 -4.570106435846156510e-06
-9.655761718750000000e-01 -4.985570657286716347e-06
-9.899902343750000000e-01 -5.954987173981355119e-06
-1.014404296875000000e+00 -6.508939469235434901e-06
-1.038818359375000000e+00 -6.647427543048954847e-06
-1.063232421875000000e+00 -7.478355985930074520e-06
-1.087646484375000000e+00 -7.755332133557113564e-06
-1.112060546875000000e+00 -8.724748650251753184e-06
-1.136474609375000000e+00 -1.024811746220047258e-05
-1.160888671875000000e+00 -1.107904590508159056e-05
-1.185302734375000000e+00 -1.232543856940327007e-05
-1.209716796875000000e+00 -1.384880738135198948e-05
-1.234130859375000000e+00 -1.537217619330070718e-05
-1.258544921875000000e+00 -1.606461656236830691e-05
-1.282958984375000000e+00 -1.620310463618182686e-05
-1.307373046875000000e+00 -1.744949730050350637e-05
-1.331787109375000000e+00 -1.924984226007926566e-05
-1.356201171875000000e+00 -2.077321107202798506e-05
-1.380615234375000000e+00 -2.395843676973894381e-05
-1.405029296875000000e+00 -2.492785328643358004e-05
-1.429443359375000000e+00 -2.852854320558509863e-05
-1.453857421875000000e+00 -2.811307898414453879e-05
-1.478271484375000000e+00 -2.963644779609325819e-05
-1.502685546875000000e+00 -2.894400742702565846e-05
-1.527099609375000000e+00 -3.157528082948253404e-05
-1.551513671875000000e+00 -3.420655423193941301e-05
-1.575927734375000000e+00 -3.545294689626109252e-05
-1.600341796875000000e+00 -3.503748267482053268e-05
-1.624755859375000000e+00 -3.503748267482053268e-05
-1.649169921875000000e+00 -3.683782763439629197e-05
-1.673583984375000000e+00 -4.514711206320748871e-05
-1.697998046875000000e+00 -5.567220567303499780e-05
-1.722412109375000000e+00 -7.409111949023314378e-05
-1.746826171875000000e+00 -9.237154523361777660e-05
-1.771240234375000000e+00 -1.239468260631002971e-04
-1.795654296875000000e+00 -1.512289766043637264e-04
-1.820068359375000000e+00 -1.793420555885082753e-04
-1.844482421875000000e+00 -1.947142317818089622e-04
-1.868896484375000000e+00 -2.092554795322285565e-04
-1.893310546875000000e+00 -2.207499896587507119e-04
-1.917724609375000000e+00 -2.327984520805269472e-04
-1.942138671875000000e+00 -2.458163310189978492e-04
-1.966552734375000000e+00 -2.589726980312821898e-04
-1.990966796875000000e+00 -2.750373145936505035e-04
-2.015380859375000000e+00 -2.908249550083917773e-04
-2.039794921875000000e+00 -3.079974761612682506e-04
-2.064208984375000000e+00 -3.211538431735526454e-04
-2.088623046875000000e+00 -3.345871863334640801e-04
-2.113037109375000000e+00 -3.460816964599862356e-04
-2.137451171875000000e+00 -3.574377185126948169e-04
-2.161865234375000000e+00 -3.701786213035386519e-04
-2.186279296875000000e+00 -3.843044048325176864e-04
-2.210693359375000000e+00 -4.011999498377671197e-04
-2.235107421875000000e+00 -4.171260783263219135e-04
-2.259521484375000000e+00 -4.327752306672496673e-04
-2.283935546875000000e+00 -4.474549664914827815e-04
-2.308349609375000000e+00 -4.636580711276646152e-04
-2.332763671875000000e+00 -4.790302473209653291e-04
-2.357177734375000000e+00 -4.896938290046063107e-04
-2.357177734375000000e+00 -4.937099831451984434e-04
-2.332763671875000000e+00 -4.901092932260469248e-04
-2.308349609375000000e+00 -4.838773299044385272e-04
-2.283935546875000000e+00 -4.748756051065597308e-04
-2.259521484375000000e+00 -4.655969041610538944e-04
-2.235107421875000000e+00 -4.552102986250398985e-04
-2.210693359375000000e+00 -4.448236930890259026e-04
-2.186279296875000000e+00 -4.352680159958930263e-04
-2.161865234375000000e+00 -4.261278031242007099e-04
-2.137451171875000000e+00 -4.165721260310678337e-04
-2.113037109375000000e+00 -4.066009847164943976e-04
-2.088623046875000000e+00 -3.969068195495480014e-04
-2.064208984375000000e+00 -3.883205589731097648e-04
-2.039794921875000000e+00 -3.784879057323498486e-04
-2.015380859375000000e+00 -3.685167644177764126e-04
-1.990966796875000000e+00 -3.590995753984570563e-04
-1.966552734375000000e+00 -3.509287790434594337e-04
-1.942138671875000000e+00 -3.423425184670211971e-04
-1.917724609375000000e+00 -3.318174248571936812e-04
-1.893310546875000000e+00 -3.218462835426202451e-04
-1.868896484375000000e+00 -3.121521183756738489e-04
-1.844482421875000000e+00 -3.024579532087274527e-04
-1.820068359375000000e+00 -2.929022761155945765e-04
-1.795654296875000000e+00 -2.844545036129698598e-04
-1.771240234375000000e+00 -2.755912668889045833e-04
-1.746826171875000000e+00 -2.675589586077204264e-04
-1.722412109375000000e+00 -2.580032815145876044e-04
-1.697998046875000000e+00 -2.499709732334034476e-04
-1.673583984375000000e+00 -2.412462245831516639e-04
-1.649169921875000000e+00 -2.326599640067134273e-04
-1.624755859375000000e+00 -2.237967272826481507e-04
-1.600341796875000000e+00 -2.161798832229045537e-04
-1.575927734375000000e+00 -2.082860630155339168e-04
-1.551513671875000000e+00 -2.003922428081632799e-04
-1.527099609375000000e+00 -1.901441253459628040e-04
-1.502685546875000000e+00 -1.818348409171516072e-04
-1.478271484375000000e+00 -1.744949730050350772e-04
-1.453857421875000000e+00 -1.678475454619861198e-04
-1.429443359375000000e+00 -1.605076775498695627e-04
-1.405029296875000000e+00 -1.528908334901259657e-04
-1.380615234375000000e+00 -1.455509655780094086e-04
-1.356201171875000000e+00 -1.383495857397063714e-04
-1.331787109375000000e+00 -1.304557655323357345e-04
-1.307373046875000000e+00 -1.243622902845408569e-04
-1.282958984375000000e+00 -1.171609104462378333e-04
-1.258544921875000000e+00 -1.102365067555618360e-04
-1.234130859375000000e+00 -1.028966388434452789e-04
-1.209716796875000000e+00 -9.708013974327744120e-05
-1.185302734375000000e+00 -9.154061679073664337e-05
-1.160888671875000000e+00 -8.517016539531472588e-05
-1.136474609375000000e+00 -7.755332133557114242e-05
-1.112060546875000000e+00 -7.173682223540330471e-05
-1.087646484375000000e+00 -6.647427543048954677e-05
-1.063232421875000000e+00 -6.273509743752450824e-05
-1.038818359375000000e+00 -5.691859833735667731e-05
-1.014404296875000000e+00 -5.151756345862939943e-05
-9.899902343750000000e-01 -4.583955243227508166e-05
-9.655761718750000000e-01 -4.085398177498837039e-05
-9.411621093750000000e-01 -3.462201845337997284e-05
-9.167480468750000000e-01 -3.074435238660141437e-05
-8.923339843750000000e-01 -2.658971017219581939e-05
-8.679199218750000000e-01 -2.395843676973894042e-05
-8.435058593750000000e-01 -2.021925877677390528e-05
-8.190917968750000000e-01 -1.717252115287646648e-05
-7.946777343750000000e-01 -1.412578352897902937e-05
-7.702636718750000000e-01 -1.107904590508159226e-05
-7.458496093750000000e-01 -9.140212871692313020e-06
-7.214355468750000000e-01 -6.785915616862475639e-06
-6.970214843750000000e-01 -5.262546804913756238e-06
-6.726074218750000000e-01 -3.462201845337997369e-06
-6.481933593750000000e-01 -3.185225697710957478e-06
-6.237792968750000000e-01 -3.046737623897437532e-06
-5.993652343750000000e-01 -2.769761476270398065e-06
-5.749511718750000000e-01 -2.077321107202798337e-06
-5.505371093750000000e-01 -1.523368811948718978e-06
-5.261230468750000000e-01 -6.924403690675994103e-07
-5.017089843750000000e-01 -1.384880738135199032e-06
-4.772949218750000000e-01 -1.107904590508159141e-06
-4.528808593750000000e-01 -1.384880738135198821e-06
-4.284667968750000000e-01 -5.539522952540795706e-07
-4.040527343750000000e-01 -2.769761476270397853e-07
-3.796386718750000000e-01 8.309284428811193559e-07
-3.552246093750000000e-01 9.694165166946391956e-07
-3.308105468750000000e-01 9.694165166946391956e-07
-3.063964843750000000e-01 -1.384880738135198926e-07
-2.819824218750000000e-01 -9.694165166946391956e-07
-2.575683593750000000e-01 -6.924403690675995162e-07
-2.331542968750000000e-01 0.000000000000000000e+00
-2.087402343750000000e-01 1.384880738135199032e-06
-1.843261718750000000e-01 1.938833033389278391e-06
-1.599121093750000000e-01 1.938833033389278391e-06
-1.354980468750000000e-01 1.800344959575758657e-06
-1.110839843750000000e-01 1.523368811948718766e-06
-8.666992187500000000e-02 1.523368811948718978e-06
-6.225585937500000000e-02 8.309284428811193559e-07
-3.784179687500000000e-02 -1.384880738135198397e-07
-1.342773437500000000e-02 -8.309284428811193559e-07
