0.000000000000000000e+00 4.771576582859010997e-06
1.220703125000000000e-02 1.077013000131033879e-05
2.441406250000000000e-02 1.649602190074115165e-05
3.662109375000000000e-02 2.235824455968222325e-05
4.882812500000000000e-02 2.535752126890788503e-05
6.103515625000000000e-02 3.135607468735921198e-05
7.324218750000000000e-02 3.462801291560538785e-05
8.544921875000000000e-02 3.899059721993362686e-05
9.765625000000000000e-02 4.321685076475161052e-05
1.098632812500000000e-01 4.812475810712087772e-05
1.220703125000000000e-01 5.425964228508246341e-05
1.342773437500000000e-01 5.862222658941069564e-05
1.464843750000000000e-01 6.271214937471843750e-05
1.586914062500000000e-01 6.993767962876207278e-05
1.708984375000000000e-01 7.607256380672366525e-05
1.831054687500000000e-01 8.084414038958266354e-05
1.953125000000000000e-01 8.588837849146218608e-05
2.075195312500000000e-01 9.065995507432121148e-05
2.197265625000000000e-01 9.829447760689561959e-05
2.319335937500000000e-01 1.018390773541623265e-04
2.441406250000000000e-01 1.057926693799597791e-04
2.563476562500000000e-01 1.122002150769418823e-04
2.685546875000000000e-01 1.194257453309855311e-04
2.807617187500000000e-01 1.259696217874778693e-04
2.929687500000000000e-01 1.314228521678881918e-04
3.051757812500000000e-01 1.367397517887882115e-04
3.173828125000000000e-01 1.435562897643011010e-04
3.295898437500000000e-01 1.518724660944268062e-04
3.417968750000000000e-01 1.596433193865114900e-04
3.540039062500000000e-01 1.667325188810448496e-04
3.662109375000000000e-01 1.730037338185167178e-04
3.784179687500000000e-01 1.783206334394167375e-04
3.906250000000000000e-01 1.847281791363988271e-04
4.028320312500000000e-01 1.905904017953398953e-04
4.150390625000000000e-01 1.976796012898732820e-04
4.272460937500000000e-01 2.044961392653861444e-04
4.394531250000000000e-01 2.094040466077554455e-04
4.516601562500000000e-01 2.156752615452272866e-04
4.638671875000000000e-01 2.230371225587811975e-04
4.760742187500000000e-01 2.288993452177222386e-04
4.882812500000000000e-01 2.348978986361735825e-04
5.004882812500000000e-01 2.413054443331556992e-04
5.126953125000000000e-01 2.507122667393635014e-04
5.249023437500000000e-01 2.591647738289994552e-04
5.371093750000000000e-01 2.648906657284302206e-04
5.493164062500000000e-01 2.700712345898199918e-04
5.615234375000000000e-01 2.767514418058226056e-04
5.737304687500000000e-01 2.811140261101508853e-04
5.859375000000000000e-01 2.887485486427252934e-04
5.981445312500000000e-01 2.963830711752997015e-04
6.103515625000000000e-01 3.049719090244459039e-04
6.225585937500000000e-01 3.117884469999587663e-04
6.347656250000000000e-01 3.165600235828177917e-04
6.469726562500000000e-01 3.236492230773512055e-04
6.591796875000000000e-01 3.331923762430692021e-04
6.713867187500000000e-01 3.394635911805410702e-04
6.835937500000000000e-01 3.468254521940949270e-04
6.958007812500000000e-01 3.498247289033206125e-04
7.080078125000000000e-01 3.563686053598129778e-04
7.202148437500000000e-01 3.616855049807129975e-04
7.324218750000000000e-01 3.655027662470002286e-04
7.446289062500000000e-01 3.690473659942669084e-04
7.568359375000000000e-01 3.708196658679002483e-04
7.690429687500000000e-01 3.706833351083899998e-04
7.812500000000000000e-01 3.720466427034925939e-04
7.934570312500000000e-01 3.683657121967156113e-04
8.056640625000000000e-01 3.664570815635720229e-04
8.178710937500000000e-01 3.599132051070796576e-04
8.300781250000000000e-01 3.569139283978540263e-04
8.422851562500000000e-01 3.468254521940949270e-04
8.544921875000000000e-01 3.323743916860077106e-04
8.666992187500000000e-01 3.165600235828177917e-04
8.789062500000000000e-01 3.021089630747305211e-04
8.911132812500000000e-01 2.890212101617458448e-04
9.033203125000000000e-01 2.797507185150482911e-04
9.155273437500000000e-01 2.697985730707994946e-04
9.277343750000000000e-01 2.603917506645916924e-04
9.399414062500000000e-01 2.511212590178942472e-04
9.521484375000000000e-01 2.500306129418121501e-04
9.643554687500000000e-01 2.468950054730762703e-04
9.765625000000000000e-01 2.474403285111173188e-04
9.887695312500000000e-01 2.396694752190325808e-04
1.000976562500000000e+00 2.396694752190326079e-04
1.013183593750000000e+00 2.287630144582119900e-04
1.025390625000000000e+00 2.194925228115144906e-04
1.037597656250000000e+00 2.084497312911836513e-04
1.049804687500000000e+00 2.004062164800784703e-04
1.062011718750000000e+00 1.889544326812168040e-04
1.074218750000000000e+00 1.791386179964782831e-04
1.086425781250000000e+00 1.888181019217065825e-04
1.098632812500000000e+00 2.042234777463656473e-04
1.110839843750000000e+00 2.229007917992709218e-04
1.098632812500000000e+00 2.132213078740426496e-04
1.086425781250000000e+00 1.999972242015476704e-04
1.074218750000000000e+00 1.758666797682321005e-04
1.062011718750000000e+00 1.629152576147576727e-04
1.049804687500000000e+00 1.525541198919780762e-04
1.037597656250000000e+00 1.501001662207934392e-04
1.025390625000000000e+00 1.483278663471600993e-04
1.013183593750000000e+00 1.475098817900985537e-04
1.000976562500000000e+00 1.419203206501780097e-04
9.887695312500000000e-01 1.379667286243805300e-04
9.765625000000000000e-01 1.366034210292779629e-04
9.643554687500000000e-01 1.337404750795625531e-04
9.521484375000000000e-01 1.263786140660086692e-04
9.399414062500000000e-01 1.206527221665778361e-04
9.277343750000000000e-01 1.143815072291059950e-04
9.155273437500000000e-01 1.090646076082059618e-04
9.033203125000000000e-01 1.026570619112238450e-04
8.911132812500000000e-01 9.965778520199820021e-05
8.789062500000000000e-01 9.597685469522124473e-05
8.666992187500000000e-01 8.970563975774940369e-05
8.544921875000000000e-01 8.411607861782884618e-05
8.422851562500000000e-01 8.193478646566471990e-05
8.300781250000000000e-01 7.866284823741855081e-05
8.178710937500000000e-01 7.470925621162108462e-05
8.056640625000000000e-01 7.130098722386463985e-05
7.934570312500000000e-01 6.748372595757743580e-05
7.812500000000000000e-01 6.393912621031074244e-05
7.690429687500000000e-01 5.903121886794146847e-05
7.568359375000000000e-01 5.671359595626709361e-05
7.446289062500000000e-01 5.535028836116451977e-05
7.324218750000000000e-01 5.166935785438757107e-05
7.202148437500000000e-01 4.703411203103882135e-05
7.080078125000000000e-01 4.621612747397727569e-05
6.958007812500000000e-01 4.498915063838495720e-05
6.835937500000000000e-01 4.430749684083366689e-05
6.713867187500000000e-01 3.980858177699517930e-05
6.591796875000000000e-01 3.789995114385157049e-05
6.469726562500000000e-01 3.694563582727976948e-05
6.347656250000000000e-01 3.530966671315667816e-05
6.225585937500000000e-01 3.312837456099255865e-05
6.103515625000000000e-01 3.108341316833870127e-05
5.981445312500000000e-01 2.835679797813355020e-05
5.859375000000000000e-01 2.617550582596942730e-05
5.737304687500000000e-01 2.413054443331556653e-05
5.615234375000000000e-01 2.508485974988737094e-05
5.493164062500000000e-01 2.481219823086685346e-05
5.371093750000000000e-01 2.399421367380530779e-05
5.249023437500000000e-01 2.085860620506938727e-05
5.126953125000000000e-01 1.949529860996681682e-05
5.004882812500000000e-01 1.690501417927192448e-05
4.882812500000000000e-01 1.745033721731295266e-05
4.760742187500000000e-01 1.458739126759754623e-05
4.638671875000000000e-01 1.486005278661806202e-05
4.516601562500000000e-01 1.063379924180008005e-05
4.394531250000000000e-01 1.117912227984110993e-05
4.272460937500000000e-01 9.679483925228279039e-06
4.150390625000000000e-01 1.036113772277956596e-05
4.028320312500000000e-01 9.815814684738536085e-06
3.906250000000000000e-01 1.036113772277956596e-05
3.784179687500000000e-01 1.022480696326930892e-05
3.662109375000000000e-01 9.270491646697506208e-06
3.540039062500000000e-01 8.997830127676992117e-06
3.417968750000000000e-01 9.815814684738536085e-06
3.295898437500000000e-01 9.952145444248793130e-06
3.173828125000000000e-01 9.815814684738536085e-06
3.051757812500000000e-01 8.997830127676992117e-06
2.929687500000000000e-01 9.134160887187249163e-06
2.807617187500000000e-01 9.406822406207763254e-06
2.685546875000000000e-01 8.179845570615446455e-06
2.563476562500000000e-01 8.725168608656478026e-06
2.441406250000000000e-01 7.089199494533386702e-06
2.319335937500000000e-01 6.407545696982099780e-06
2.197265625000000000e-01 4.089922785307723228e-06
2.075195312500000000e-01 4.635245823348753104e-06
1.953125000000000000e-01 5.180568861389782981e-06
1.831054687500000000e-01 4.907907342369268042e-06
1.708984375000000000e-01 3.544599747266693351e-06
1.586914062500000000e-01 2.999276709225663474e-06
1.464843750000000000e-01 4.226253544817980273e-06
1.342773437500000000e-01 2.317622911674376552e-06
1.220703125000000000e-01 5.453230380410296648e-07
1.098632812500000000e-01 -1.363307595102572574e-07
9.765625000000000000e-02 -6.816537975512873458e-07
8.544921875000000000e-02 8.179845570615446032e-07
7.324218750000000000e-02 8.179845570615446032e-07
6.103515625000000000e-02 2.453953671184634445e-06
4.882812500000000000e-02 4.235164736271501695e-22
3.662109375000000000e-02 -1.499638354612831737e-06
2.441406250000000000e-02 -6.816537975512871340e-07
1.220703125000000000e-02 9.543153165718020723e-07
