0.000000000000000000e+00 5.725891899430812857e-06
1.220703125000000000e-02 1.158811455837188276e-05
2.441406250000000000e-02 1.635969114123089291e-05
3.662109375000000000e-02 2.222191380017196112e-05
4.882812500000000000e-02 2.522119050939762629e-05
6.103515625000000000e-02 3.081075164931818379e-05
7.324218750000000000e-02 3.394635911805410431e-05
8.544921875000000000e-02 3.653664354874899665e-05
9.765625000000000000e-02 3.980858177699517252e-05
1.098632812500000000e-01 4.539814291691573003e-05
1.220703125000000000e-01 5.330532696851066239e-05
1.342773437500000000e-01 5.889488810843121990e-05
1.464843750000000000e-01 6.189416481765689184e-05
1.586914062500000000e-01 6.816537975512873288e-05
1.708984375000000000e-01 7.334594861651850400e-05
1.831054687500000000e-01 7.920817127545957221e-05
1.953125000000000000e-01 8.507039393440064042e-05
2.075195312500000000e-01 9.093261659334170863e-05
2.197265625000000000e-01 9.597685469522124473e-05
2.319335937500000000e-01 9.979411596150846234e-05
2.441406250000000000e-01 1.062016616584905520e-04
2.563476562500000000e-01 1.141088457100854843e-04
2.685546875000000000e-01 1.202437298880470632e-04
2.807617187500000000e-01 1.235156681162932594e-04
2.929687500000000000e-01 1.299232138132753490e-04
3.051757812500000000e-01 1.352401134341753958e-04
3.173828125000000000e-01 1.432836282452805768e-04
3.295898437500000000e-01 1.481915355876498508e-04
3.417968750000000000e-01 1.555533966012037617e-04
3.540039062500000000e-01 1.630515883742679212e-04
3.662109375000000000e-01 1.709587724258628536e-04
3.784179687500000000e-01 1.753213567301911062e-04
3.906250000000000000e-01 1.798202717940295802e-04
4.028320312500000000e-01 1.855461636934603998e-04
4.150390625000000000e-01 1.948166553401578993e-04
4.272460937500000000e-01 2.021785163537118102e-04
4.394531250000000000e-01 2.106310234433477640e-04
4.516601562500000000e-01 2.169022383808196050e-04
4.638671875000000000e-01 2.245367609133940132e-04
4.760742187500000000e-01 2.286266836987017415e-04
4.882812500000000000e-01 2.366701985098069224e-04
5.004882812500000000e-01 2.422597596497274935e-04
5.126953125000000000e-01 2.496216206632814044e-04
5.249023437500000000e-01 2.548021895246711755e-04
5.371093750000000000e-01 2.608007429431224923e-04
5.493164062500000000e-01 2.685715962352071490e-04
5.615234375000000000e-01 2.781147494009251998e-04
5.737304687500000000e-01 2.861582642120304078e-04
5.859375000000000000e-01 2.927021406685227731e-04
5.981445312500000000e-01 2.991096863655048899e-04
6.103515625000000000e-01 3.067442088980792438e-04
6.225585937500000000e-01 3.141060699116331547e-04
6.347656250000000000e-01 3.201046233300844715e-04
6.469726562500000000e-01 3.267848305460870854e-04
6.591796875000000000e-01 3.337376992811101964e-04
6.713867187500000000e-01 3.395999219400513188e-04
6.835937500000000000e-01 3.488704135867488182e-04
6.958007812500000000e-01 3.559596130812822320e-04
7.080078125000000000e-01 3.641394586518976887e-04
7.202148437500000000e-01 3.698653505513284541e-04
7.324218750000000000e-01 3.773635423243926136e-04
7.446289062500000000e-01 3.837710880213746761e-04
7.568359375000000000e-01 3.882700030852132044e-04
7.690429687500000000e-01 3.896333106803157986e-04
7.812500000000000000e-01 3.937232334656234727e-04
7.934570312500000000e-01 3.969951716938696553e-04
8.056640625000000000e-01 4.004034406816260865e-04
8.178710937500000000e-01 4.010850944791774378e-04
8.300781250000000000e-01 4.016304175172184863e-04
8.422851562500000000e-01 4.020394097957491778e-04
8.544921875000000000e-01 3.999944484030953950e-04
8.666992187500000000e-01 3.864977032115798645e-04
8.789062500000000000e-01 3.776362038434131650e-04
8.911132812500000000e-01 3.638667971328770831e-04
9.033203125000000000e-01 3.675477276396541199e-04
9.155273437500000000e-01 3.575955821954053234e-04
9.277343750000000000e-01 3.539146516886283408e-04
9.399414062500000000e-01 3.453258138394821384e-04
9.521484375000000000e-01 3.445078292824205928e-04
9.643554687500000000e-01 3.338740300406204992e-04
9.765625000000000000e-01 3.211952694061665685e-04
9.887695312500000000e-01 3.171053466208588402e-04
1.000976562500000000e+00 3.176506696588998887e-04
1.013183593750000000e+00 3.176506696588998887e-04
1.000976562500000000e+00 2.999276709225663813e-04
9.887695312500000000e-01 2.899755254783175848e-04
9.765625000000000000e-01 2.733431728180661744e-04
9.643554687500000000e-01 2.613460659811635408e-04
9.521484375000000000e-01 2.460770209160147246e-04
9.399414062500000000e-01 2.372155215478479709e-04
9.277343750000000000e-01 2.284903529391914658e-04
9.155273437500000000e-01 2.190835305329837178e-04
9.033203125000000000e-01 2.091313850887349213e-04
8.911132812500000000e-01 2.012242010371399618e-04
8.789062500000000000e-01 2.019058548346912589e-04
8.666992187500000000e-01 1.998608934420373947e-04
8.544921875000000000e-01 1.975432705303630334e-04
8.422851562500000000e-01 1.866368097695424427e-04
8.300781250000000000e-01 1.799566025535398288e-04
8.178710937500000000e-01 1.730037338185167178e-04
8.056640625000000000e-01 1.661871958430038282e-04
7.934570312500000000e-01 1.552807350821832375e-04
7.812500000000000000e-01 1.483278663471600993e-04
7.690429687500000000e-01 1.419203206501780097e-04
7.568359375000000000e-01 1.375577363458497572e-04
7.446289062500000000e-01 1.326498290034805103e-04
7.324218750000000000e-01 1.251516372304163508e-04
7.202148437500000000e-01 1.194257453309855311e-04
7.080078125000000000e-01 1.124728765959623930e-04
6.958007812500000000e-01 1.068833154560418490e-04
6.835937500000000000e-01 1.030660541897546314e-04
6.713867187500000000e-01 9.883980064493665455e-05
6.591796875000000000e-01 9.597685469522124473e-05
6.469726562500000000e-01 9.025096279579043865e-05
6.347656250000000000e-01 8.479773241538014327e-05
6.225585937500000000e-01 8.016248659203138000e-05
6.103515625000000000e-01 7.770853292084675657e-05
5.981445312500000000e-01 7.252796405945695834e-05
5.859375000000000000e-01 6.707473367904666296e-05
5.737304687500000000e-01 6.121251102010559476e-05
5.615234375000000000e-01 5.862222658941070242e-05
5.493164062500000000e-01 5.671359595626710039e-05
5.371093750000000000e-01 5.289633468997988956e-05
5.249023437500000000e-01 4.839741962614140197e-05
5.126953125000000000e-01 4.458015835985418437e-05
5.004882812500000000e-01 4.103555861258749101e-05
4.882812500000000000e-01 3.980858177699517930e-05
4.760742187500000000e-01 3.735462810581054231e-05
4.638671875000000000e-01 3.558232823217719564e-05
4.516601562500000000e-01 3.299204380148230330e-05
4.394531250000000000e-01 2.862945949715406429e-05
4.272460937500000000e-01 2.494852899037711220e-05
4.150390625000000000e-01 2.440320595233608063e-05
4.028320312500000000e-01 2.317622911674376891e-05
3.906250000000000000e-01 2.222191380017196451e-05
3.784179687500000000e-01 2.099493696457964940e-05
3.662109375000000000e-01 1.854098329339501242e-05
3.540039062500000000e-01 1.894997557192578525e-05
3.417968750000000000e-01 1.676868341976166574e-05
3.295898437500000000e-01 1.649602190074115165e-05
3.173828125000000000e-01 1.336041443200522944e-05
3.051757812500000000e-01 1.158811455837188445e-05
2.929687500000000000e-01 1.199710683690265559e-05
2.807617187500000000e-01 1.281509139396419956e-05
2.685546875000000000e-01 1.063379924180008005e-05
2.563476562500000000e-01 8.588837849146219286e-06
2.441406250000000000e-01 7.498191773064159533e-06
2.319335937500000000e-01 7.225530254043644594e-06
2.197265625000000000e-01 6.134884177961584841e-06
2.075195312500000000e-01 4.771576582859010997e-06
1.953125000000000000e-01 5.453230380410297919e-06
1.831054687500000000e-01 5.180568861389782981e-06
1.708984375000000000e-01 5.589561139920555812e-06
1.586914062500000000e-01 4.498915063838496058e-06
1.464843750000000000e-01 5.316899620900040026e-06
1.342773437500000000e-01 2.862945949715406429e-06
1.220703125000000000e-01 2.453953671184634021e-06
1.098632812500000000e-01 2.044961392653861614e-06
9.765625000000000000e-02 3.544599747266693351e-06
8.544921875000000000e-02 4.089922785307723228e-06
7.324218750000000000e-02 1.635969114123089418e-06
6.103515625000000000e-02 1.363307595102575221e-07
4.882812500000000000e-02 5.453230380410296648e-07
3.662109375000000000e-02 1.908630633143604145e-06
2.441406250000000000e-02 2.044961392653861614e-06
1.220703125000000000e-02 4.089922785307723016e-07
