0.000000000000000000e+00 5.725891899430812857e-06
1.220703125000000000e-02 1.199710683690265559e-05
2.441406250000000000e-02 1.976796012898733091e-05
3.662109375000000000e-02 2.413054443331556992e-05
4.882812500000000000e-02 2.849312873764380894e-05
6.103515625000000000e-02 3.203772848491050229e-05
7.324218750000000000e-02 3.530966671315668493e-05
8.544921875000000000e-02 3.912692797944388899e-05
9.765625000000000000e-02 4.417116608132341831e-05
1.098632812500000000e-01 4.989705798075423117e-05
1.220703125000000000e-01 5.412331152557220805e-05
1.342773437500000000e-01 5.875855734892095777e-05
1.464843750000000000e-01 6.230315709618766467e-05
1.586914062500000000e-01 6.925602583121078925e-05
1.708984375000000000e-01 7.307328709749800685e-05
1.831054687500000000e-01 7.934450203496984789e-05
1.953125000000000000e-01 8.302543254174678982e-05
2.075195312500000000e-01 9.038729355530068722e-05
2.197265625000000000e-01 9.502253937864945049e-05
2.319335937500000000e-01 1.018390773541623265e-04
2.441406250000000000e-01 1.081102922916341675e-04
2.563476562500000000e-01 1.149268302671470300e-04
2.685546875000000000e-01 1.232430065972727352e-04
2.807617187500000000e-01 1.256969602684573722e-04
2.929687500000000000e-01 1.325134982439702346e-04
3.051757812500000000e-01 1.374214055863395086e-04
3.173828125000000000e-01 1.454649203974446895e-04
3.295898437500000000e-01 1.517361353349165306e-04
3.417968750000000000e-01 1.565077119177755560e-04
3.540039062500000000e-01 1.637332421718191912e-04
3.662109375000000000e-01 1.704134493878218322e-04
3.784179687500000000e-01 1.755940182492116033e-04
3.906250000000000000e-01 1.830922100222757629e-04
4.028320312500000000e-01 1.873184635670937397e-04
4.150390625000000000e-01 1.952256476186886992e-04
4.272460937500000000e-01 2.017695240751810103e-04
4.394531250000000000e-01 2.103583619243272669e-04
4.516601562500000000e-01 2.181292152164119235e-04
4.638671875000000000e-01 2.233097840778017218e-04
4.760742187500000000e-01 2.291720067367427629e-04
4.882812500000000000e-01 2.344889063576428097e-04
5.004882812500000000e-01 2.413054443331556721e-04
5.126953125000000000e-01 2.489399668657301073e-04
5.249023437500000000e-01 2.575288047148763097e-04
5.371093750000000000e-01 2.647543349689199721e-04
5.493164062500000000e-01 2.717072037039430831e-04
5.615234375000000000e-01 2.779784186414149512e-04
5.737304687500000000e-01 2.823410029457431767e-04
5.859375000000000000e-01 2.902481869973381362e-04
5.981445312500000000e-01 2.978827095299125443e-04
6.103515625000000000e-01 3.070168704170997951e-04
6.225585937500000000e-01 3.132880853545716091e-04
6.347656250000000000e-01 3.184686542159613802e-04
6.469726562500000000e-01 3.258305152295152911e-04
6.591796875000000000e-01 3.321017301669871593e-04
6.713867187500000000e-01 3.389182681425000217e-04
6.835937500000000000e-01 3.447804908014410899e-04
6.958007812500000000e-01 3.507790442198924067e-04
7.080078125000000000e-01 3.570502591573642749e-04
7.202148437500000000e-01 3.660480892850412771e-04
7.324218750000000000e-01 3.704106735893694484e-04
7.446289062500000000e-01 3.765455577673310680e-04
7.568359375000000000e-01 3.788631806790054564e-04
7.690429687500000000e-01 3.828167727048029361e-04
7.812500000000000000e-01 3.864977032115798645e-04
7.934570312500000000e-01 3.860887109330491188e-04
8.056640625000000000e-01 3.833620957428439304e-04
8.178710937500000000e-01 3.757275732102695765e-04
8.300781250000000000e-01 3.686383737157361627e-04
8.422851562500000000e-01 3.601858666261001547e-04
8.544921875000000000e-01 3.520060210554847523e-04
8.666992187500000000e-01 3.395999219400513188e-04
8.789062500000000000e-01 3.330560454835589535e-04
8.911132812500000000e-01 3.233765615583306541e-04
9.033203125000000000e-01 3.169690158613485916e-04
9.155273437500000000e-01 3.049719090244459039e-04
9.277343750000000000e-01 3.026542861127715697e-04
9.399414062500000000e-01 3.000640016820766299e-04
9.521484375000000000e-01 2.987006940869740899e-04
9.643554687500000000e-01 2.823410029457431767e-04
9.765625000000000000e-01 2.684352654756969004e-04
9.887695312500000000e-01 2.597100968670404495e-04
1.000976562500000000e+00 2.538478742080993813e-04
1.013183593750000000e+00 2.523482358534864843e-04
1.025390625000000000e+00 2.425324211687479906e-04
1.037597656250000000e+00 2.527572281320172843e-04
1.049804687500000000e+00 2.538478742080993813e-04
1.062011718750000000e+00 2.605280814241019410e-04
1.049804687500000000e+00 2.312169681293966270e-04
1.037597656250000000e+00 2.081770697721631270e-04
1.025390625000000000e+00 1.815925716676628930e-04
1.013183593750000000e+00 1.743670414136192848e-04
1.000976562500000000e+00 1.655055420454525311e-04
9.887695312500000000e-01 1.567803734367960531e-04
9.765625000000000000e-01 1.505091584993242392e-04
9.643554687500000000e-01 1.385120516624215514e-04
9.521484375000000000e-01 1.348311211556446230e-04
9.399414062500000000e-01 1.258332910279676207e-04
9.277343750000000000e-01 1.247426449518855779e-04
9.155273437500000000e-01 1.141088457100854843e-04
9.033203125000000000e-01 1.097462614057572589e-04
8.911132812500000000e-01 9.993044672101871091e-05
8.789062500000000000e-01 9.543153165718020977e-05
8.666992187500000000e-01 8.970563975774940369e-05
8.544921875000000000e-01 8.752434760558527741e-05
8.422851562500000000e-01 8.588837849146219964e-05
8.300781250000000000e-01 8.084414038958266354e-05
8.178710937500000000e-01 7.539091000917236816e-05
8.056640625000000000e-01 7.007401038827232136e-05
7.934570312500000000e-01 6.830171051463898146e-05
7.812500000000000000e-01 6.734739519806718722e-05
7.690429687500000000e-01 6.339380317226970749e-05
7.568359375000000000e-01 5.889488810843121990e-05
7.446289062500000000e-01 5.521395760165426442e-05
7.324218750000000000e-01 4.976072722124396904e-05
7.202148437500000000e-01 4.676145051201830387e-05
7.080078125000000000e-01 4.458015835985418437e-05
6.958007812500000000e-01 4.458015835985419114e-05
6.835937500000000000e-01 4.417116608132341153e-05
6.713867187500000000e-01 4.185354316964903668e-05
6.591796875000000000e-01 3.939958949846439969e-05
6.469726562500000000e-01 3.544599747266693351e-05
6.347656250000000000e-01 3.408268987756435966e-05
6.225585937500000000e-01 3.162873620637972946e-05
6.103515625000000000e-01 2.972010557323612404e-05
5.981445312500000000e-01 2.481219823086685346e-05
5.859375000000000000e-01 2.399421367380531118e-05
5.737304687500000000e-01 2.249457531919247860e-05
5.615234375000000000e-01 2.344889063576427961e-05
5.493164062500000000e-01 2.154026000262067758e-05
5.371093750000000000e-01 2.004062164800784500e-05
5.249023437500000000e-01 1.745033721731295605e-05
5.126953125000000000e-01 1.513271430563857611e-05
5.004882812500000000e-01 1.445106050808729088e-05
4.882812500000000000e-01 1.199710683690265559e-05
4.760742187500000000e-01 1.158811455837188445e-05
4.638671875000000000e-01 9.952145444248793130e-06
4.516601562500000000e-01 9.815814684738536085e-06
4.394531250000000000e-01 9.679483925228279039e-06
4.272460937500000000e-01 9.952145444248793130e-06
4.150390625000000000e-01 1.063379924180008175e-05
4.028320312500000000e-01 1.104279152033085288e-05
3.906250000000000000e-01 1.008847620375905187e-05
3.784179687500000000e-01 1.036113772277956596e-05
3.662109375000000000e-01 1.022480696326930722e-05
3.540039062500000000e-01 1.022480696326930722e-05
3.417968750000000000e-01 9.543153165718020300e-06
3.295898437500000000e-01 7.634522532574416578e-06
3.173828125000000000e-01 6.271214937471842734e-06
3.051757812500000000e-01 5.180568861389782981e-06
2.929687500000000000e-01 3.817261266287208289e-06
2.807617187500000000e-01 2.453953671184634021e-06
2.685546875000000000e-01 1.772299873633347099e-06
2.563476562500000000e-01 2.317622911674376552e-06
2.441406250000000000e-01 2.862945949715406852e-06
2.319335937500000000e-01 1.635969114123089206e-06
2.197265625000000000e-01 1.226976835592317222e-06
2.075195312500000000e-01 1.363307595102574692e-06
1.953125000000000000e-01 3.544599747266693774e-06
1.831054687500000000e-01 3.135607468735921367e-06
1.708984375000000000e-01 4.226253544817980273e-06
1.586914062500000000e-01 1.499638354612831737e-06
1.464843750000000000e-01 1.635969114123089206e-06
1.342773437500000000e-01 -8.179845570615446032e-07
1.220703125000000000e-01 1.363307595102574692e-06
1.098632812500000000e-01 -2.726615190205147265e-07
9.765625000000000000e-02 1.635969114123089418e-06
8.544921875000000000e-02 6.816537975512871340e-07
7.324218750000000000e-02 2.999276709225663474e-06
6.103515625000000000e-02 2.726615190205148536e-06
4.882812500000000000e-02 3.271938228246178836e-06
3.662109375000000000e-02 8.179845570615448149e-07
2.441406250000000000e-02 1.499638354612831949e-06
1.220703125000000000e-02 1.363307595102572574e-07
