0.000000000000000000e+00 5.453230380410297919e-06
1.220703125000000000e-02 9.952145444248793130e-06
2.441406250000000000e-02 1.540537582465909190e-05
3.662109375000000000e-02 1.867731405290527116e-05
4.882812500000000000e-02 2.303989835723350678e-05
6.103515625000000000e-02 2.944744405421560995e-05
7.324218750000000000e-02 3.503700519413616068e-05
8.544921875000000000e-02 4.076289709356698031e-05
9.765625000000000000e-02 4.539814291691573003e-05
1.098632812500000000e-01 4.921540418320294086e-05
1.220703125000000000e-01 5.412331152557220805e-05
1.342773437500000000e-01 5.848589582990044707e-05
1.464843750000000000e-01 6.393912621031074244e-05
1.586914062500000000e-01 7.034667190729284561e-05
1.708984375000000000e-01 7.525457924966210603e-05
1.831054687500000000e-01 7.934450203496983434e-05
1.953125000000000000e-01 8.479773241538012972e-05
2.075195312500000000e-01 9.065995507432121148e-05
2.197265625000000000e-01 9.693117001179305252e-05
2.319335937500000000e-01 1.015664158351418022e-04
2.441406250000000000e-01 1.063379924180008276e-04
2.563476562500000000e-01 1.108369074818393017e-04
2.685546875000000000e-01 1.180624377358829641e-04
2.807617187500000000e-01 1.240609911543342808e-04
2.929687500000000000e-01 1.331951520415215317e-04
3.051757812500000000e-01 1.375577363458497572e-04
3.173828125000000000e-01 1.442379435618523710e-04
3.295898437500000000e-01 1.483278663471600993e-04
3.417968750000000000e-01 1.550080735631627132e-04
3.540039062500000000e-01 1.630515883742679212e-04
3.662109375000000000e-01 1.725947415399859178e-04
3.784179687500000000e-01 1.772299873633346947e-04
3.906250000000000000e-01 1.815925716676629201e-04
4.028320312500000000e-01 1.875911250861142369e-04
4.150390625000000000e-01 1.961799629352604663e-04
4.272460937500000000e-01 2.049051315439169444e-04
4.394531250000000000e-01 2.076317467341220785e-04
4.516601562500000000e-01 2.149936077476759895e-04
4.638671875000000000e-01 2.208558304066170577e-04
4.760742187500000000e-01 2.278086991416401958e-04
4.882812500000000000e-01 2.327166064840094427e-04
5.004882812500000000e-01 2.381698368644197380e-04
5.126953125000000000e-01 2.453953671184633733e-04
5.249023437500000000e-01 2.549385202841814241e-04
5.371093750000000000e-01 2.620277197787147837e-04
5.493164062500000000e-01 2.704802268683507375e-04
5.615234375000000000e-01 2.748428111726790172e-04
5.737304687500000000e-01 2.808413645911303339e-04
5.859375000000000000e-01 2.852039488954586136e-04
5.981445312500000000e-01 2.929748021875432703e-04
6.103515625000000000e-01 2.993823478845253870e-04
6.225585937500000000e-01 3.096071548477946807e-04
6.347656250000000000e-01 3.160147005447767974e-04
6.469726562500000000e-01 3.256941844700050426e-04
6.591796875000000000e-01 3.322380609264974079e-04
6.713867187500000000e-01 3.386456066234795246e-04
6.835937500000000000e-01 3.473707752321359755e-04
6.958007812500000000e-01 3.541873132076488922e-04
7.080078125000000000e-01 3.603221973856104575e-04
7.202148437500000000e-01 3.648211124494489315e-04
7.324218750000000000e-01 3.698653505513284541e-04
7.446289062500000000e-01 3.772272115648824193e-04
7.568359375000000000e-01 3.814534651097003419e-04
7.690429687500000000e-01 3.810444728311695962e-04
7.812500000000000000e-01 3.799538267550874992e-04
7.934570312500000000e-01 3.774998730839029164e-04
8.056640625000000000e-01 3.769545500458618679e-04
8.178710937500000000e-01 3.765455577673310680e-04
8.300781250000000000e-01 3.715013196654515454e-04
8.422851562500000000e-01 3.650937739684694287e-04
8.544921875000000000e-01 3.500973904223411096e-04
8.666992187500000000e-01 3.360553221927846390e-04
8.789062500000000000e-01 3.267848305460870854e-04
8.911132812500000000e-01 3.164236928233075431e-04
9.033203125000000000e-01 3.091981625692639350e-04
9.155273437500000000e-01 3.014273092771792241e-04
9.277343750000000000e-01 2.966557326943201987e-04
9.399414062500000000e-01 2.884758871237047963e-04
9.521484375000000000e-01 2.711618806659020888e-04
9.643554687500000000e-01 2.490762976252403559e-04
9.765625000000000000e-01 2.323076142054786969e-04
9.887695312500000000e-01 2.245367609133940403e-04
1.000976562500000000e+00 2.192198612924939935e-04
1.013183593750000000e+00 2.189471997734734692e-04
1.025390625000000000e+00 2.080407390126528513e-04
1.037597656250000000e+00 2.023148471132220317e-04
1.049804687500000000e+00 2.181292152164118964e-04
1.062011718750000000e+00 2.284903529391914658e-04
1.074218750000000000e+00 2.179928844569016479e-04
1.062011718750000000e+00 1.783206334394167375e-04
1.049804687500000000e+00 1.584163425509191444e-04
1.037597656250000000e+00 1.574620272343473502e-04
1.025390625000000000e+00 1.560987196392447831e-04
1.013183593750000000e+00 1.514634738158960334e-04
1.000976562500000000e+00 1.477825433091190779e-04
9.887695312500000000e-01 1.443742743213626196e-04
9.765625000000000000e-01 1.419203206501780097e-04
9.643554687500000000e-01 1.364670902697677143e-04
9.521484375000000000e-01 1.285599062181727549e-04
9.399414062500000000e-01 1.190167530524547583e-04
9.277343750000000000e-01 1.128818688744931658e-04
9.155273437500000000e-01 1.075649692535931190e-04
9.033203125000000000e-01 1.015664158351418022e-04
8.911132812500000000e-01 9.311390874550584847e-05
8.789062500000000000e-01 8.752434760558527741e-05
8.666992187500000000e-01 8.002615583252111787e-05
8.544921875000000000e-01 7.770853292084675657e-05
8.422851562500000000e-01 7.443659469260057392e-05
8.300781250000000000e-01 7.252796405945695834e-05
8.178710937500000000e-01 6.857437203365950571e-05
8.056640625000000000e-01 6.502977228639279881e-05
7.934570312500000000e-01 6.093984950108508405e-05
7.812500000000000000e-01 5.875855734892095777e-05
7.690429687500000000e-01 5.371431924704143522e-05
7.568359375000000000e-01 5.003338874026447974e-05
7.446289062500000000e-01 4.648878899299778639e-05
7.324218750000000000e-01 4.526181215740546790e-05
7.202148437500000000e-01 4.389850456230290083e-05
7.080078125000000000e-01 3.912692797944388899e-05
6.958007812500000000e-01 3.476434367511564998e-05
6.835937500000000000e-01 3.176506696588999158e-05
6.713867187500000000e-01 3.081075164931818379e-05
6.591796875000000000e-01 3.012909785176690026e-05
6.469726562500000000e-01 2.740248266156174918e-05
6.347656250000000000e-01 2.385788291429505244e-05
6.225585937500000000e-01 2.126759848360016011e-05
6.103515625000000000e-01 2.072227544555913192e-05
5.981445312500000000e-01 1.963162936947707217e-05
5.859375000000000000e-01 1.881364481241552990e-05
5.737304687500000000e-01 1.785932949584372549e-05
5.615234375000000000e-01 1.826832177437449494e-05
5.493164062500000000e-01 1.649602190074115165e-05
5.371093750000000000e-01 1.445106050808728919e-05
5.249023437500000000e-01 1.281509139396419956e-05
5.126953125000000000e-01 1.226976835592316968e-05
5.004882812500000000e-01 1.172444531788214150e-05
4.882812500000000000e-01 1.186077607739239855e-05
4.760742187500000000e-01 1.186077607739239685e-05
4.638671875000000000e-01 9.543153165718020300e-06
4.516601562500000000e-01 7.634522532574416578e-06
4.394531250000000000e-01 5.453230380410297919e-06
4.272460937500000000e-01 5.725891899430812857e-06
4.150390625000000000e-01 4.226253544817980273e-06
4.028320312500000000e-01 4.498915063838495211e-06
3.906250000000000000e-01 3.817261266287209136e-06
3.784179687500000000e-01 4.907907342369268042e-06
3.662109375000000000e-01 4.226253544817981120e-06
3.540039062500000000e-01 5.453230380410297919e-06
3.417968750000000000e-01 2.726615190205148960e-06
3.295898437500000000e-01 2.044961392653861614e-06
3.173828125000000000e-01 5.453230380410296648e-07
3.051757812500000000e-01 2.317622911674376552e-06
2.929687500000000000e-01 3.544599747266693774e-06
2.807617187500000000e-01 2.453953671184634445e-06
2.685546875000000000e-01 1.635969114123089630e-06
2.563476562500000000e-01 8.179845570615446032e-07
2.441406250000000000e-01 9.543153165718020723e-07
2.319335937500000000e-01 1.090646076082059541e-06
2.197265625000000000e-01 1.908630633143604568e-06
2.075195312500000000e-01 2.181292152164119506e-06
1.953125000000000000e-01 3.544599747266694198e-06
1.831054687500000000e-01 2.590284430694891490e-06
1.708984375000000000e-01 2.862945949715406429e-06
1.586914062500000000e-01 2.317622911674376552e-06
1.464843750000000000e-01 1.772299873633347099e-06
1.342773437500000000e-01 -2.726615190205151501e-07
1.220703125000000000e-01 -8.179845570615448149e-07
1.098632812500000000e-01 -2.181292152164119506e-06
9.765625000000000000e-02 -4.089922785307723016e-07
8.544921875000000000e-02 -2.044961392653861614e-06
7.324218750000000000e-02 -5.453230380410297707e-07
6.103515625000000000e-02 -1.090646076082059541e-06
4.882812500000000000e-02 -6.816537975512872399e-07
3.662109375000000000e-02 -1.226976835592317011e-06
2.441406250000000000e-02 1.363307595102574692e-07
1.220703125000000000e-02 6.816537975512872399e-07
