0.000000000000000000e+00 9.406822406207763254e-06
1.220703125000000000e-02 1.663235266025141039e-05
2.441406250000000000e-02 1.881364481241552651e-05
3.662109375000000000e-02 2.385788291429505244e-05
4.882812500000000000e-02 2.753881342107200792e-05
6.103515625000000000e-02 3.503700519413616068e-05
7.324218750000000000e-02 3.776362038434131514e-05
8.544921875000000000e-02 3.994491253650543465e-05
9.765625000000000000e-02 4.212620468866954738e-05
1.098632812500000000e-01 4.676145051201830387e-05
1.220703125000000000e-01 5.235101165193886815e-05
1.342773437500000000e-01 5.848589582990044707e-05
1.464843750000000000e-01 6.325747241275945891e-05
1.586914062500000000e-01 6.898336431219026499e-05
1.708984375000000000e-01 7.389127165455953896e-05
1.831054687500000000e-01 7.839018671839802655e-05
1.953125000000000000e-01 8.643370152950322104e-05
2.075195312500000000e-01 9.256858570746481351e-05
2.197265625000000000e-01 9.815814684738537101e-05
2.319335937500000000e-01 1.022480696326930993e-04
2.441406250000000000e-01 1.059290001394700548e-04
2.563476562500000000e-01 1.138361841910649736e-04
2.685546875000000000e-01 1.192894145714752825e-04
2.807617187500000000e-01 1.247426449518855779e-04
2.929687500000000000e-01 1.318318444464189646e-04
3.051757812500000000e-01 1.394663669789933727e-04
3.173828125000000000e-01 1.480552048281396022e-04
3.295898437500000000e-01 1.528267814109986005e-04
3.417968750000000000e-01 1.584163425509191444e-04
3.540039062500000000e-01 1.663235266025141039e-04
3.662109375000000000e-01 1.746397029326397820e-04
3.784179687500000000e-01 1.792749487559885588e-04
3.906250000000000000e-01 1.837738638198270328e-04
4.028320312500000000e-01 1.875911250861142369e-04
4.150390625000000000e-01 1.948166553401578722e-04
4.272460937500000000e-01 2.025875086322425560e-04
4.394531250000000000e-01 2.094040466077554455e-04
4.516601562500000000e-01 2.169022383808196050e-04
4.638671875000000000e-01 2.252184147109453102e-04
4.760742187500000000e-01 2.328529372435197183e-04
4.882812500000000000e-01 2.407601212951146507e-04
5.004882812500000000e-01 2.455316978779736219e-04
5.126953125000000000e-01 2.515302512964249929e-04
5.249023437500000000e-01 2.564381586387942669e-04
5.371093750000000000e-01 2.642090119308789235e-04
5.493164062500000000e-01 2.717072037039430831e-04
5.615234375000000000e-01 2.800233800340687883e-04
5.737304687500000000e-01 2.861582642120303536e-04
5.859375000000000000e-01 2.933837944660740160e-04
5.981445312500000000e-01 2.988370248464842843e-04
6.103515625000000000e-01 3.048355782649356553e-04
6.225585937500000000e-01 3.127427623165306148e-04
6.347656250000000000e-01 3.190139772540024287e-04
6.469726562500000000e-01 3.255578537104947940e-04
6.591796875000000000e-01 3.323743916860076564e-04
6.713867187500000000e-01 3.383729451044589732e-04
6.835937500000000000e-01 3.458711368775231870e-04
6.958007812500000000e-01 3.498247289033206125e-04
7.080078125000000000e-01 3.569139283978539721e-04
7.202148437500000000e-01 3.638667971328771373e-04
7.324218750000000000e-01 3.686383737157361085e-04
7.446289062500000000e-01 3.708196658679002483e-04
7.568359375000000000e-01 3.670024046016130172e-04
7.690429687500000000e-01 3.637304663733668345e-04
7.812500000000000000e-01 3.615491742212027489e-04
7.934570312500000000e-01 3.599132051070796576e-04
8.056640625000000000e-01 3.582772359929565663e-04
8.178710937500000000e-01 3.554142900432411835e-04
8.300781250000000000e-01 3.535056594100975409e-04
8.422851562500000000e-01 3.521423518149949467e-04
8.544921875000000000e-01 3.503700519413616610e-04
8.666992187500000000e-01 3.434171832063384958e-04
8.789062500000000000e-01 3.381002835854384761e-04
8.911132812500000000e-01 3.202409540895947201e-04
9.033203125000000000e-01 3.046992475054254067e-04
9.155273437500000000e-01 2.849312873764380622e-04
9.277343750000000000e-01 2.733431728180661744e-04
9.399414062500000000e-01 2.586194507909584067e-04
9.521484375000000000e-01 2.475766592706275132e-04
9.643554687500000000e-01 2.347615678766633339e-04
9.765625000000000000e-01 2.357158831932351553e-04
9.887695312500000000e-01 2.338072525600915397e-04
1.000976562500000000e+00 2.466223439540557189e-04
9.887695312500000000e-01 2.414417750926659478e-04
9.765625000000000000e-01 2.339435833196017883e-04
9.643554687500000000e-01 2.164932461022888322e-04
9.521484375000000000e-01 2.062684391390195385e-04
9.399414062500000000e-01 1.994519011635066761e-04
9.277343750000000000e-01 1.923627016689732623e-04
9.155273437500000000e-01 1.926353631879937594e-04
9.033203125000000000e-01 1.859551559719911456e-04
8.911132812500000000e-01 1.792749487559885317e-04
8.789062500000000000e-01 1.712314339448833508e-04
8.666992187500000000e-01 1.706861109068423294e-04
8.544921875000000000e-01 1.685048187546782166e-04
8.422851562500000000e-01 1.637332421718191912e-04
8.300781250000000000e-01 1.563713811582653074e-04
8.178710937500000000e-01 1.510544815373652335e-04
8.056640625000000000e-01 1.442379435618523710e-04
7.934570312500000000e-01 1.346947903961343744e-04
7.812500000000000000e-01 1.323771674844599860e-04
7.690429687500000000e-01 1.280145831801317606e-04
7.568359375000000000e-01 1.288325677371933062e-04
7.446289062500000000e-01 1.241973219138445294e-04
7.324218750000000000e-01 1.217433682426599060e-04
7.202148437500000000e-01 1.183350992549034748e-04
7.080078125000000000e-01 1.128818688744931658e-04
6.958007812500000000e-01 1.067469846965315734e-04
6.835937500000000000e-01 1.004757697590597323e-04
6.713867187500000000e-01 9.597685469522124473e-05
6.591796875000000000e-01 9.229592418844428925e-05
6.469726562500000000e-01 8.820600140313657449e-05
6.347656250000000000e-01 8.343442482027756265e-05
6.225585937500000000e-01 7.893550975643906151e-05
6.103515625000000000e-01 7.539091000917236816e-05
5.981445312500000000e-01 7.211897178092618551e-05
5.859375000000000000e-01 6.762005671708768437e-05
5.737304687500000000e-01 6.380279545080048032e-05
5.615234375000000000e-01 5.930388038696199273e-05
5.493164062500000000e-01 5.616827291822606543e-05
5.371093750000000000e-01 5.180568861389782642e-05
5.249023437500000000e-01 4.962439646173370691e-05
5.126953125000000000e-01 4.594346595495676499e-05
5.004882812500000000e-01 4.321685076475161052e-05
4.882812500000000000e-01 3.871793570091311616e-05
4.760742187500000000e-01 3.585498975119770634e-05
4.638671875000000000e-01 3.081075164931818379e-05
4.516601562500000000e-01 2.849312873764380894e-05
4.394531250000000000e-01 2.481219823086685346e-05
4.272460937500000000e-01 2.467586747135659810e-05
4.150390625000000000e-01 2.344889063576427961e-05
4.028320312500000000e-01 2.099493696457964601e-05
3.906250000000000000e-01 2.004062164800784500e-05
3.784179687500000000e-01 1.772299873633346675e-05
3.662109375000000000e-01 1.963162936947707217e-05
3.540039062500000000e-01 1.663235266025141039e-05
3.417968750000000000e-01 1.526904506514883316e-05
3.295898437500000000e-01 1.158811455837188107e-05
3.173828125000000000e-01 1.063379924180008005e-05
3.051757812500000000e-01 9.952145444248793130e-06
2.929687500000000000e-01 8.588837849146219286e-06
2.807617187500000000e-01 9.270491646697506208e-06
2.685546875000000000e-01 8.452507089635960546e-06
2.563476562500000000e-01 9.543153165718020300e-06
2.441406250000000000e-01 9.406822406207764948e-06
2.319335937500000000e-01 8.452507089635962240e-06
2.197265625000000000e-01 6.543876456492357672e-06
2.075195312500000000e-01 5.044238101879525935e-06
1.953125000000000000e-01 5.044238101879525935e-06
1.831054687500000000e-01 6.407545696982099780e-06
1.708984375000000000e-01 5.589561139920554965e-06
1.586914062500000000e-01 4.226253544817981120e-06
1.464843750000000000e-01 2.453953671184634445e-06
1.342773437500000000e-01 -5.453230380410296648e-07
1.220703125000000000e-01 2.726615190205153618e-07
1.098632812500000000e-01 1.090646076082060177e-06
9.765625000000000000e-02 3.680930506776951244e-06
8.544921875000000000e-02 1.499638354612831949e-06
7.324218750000000000e-02 1.908630633143604568e-06
6.103515625000000000e-02 -2.726615190205147265e-07
4.882812500000000000e-02 8.179845570615448149e-07
3.662109375000000000e-02 -1.363307595102574268e-06
2.441406250000000000e-02 -1.363307595102574162e-07
1.220703125000000000e-02 -4.089922785307723016e-07
