0.000000000000000000e+00 7.634522532574418272e-06
1.220703125000000000e-02 1.472372202710780497e-05
2.441406250000000000e-02 1.758666797682321140e-05
3.662109375000000000e-02 2.399421367380531118e-05
4.882812500000000000e-02 2.631183658547968604e-05
6.103515625000000000e-02 3.040175937078741096e-05
7.324218750000000000e-02 3.231039000393101977e-05
8.544921875000000000e-02 3.762728962483105979e-05
9.765625000000000000e-02 4.444382760034392901e-05
1.098632812500000000e-01 5.016971949977474187e-05
1.220703125000000000e-01 5.344165772802091774e-05
1.342773437500000000e-01 5.753158051332864605e-05
1.464843750000000000e-01 6.216682633667738899e-05
1.586914062500000000e-01 6.721106443855691154e-05
1.708984375000000000e-01 7.130098722386463985e-05
1.831054687500000000e-01 7.593623304721340312e-05
1.953125000000000000e-01 8.179845570615447133e-05
2.075195312500000000e-01 8.861499368166734733e-05
2.197265625000000000e-01 9.434088558109816696e-05
2.319335937500000000e-01 1.014300850756315401e-04
2.441406250000000000e-01 1.059290001394700548e-04
2.563476562500000000e-01 1.126092073554726416e-04
2.685546875000000000e-01 1.175171146978419155e-04
2.807617187500000000e-01 1.231066758377624866e-04
2.929687500000000000e-01 1.285599062181727820e-04
3.051757812500000000e-01 1.360580979912369415e-04
3.173828125000000000e-01 1.420566514096882583e-04
3.295898437500000000e-01 1.501001662207934392e-04
3.417968750000000000e-01 1.570530349558165774e-04
3.540039062500000000e-01 1.653692112859422826e-04
3.662109375000000000e-01 1.721857492614551721e-04
3.784179687500000000e-01 1.773663181228449432e-04
3.906250000000000000e-01 1.829558792627655143e-04
4.028320312500000000e-01 1.869094712885629398e-04
4.150390625000000000e-01 1.929080247070143108e-04
4.272460937500000000e-01 2.005425472395887189e-04
4.394531250000000000e-01 2.066774314175502843e-04
4.516601562500000000e-01 2.143119539501246924e-04
4.638671875000000000e-01 2.200378458495555120e-04
4.760742187500000000e-01 2.293083374962530114e-04
4.882812500000000000e-01 2.359885447122556253e-04
5.004882812500000000e-01 2.434867364853197848e-04
5.126953125000000000e-01 2.486673053467095560e-04
5.249023437500000000e-01 2.567108201578147640e-04
5.371093750000000000e-01 2.644816734498994207e-04
5.493164062500000000e-01 2.708892191468815374e-04
5.615234375000000000e-01 2.760697880082713628e-04
5.737304687500000000e-01 2.793417262365174912e-04
5.859375000000000000e-01 2.886122178832149906e-04
5.981445312500000000e-01 2.961104096562792044e-04
6.103515625000000000e-01 3.040175937078741096e-04
6.225585937500000000e-01 3.087891702907331350e-04
6.347656250000000000e-01 3.134244161140818576e-04
6.469726562500000000e-01 3.199682925705742229e-04
6.591796875000000000e-01 3.274664843436383825e-04
6.713867187500000000e-01 3.337376992811101964e-04
6.835937500000000000e-01 3.410995602946641616e-04
6.958007812500000000e-01 3.465527906750744298e-04
7.080078125000000000e-01 3.567775976383437235e-04
7.202148437500000000e-01 3.638667971328770831e-04
7.324218750000000000e-01 3.712286581464310483e-04
7.446289062500000000e-01 3.742279348556566796e-04
7.568359375000000000e-01 3.758639039697798251e-04
7.690429687500000000e-01 3.751822501722284738e-04
7.812500000000000000e-01 3.773635423243926678e-04
7.934570312500000000e-01 3.754549116912489709e-04
8.056640625000000000e-01 3.715013196654515454e-04
8.178710937500000000e-01 3.618218357402232460e-04
8.300781250000000000e-01 3.499610596628308611e-04
8.422851562500000000e-01 3.368733067498461847e-04
8.544921875000000000e-01 3.222859154822486655e-04
8.666992187500000000e-01 3.111067932024075234e-04
8.789062500000000000e-01 3.007456554796279270e-04
8.911132812500000000e-01 2.937927867446047617e-04
9.033203125000000000e-01 2.899755254783175848e-04
9.155273437500000000e-01 2.842496335788868194e-04
9.277343750000000000e-01 2.797507185150482911e-04
9.399414062500000000e-01 2.676172809186354090e-04
9.521484375000000000e-01 2.659813118045123177e-04
9.643554687500000000e-01 2.489399668657301073e-04
9.765625000000000000e-01 2.468950054730762161e-04
9.887695312500000000e-01 2.389878214214813108e-04
1.000976562500000000e+00 2.389878214214813108e-04
9.887695312500000000e-01 2.233097840778016947e-04
9.765625000000000000e-01 2.091313850887349484e-04
9.643554687500000000e-01 1.937260092640758565e-04
9.521484375000000000e-01 1.852735021744398756e-04
9.399414062500000000e-01 1.754576874897013548e-04
9.277343750000000000e-01 1.657782035644730554e-04
9.155273437500000000e-01 1.539174274870806704e-04
9.033203125000000000e-01 1.411023360931164641e-04
8.911132812500000000e-01 1.340131365985830774e-04
8.789062500000000000e-01 1.336041443200523045e-04
8.666992187500000000e-01 1.327861597629907589e-04
8.544921875000000000e-01 1.322408367249497375e-04
8.422851562500000000e-01 1.281509139396420091e-04
8.300781250000000000e-01 1.216070374831496438e-04
8.178710937500000000e-01 1.153358225456778028e-04
8.056640625000000000e-01 1.071559769750623597e-04
7.934570312500000000e-01 1.027933926707341207e-04
7.812500000000000000e-01 9.993044672101871091e-05
7.690429687500000000e-01 9.802181608787509533e-05
7.568359375000000000e-01 9.406822406207764270e-05
7.446289062500000000e-01 8.943297823872889299e-05
7.324218750000000000e-01 8.248010950370575486e-05
7.202148437500000000e-01 7.907184051594932364e-05
7.080078125000000000e-01 7.430026393309031179e-05
6.958007812500000000e-01 7.211897178092618551e-05
6.835937500000000000e-01 6.898336431219026499e-05
6.713867187500000000e-01 6.557509532443383377e-05
6.591796875000000000e-01 6.325747241275945891e-05
6.469726562500000000e-01 5.916754962745173738e-05
6.347656250000000000e-01 5.630460367773632756e-05
6.225585937500000000e-01 5.344165772802092452e-05
6.103515625000000000e-01 5.139669633536706036e-05
5.981445312500000000e-01 4.894274266418242338e-05
5.859375000000000000e-01 4.798842734761061559e-05
5.737304687500000000e-01 4.308052000524135517e-05
5.615234375000000000e-01 3.994491253650543465e-05
5.493164062500000000e-01 3.735462810581053554e-05
5.371093750000000000e-01 3.612765127021822382e-05
5.249023437500000000e-01 3.476434367511564998e-05
5.126953125000000000e-01 3.108341316833870127e-05
5.004882812500000000e-01 2.931111329470535121e-05
4.882812500000000000e-01 2.822046721862328807e-05
4.760742187500000000e-01 2.563018278792839912e-05
4.638671875000000000e-01 2.413054443331556992e-05
4.516601562500000000e-01 2.126759848360016349e-05
4.394531250000000000e-01 2.140392924311042223e-05
4.272460937500000000e-01 1.976796012898733091e-05
4.150390625000000000e-01 1.963162936947707217e-05
4.028320312500000000e-01 1.526904506514883316e-05
3.906250000000000000e-01 1.417839898906677340e-05
3.784179687500000000e-01 1.240609911543342673e-05
3.662109375000000000e-01 1.472372202710780497e-05
3.540039062500000000e-01 1.322408367249497239e-05
3.417968750000000000e-01 1.240609911543342842e-05
3.295898437500000000e-01 9.815814684738537779e-06
3.173828125000000000e-01 9.543153165718021994e-06
3.051757812500000000e-01 7.089199494533387549e-06
2.929687500000000000e-01 6.543876456492356825e-06
2.807617187500000000e-01 6.134884177961585688e-06
2.685546875000000000e-01 4.907907342369268042e-06
2.563476562500000000e-01 5.044238101879525935e-06
2.441406250000000000e-01 3.953592025797466182e-06
2.319335937500000000e-01 4.907907342369268042e-06
2.197265625000000000e-01 4.771576582859010150e-06
2.075195312500000000e-01 4.498915063838496058e-06
1.953125000000000000e-01 5.725891899430812857e-06
1.831054687500000000e-01 4.226253544817980273e-06
1.708984375000000000e-01 3.135607468735921367e-06
1.586914062500000000e-01 1.499638354612831949e-06
1.464843750000000000e-01 9.543153165718020723e-07
1.342773437500000000e-01 1.363307595102574268e-06
1.220703125000000000e-01 1.772299873633346675e-06
1.098632812500000000e-01 4.226253544817980273e-06
9.765625000000000000e-02 4.089922785307723228e-06
8.544921875000000000e-02 3.271938228246178836e-06
7.324218750000000000e-02 1.363307595102573633e-07
6.103515625000000000e-02 -1.363307595102574480e-06
4.882812500000000000e-02 -1.635969114123089206e-06
3.662109375000000000e-02 -1.772299873633346887e-06
2.441406250000000000e-02 -9.543153165718022841e-07
1.220703125000000000e-02 -1.090646076082059753e-06
