0.000000000000000000e+00 7.089199494533387549e-06
1.220703125000000000e-02 1.363307595102574522e-05
2.441406250000000000e-02 1.867731405290527116e-05
3.662109375000000000e-02 2.263090607870273734e-05
4.882812500000000000e-02 2.712982114254123509e-05
6.103515625000000000e-02 3.176506696588998481e-05
7.324218750000000000e-02 3.640031278923874130e-05
8.544921875000000000e-02 3.980858177699517930e-05
9.765625000000000000e-02 4.607979671446701356e-05
1.098632812500000000e-01 5.071504253781577005e-05
1.220703125000000000e-01 5.644093443724658291e-05
1.342773437500000000e-01 5.998553418451327626e-05
1.464843750000000000e-01 6.462078000786202598e-05
1.586914062500000000e-01 7.007401038827233491e-05
1.708984375000000000e-01 7.661788684476468665e-05
1.831054687500000000e-01 8.016248659203138000e-05
1.953125000000000000e-01 8.588837849146218608e-05
2.075195312500000000e-01 9.134160887187249501e-05
2.197265625000000000e-01 9.802181608787509533e-05
2.319335937500000000e-01 1.045656925443674606e-04
2.441406250000000000e-01 1.086556153296751889e-04
2.563476562500000000e-01 1.139725149505752357e-04
2.685546875000000000e-01 1.186077607739239855e-04
2.807617187500000000e-01 1.247426449518855779e-04
2.929687500000000000e-01 1.329224905225010345e-04
3.051757812500000000e-01 1.397390284980138970e-04
3.173828125000000000e-01 1.466918972330370080e-04
3.295898437500000000e-01 1.515998045754062820e-04
3.417968750000000000e-01 1.551444043226729618e-04
3.540039062500000000e-01 1.619609422981858242e-04
3.662109375000000000e-01 1.682321572356576924e-04
3.784179687500000000e-01 1.761393412872526247e-04
3.906250000000000000e-01 1.817289024271731687e-04
4.028320312500000000e-01 1.892270942002373282e-04
4.150390625000000000e-01 1.952256476186886450e-04
4.272460937500000000e-01 2.024511778727323074e-04
4.394531250000000000e-01 2.083134005316733756e-04
4.516601562500000000e-01 2.147209462286554923e-04
4.638671875000000000e-01 2.212648226851478305e-04
4.760742187500000000e-01 2.264453915465376287e-04
4.882812500000000000e-01 2.358522139527453767e-04
5.004882812500000000e-01 2.429414134472787905e-04
5.126953125000000000e-01 2.500306129418121501e-04
5.249023437500000000e-01 2.564381586387942669e-04
5.371093750000000000e-01 2.632546966143071293e-04
5.493164062500000000e-01 2.722525267419841316e-04
5.615234375000000000e-01 2.804323723125995340e-04
5.737304687500000000e-01 2.862945949715406564e-04
5.859375000000000000e-01 2.940654482636253131e-04
5.981445312500000000e-01 2.987006940869740899e-04
6.103515625000000000e-01 3.068805396575895465e-04
6.225585937500000000e-01 3.127427623165306148e-04
6.347656250000000000e-01 3.188776464944921801e-04
6.469726562500000000e-01 3.265121690270665882e-04
6.591796875000000000e-01 3.346920145976820448e-04
6.713867187500000000e-01 3.391909296615205189e-04
6.835937500000000000e-01 3.445078292824205928e-04
6.958007812500000000e-01 3.477797675106667754e-04
7.080078125000000000e-01 3.580045744739360691e-04
7.202148437500000000e-01 3.650937739684694287e-04
7.324218750000000000e-01 3.720466427034925397e-04
7.446289062500000000e-01 3.750459194127182252e-04
7.568359375000000000e-01 3.780451961219439107e-04
7.690429687500000000e-01 3.803628190336182991e-04
7.812500000000000000e-01 3.847254033379465246e-04
7.934570312500000000e-01 3.864977032115798645e-04
8.056640625000000000e-01 3.848617340974567732e-04
8.178710937500000000e-01 3.792721729575362563e-04
8.300781250000000000e-01 3.690473659942668542e-04
8.422851562500000000e-01 3.533693286505872923e-04
8.544921875000000000e-01 3.368733067498461305e-04
8.666992187500000000e-01 3.269211613055973339e-04
8.789062500000000000e-01 3.239218845963716484e-04
8.911132812500000000e-01 3.051082397839561524e-04
9.033203125000000000e-01 2.794780569960277940e-04
9.155273437500000000e-01 2.496216206632814044e-04
9.277343750000000000e-01 2.333982602815607669e-04
9.399414062500000000e-01 2.287630144582119629e-04
9.521484375000000000e-01 2.224917995207401490e-04
9.643554687500000000e-01 2.246730916729042888e-04
9.765625000000000000e-01 2.229007917992709218e-04
9.887695312500000000e-01 2.227644610397606461e-04
1.000976562500000000e+00 2.229007917992709218e-04
1.013183593750000000e+00 2.179928844569016750e-04
1.025390625000000000e+00 2.152662692666965408e-04
1.037597656250000000e+00 2.009515395181194646e-04
1.049804687500000000e+00 1.986339166064451033e-04
1.062011718750000000e+00 1.929080247070142837e-04
1.074218750000000000e+00 1.885454404026860582e-04
1.062011718750000000e+00 1.710951031853731022e-04
1.049804687500000000e+00 1.644148959693704883e-04
1.037597656250000000e+00 1.612792885006345542e-04
1.025390625000000000e+00 1.644148959693704612e-04
1.013183593750000000e+00 1.556897273607140103e-04
1.000976562500000000e+00 1.445106050808728953e-04
9.887695312500000000e-01 1.300595445727855976e-04
9.765625000000000000e-01 1.246063141923753293e-04
9.643554687500000000e-01 1.186077607739239855e-04
9.521484375000000000e-01 1.109732382413495638e-04
9.399414062500000000e-01 1.026570619112238586e-04
9.277343750000000000e-01 9.815814684738537101e-05
9.155273437500000000e-01 9.515887013815968552e-05
9.033203125000000000e-01 9.106894735285197076e-05
8.911132812500000000e-01 8.643370152950322104e-05
8.789062500000000000e-01 8.138946342762369850e-05
8.666992187500000000e-01 7.566357152819289241e-05
8.544921875000000000e-01 7.075566418582361844e-05
8.422851562500000000e-01 6.748372595757743580e-05
8.300781250000000000e-01 6.407545696982100457e-05
8.178710937500000000e-01 6.216682633667738899e-05
8.056640625000000000e-01 5.807690355136967424e-05
7.934570312500000000e-01 5.439597304459271876e-05
7.812500000000000000e-01 5.003338874026447974e-05
7.690429687500000000e-01 4.744310430956958741e-05
7.568359375000000000e-01 4.485281987887469507e-05
7.446289062500000000e-01 4.089922785307723566e-05
7.324218750000000000e-01 3.926325873895414434e-05
7.202148437500000000e-01 3.803628190336183262e-05
7.080078125000000000e-01 3.817261266287208120e-05
6.958007812500000000e-01 3.367369759903359361e-05
6.835937500000000000e-01 3.067442088980792167e-05
6.713867187500000000e-01 2.890212101617457838e-05
6.591796875000000000e-01 2.876579025666431964e-05
6.469726562500000000e-01 2.603917506645917195e-05
6.347656250000000000e-01 2.344889063576427961e-05
6.225585937500000000e-01 2.099493696457964601e-05
6.103515625000000000e-01 2.044961392653861444e-05
5.981445312500000000e-01 1.949529860996681682e-05
5.859375000000000000e-01 1.976796012898733091e-05
5.737304687500000000e-01 1.826832177437449494e-05
5.615234375000000000e-01 1.622336038172063756e-05
5.493164062500000000e-01 1.513271430563857442e-05
5.371093750000000000e-01 1.458739126759754623e-05
5.249023437500000000e-01 1.554170658416934725e-05
5.126953125000000000e-01 1.486005278661806033e-05
5.004882812500000000e-01 1.540537582465909190e-05
4.882812500000000000e-01 1.526904506514883316e-05
4.760742187500000000e-01 1.336041443200522944e-05
4.638671875000000000e-01 1.172444531788213981e-05
4.516601562500000000e-01 9.952145444248793130e-06
4.394531250000000000e-01 9.952145444248793130e-06
4.272460937500000000e-01 1.008847620375905187e-05
4.150390625000000000e-01 8.725168608656476332e-06
4.028320312500000000e-01 7.634522532574416578e-06
3.906250000000000000e-01 6.952868735023129656e-06
3.784179687500000000e-01 5.725891899430812857e-06
3.662109375000000000e-01 5.316899620900040026e-06
3.540039062500000000e-01 5.180568861389782981e-06
3.417968750000000000e-01 4.907907342369268042e-06
3.295898437500000000e-01 6.407545696982099780e-06
3.173828125000000000e-01 4.498915063838496058e-06
3.051757812500000000e-01 4.635245823348753104e-06
2.929687500000000000e-01 3.408268987756436305e-06
2.807617187500000000e-01 4.498915063838496058e-06
2.685546875000000000e-01 4.089922785307723228e-06
2.563476562500000000e-01 4.907907342369268042e-06
2.441406250000000000e-01 3.953592025797466182e-06
2.319335937500000000e-01 3.680930506776951244e-06
2.197265625000000000e-01 1.772299873633347099e-06
2.075195312500000000e-01 2.590284430694891490e-06
1.953125000000000000e-01 3.408268987756436305e-06
1.831054687500000000e-01 1.772299873633346887e-06
1.708984375000000000e-01 -5.453230380410296648e-07
1.586914062500000000e-01 -1.499638354612831737e-06
1.464843750000000000e-01 4.089922785307724075e-07
1.342773437500000000e-01 1.908630633143604568e-06
1.220703125000000000e-01 1.090646076082059753e-06
1.098632812500000000e-01 1.323488980084844280e-22
9.765625000000000000e-02 -1.635969114123089206e-06
8.544921875000000000e-02 -2.726615190205149383e-07
7.324218750000000000e-02 2.726615190205148324e-07
6.103515625000000000e-02 6.816537975512870281e-07
4.882812500000000000e-02 -1.090646076082059541e-06
3.662109375000000000e-02 -1.363307595102574268e-06
2.441406250000000000e-02 -1.635969114123089206e-06
1.220703125000000000e-02 -6.816537975512871340e-07
