0.000000000000000000e+00 6.952868735023129656e-06
1.220703125000000000e-02 1.199710683690265559e-05
2.441406250000000000e-02 1.717767569829243857e-05
3.662109375000000000e-02 1.976796012898733091e-05
4.882812500000000000e-02 2.494852899037711220e-05
6.103515625000000000e-02 2.931111329470535121e-05
7.324218750000000000e-02 3.476434367511564998e-05
8.544921875000000000e-02 3.844527418189259868e-05
9.765625000000000000e-02 4.308052000524135517e-05
1.098632812500000000e-01 4.676145051201830387e-05
1.220703125000000000e-01 5.139669633536706036e-05
1.342773437500000000e-01 5.684992671577735574e-05
1.464843750000000000e-01 6.298481089373893465e-05
1.586914062500000000e-01 6.980134886925182421e-05
1.708984375000000000e-01 7.511824849015185746e-05
1.831054687500000000e-01 8.016248659203138000e-05
1.953125000000000000e-01 8.547938621293141325e-05
2.075195312500000000e-01 9.134160887187248146e-05
2.197265625000000000e-01 9.515887013815969907e-05
2.319335937500000000e-01 1.017027465946520644e-04
2.441406250000000000e-01 1.060653308989803034e-04
2.563476562500000000e-01 1.141088457100854843e-04
2.685546875000000000e-01 1.201073991285368282e-04
2.807617187500000000e-01 1.248789757113958265e-04
2.929687500000000000e-01 1.314228521678881918e-04
3.051757812500000000e-01 1.359217672317266658e-04
3.173828125000000000e-01 1.427383052072395283e-04
3.295898437500000000e-01 1.487368586256908722e-04
3.417968750000000000e-01 1.547354120441422161e-04
3.540039062500000000e-01 1.642785652098602126e-04
3.662109375000000000e-01 1.710951031853731022e-04
3.784179687500000000e-01 1.746397029326398091e-04
3.906250000000000000e-01 1.790022872369680345e-04
4.028320312500000000e-01 1.840465253388475571e-04
4.150390625000000000e-01 1.937260092640758294e-04
4.272460937500000000e-01 2.038144854678349016e-04
4.394531250000000000e-01 2.113126772408990611e-04
4.516601562500000000e-01 2.194925228115144635e-04
4.638671875000000000e-01 2.246730916729042888e-04
4.760742187500000000e-01 2.310806373698863784e-04
4.882812500000000000e-01 2.381698368644197380e-04
5.004882812500000000e-01 2.443047210423813305e-04
5.126953125000000000e-01 2.515302512964249929e-04
5.249023437500000000e-01 2.594374353480198982e-04
5.371093750000000000e-01 2.652996580069609664e-04
5.493164062500000000e-01 2.729341805395354287e-04
5.615234375000000000e-01 2.796143877555380425e-04
5.737304687500000000e-01 2.867035872500714021e-04
5.859375000000000000e-01 2.937927867446048160e-04
5.981445312500000000e-01 2.977463787704022957e-04
6.103515625000000000e-01 3.051082397839561524e-04
6.225585937500000000e-01 3.123337700379998148e-04
6.347656250000000000e-01 3.196956310515537258e-04
6.469726562500000000e-01 3.274664843436384367e-04
6.591796875000000000e-01 3.331923762430692021e-04
6.713867187500000000e-01 3.402815757376026159e-04
6.835937500000000000e-01 3.472344444726257269e-04
6.958007812500000000e-01 3.540509824481385894e-04
7.080078125000000000e-01 3.604585281451207061e-04
7.202148437500000000e-01 3.665934123230822714e-04
7.324218750000000000e-01 3.730009580200643882e-04
7.446289062500000000e-01 3.781815268814541593e-04
7.568359375000000000e-01 3.813171343501900934e-04
7.690429687500000000e-01 3.839074187808849789e-04
7.812500000000000000e-01 3.897696414398260471e-04
7.934570312500000000e-01 3.914056105539491385e-04
8.056640625000000000e-01 3.939958949846440240e-04
8.178710937500000000e-01 3.904512952373773442e-04
8.300781250000000000e-01 3.875883492876619615e-04
8.422851562500000000e-01 3.800901575145978020e-04
8.544921875000000000e-01 3.730009580200643882e-04
8.666992187500000000e-01 3.633214740948361430e-04
8.789062500000000000e-01 3.559596130812822320e-04
8.911132812500000000e-01 3.420538756112359558e-04
9.033203125000000000e-01 3.293751149767820251e-04
9.155273437500000000e-01 3.124701007975101176e-04
9.277343750000000000e-01 2.948834328206868588e-04
9.399414062500000000e-01 2.744338188941482714e-04
9.521484375000000000e-01 2.516665820559352415e-04
9.643554687500000000e-01 2.338072525600915397e-04
9.765625000000000000e-01 2.249457531919248131e-04
9.887695312500000000e-01 2.203105073685760634e-04
1.000976562500000000e+00 2.106310234433477640e-04
1.013183593750000000e+00 1.904540710358296467e-04
1.025390625000000000e+00 1.702771186283115294e-04
1.037597656250000000e+00 1.678231649571269195e-04
1.049804687500000000e+00 1.680958264761474438e-04
1.062011718750000000e+00 1.659145343239833040e-04
1.049804687500000000e+00 1.505091584993242121e-04
1.037597656250000000e+00 1.398753592575241456e-04
1.025390625000000000e+00 1.312865214083779161e-04
1.013183593750000000e+00 1.246063141923753022e-04
1.000976562500000000e+00 1.162901378622496106e-04
9.887695312500000000e-01 1.086556153296751889e-04
9.765625000000000000e-01 1.036113772277956664e-04
9.643554687500000000e-01 9.938512368297768951e-05
9.521484375000000000e-01 9.597685469522124473e-05
9.399414062500000000e-01 9.134160887187248146e-05
9.277343750000000000e-01 8.670636304852373175e-05
9.155273437500000000e-01 8.329809406076730052e-05
9.033203125000000000e-01 7.934450203496983434e-05
8.911132812500000000e-01 7.498191773064159533e-05
8.789062500000000000e-01 7.021034114778258348e-05
8.666992187500000000e-01 6.693840291953641439e-05
8.544921875000000000e-01 6.380279545080048032e-05
8.422851562500000000e-01 6.121251102010559476e-05
8.300781250000000000e-01 5.725891899430812857e-05
8.178710937500000000e-01 5.439597304459272553e-05
8.056640625000000000e-01 5.207835013291834390e-05
7.934570312500000000e-01 4.894274266418242338e-05
7.812500000000000000e-01 4.648878899299778639e-05
7.690429687500000000e-01 4.198987392915929880e-05
7.568359375000000000e-01 4.021757405552595213e-05
7.446289062500000000e-01 3.844527418189260545e-05
7.324218750000000000e-01 3.640031278923874130e-05
7.202148437500000000e-01 3.544599747266693351e-05
7.080078125000000000e-01 3.312837456099255865e-05
6.958007812500000000e-01 3.121974392784895662e-05
6.835937500000000000e-01 2.944744405421560656e-05
6.713867187500000000e-01 2.781147494009251862e-05
6.591796875000000000e-01 2.822046721862329146e-05
6.469726562500000000e-01 2.699349038303097296e-05
6.347656250000000000e-01 2.467586747135659810e-05
6.225585937500000000e-01 2.140392924311041885e-05
6.103515625000000000e-01 1.949529860996681343e-05
5.981445312500000000e-01 1.867731405290526777e-05
5.859375000000000000e-01 1.867731405290527116e-05
5.737304687500000000e-01 1.704134493878218322e-05
5.615234375000000000e-01 1.608702962221037882e-05
5.493164062500000000e-01 1.417839898906677510e-05
5.371093750000000000e-01 1.472372202710780497e-05
5.249023437500000000e-01 1.513271430563857781e-05
5.126953125000000000e-01 1.526904506514883316e-05
5.004882812500000000e-01 1.431472974857703214e-05
4.882812500000000000e-01 1.172444531788214150e-05
4.760742187500000000e-01 1.104279152033085288e-05
4.638671875000000000e-01 1.036113772277956596e-05
4.516601562500000000e-01 9.815814684738536085e-06
4.394531250000000000e-01 9.815814684738536085e-06
4.272460937500000000e-01 8.316176330125705195e-06
4.150390625000000000e-01 1.022480696326930892e-05
4.028320312500000000e-01 8.316176330125703501e-06
3.906250000000000000e-01 6.952868735023129656e-06
3.784179687500000000e-01 5.316899620900040026e-06
3.662109375000000000e-01 6.543876456492357672e-06
3.540039062500000000e-01 6.952868735023129656e-06
3.417968750000000000e-01 5.044238101879525935e-06
3.295898437500000000e-01 4.498915063838496058e-06
3.173828125000000000e-01 3.271938228246178836e-06
3.051757812500000000e-01 5.316899620900040026e-06
2.929687500000000000e-01 4.362584304328239013e-06
2.807617187500000000e-01 5.589561139920555812e-06
2.685546875000000000e-01 4.498915063838496058e-06
2.563476562500000000e-01 5.453230380410297919e-06
2.441406250000000000e-01 4.362584304328238166e-06
2.319335937500000000e-01 3.953592025797466182e-06
2.197265625000000000e-01 3.544599747266693351e-06
2.075195312500000000e-01 5.044238101879525088e-06
1.953125000000000000e-01 4.226253544817981120e-06
1.831054687500000000e-01 1.363307595102574480e-06
1.708984375000000000e-01 2.117582368135750848e-22
1.586914062500000000e-01 2.726615190205150442e-07
1.464843750000000000e-01 1.226976835592317222e-06
1.342773437500000000e-01 8.179845570615446032e-07
1.220703125000000000e-01 -1.226976835592317011e-06
1.098632812500000000e-01 -6.816537975512872399e-07
9.765625000000000000e-02 -1.090646076082059753e-06
8.544921875000000000e-02 1.772299873633347099e-06
7.324218750000000000e-02 6.816537975512874516e-07
6.103515625000000000e-02 1.499638354612832161e-06
4.882812500000000000e-02 4.089922785307724604e-07
3.662109375000000000e-02 -1.363307595102572574e-07
2.441406250000000000e-02 2.726615190205149383e-07
1.220703125000000000e-02 0.000000000000000000e+00
