0.000000000000000000e+00 5.180568861389782981e-06
1.220703125000000000e-02 1.131545303935136867e-05
2.441406250000000000e-02 1.649602190074115165e-05
3.662109375000000000e-02 2.058594468604887657e-05
4.882812500000000000e-02 2.467586747135659810e-05
6.103515625000000000e-02 2.822046721862329146e-05
7.324218750000000000e-02 3.353736683952333148e-05
8.544921875000000000e-02 3.667297430825925200e-05
9.765625000000000000e-02 4.267152772671058234e-05
1.098632812500000000e-01 4.635245823348753104e-05
1.220703125000000000e-01 5.166935785438757107e-05
1.342773437500000000e-01 5.603194215871581008e-05
1.464843750000000000e-01 6.080351874157482870e-05
1.586914062500000000e-01 6.475711076737228811e-05
1.708984375000000000e-01 7.021034114778258348e-05
1.831054687500000000e-01 7.539091000917236816e-05
1.953125000000000000e-01 8.207111722517498203e-05
2.075195312500000000e-01 8.766067836509555309e-05
2.197265625000000000e-01 9.570419317620073403e-05
2.319335937500000000e-01 1.026570619112238586e-04
2.441406250000000000e-01 1.075649692535931190e-04
2.563476562500000000e-01 1.134271919125342008e-04
2.685546875000000000e-01 1.165627993812701077e-04
2.807617187500000000e-01 1.211980452046188710e-04
2.929687500000000000e-01 1.285599062181727820e-04
3.051757812500000000e-01 1.364670902697677143e-04
3.173828125000000000e-01 1.446469358403831710e-04
3.295898437500000000e-01 1.502364969803036878e-04
3.417968750000000000e-01 1.563713811582652803e-04
3.540039062500000000e-01 1.629152576147576456e-04
3.662109375000000000e-01 1.682321572356576924e-04
3.784179687500000000e-01 1.742307106541090363e-04
3.906250000000000000e-01 1.788659564774577860e-04
4.028320312500000000e-01 1.851371714149295999e-04
4.150390625000000000e-01 1.912720555928912195e-04
4.272460937500000000e-01 2.006788779990989675e-04
4.394531250000000000e-01 2.073590852151015814e-04
4.516601562500000000e-01 2.159479230642477837e-04
4.638671875000000000e-01 2.223554687612298733e-04
4.760742187500000000e-01 2.286266836987017144e-04
4.882812500000000000e-01 2.365338677502966467e-04
5.004882812500000000e-01 2.430777442067890120e-04
5.126953125000000000e-01 2.494852899037711558e-04
5.249023437500000000e-01 2.552111818032019213e-04
5.371093750000000000e-01 2.603917506645916924e-04
5.493164062500000000e-01 2.691169192732481975e-04
5.615234375000000000e-01 2.759334572487610600e-04
5.737304687500000000e-01 2.826136644647637280e-04
5.859375000000000000e-01 2.912025023139099304e-04
5.981445312500000000e-01 2.991096863655048356e-04
6.103515625000000000e-01 3.070168704170997951e-04
6.225585937500000000e-01 3.156057082662459975e-04
6.347656250000000000e-01 3.228312385202896598e-04
6.469726562500000000e-01 3.322380609264974079e-04
6.591796875000000000e-01 3.390545989020103245e-04
6.713867187500000000e-01 3.458711368775231870e-04
6.835937500000000000e-01 3.526876748530360494e-04
6.958007812500000000e-01 3.590952205500181661e-04
7.080078125000000000e-01 3.668660738421027686e-04
7.202148437500000000e-01 3.738189425771258796e-04
7.324218750000000000e-01 3.787268499194951536e-04
7.446289062500000000e-01 3.822714496667619418e-04
7.568359375000000000e-01 3.851343956164772703e-04
7.690429687500000000e-01 3.851343956164772703e-04
7.812500000000000000e-01 3.882700030852132044e-04
7.934570312500000000e-01 3.894969799208054958e-04
8.056640625000000000e-01 3.892243184017849986e-04
8.178710937500000000e-01 3.840437495403952275e-04
8.300781250000000000e-01 3.766818885268413165e-04
8.422851562500000000e-01 3.713649889059412968e-04
8.544921875000000000e-01 3.693200275132873514e-04
8.666992187500000000e-01 3.618218357402232460e-04
8.789062500000000000e-01 3.533693286505872923e-04
8.911132812500000000e-01 3.319653994074769107e-04
9.033203125000000000e-01 3.154693775067357489e-04
9.155273437500000000e-01 3.089255010502433294e-04
9.277343750000000000e-01 3.071532011766100437e-04
9.399414062500000000e-01 3.045629167459151581e-04
9.277343750000000000e-01 2.861582642120304078e-04
9.155273437500000000e-01 2.651633272474507178e-04
9.033203125000000000e-01 2.496216206632814044e-04
8.911132812500000000e-01 2.398058059785428565e-04
8.789062500000000000e-01 2.395331444595223051e-04
8.666992187500000000e-01 2.357158831932351282e-04
8.544921875000000000e-01 2.256274069894760560e-04
8.422851562500000000e-01 2.155389307857170109e-04
8.300781250000000000e-01 2.092677158482451698e-04
8.178710937500000000e-01 2.117216695194298068e-04
8.056640625000000000e-01 2.091313850887349213e-04
7.934570312500000000e-01 1.984975858469348277e-04
7.812500000000000000e-01 1.890907634407270796e-04
7.690429687500000000e-01 1.820015639461936929e-04
7.568359375000000000e-01 1.806382563510911259e-04
7.446289062500000000e-01 1.761393412872526518e-04
7.324218750000000000e-01 1.693228033117397352e-04
7.202148437500000000e-01 1.608702962221037814e-04
7.080078125000000000e-01 1.529631121705088762e-04
6.958007812500000000e-01 1.456012511569549652e-04
6.835937500000000000e-01 1.416476591311574855e-04
6.713867187500000000e-01 1.372850748268292329e-04
6.591796875000000000e-01 1.323771674844599860e-04
6.469726562500000000e-01 1.262422833064983936e-04
6.347656250000000000e-01 1.194257453309855311e-04
6.225585937500000000e-01 1.135635226720444494e-04
6.103515625000000000e-01 1.070196462155520976e-04
5.981445312500000000e-01 1.000667774805289595e-04
5.859375000000000000e-01 9.693117001179303897e-05
5.737304687500000000e-01 9.202326266942377855e-05
5.615234375000000000e-01 8.902398596019810660e-05
5.493164062500000000e-01 8.357075557978782478e-05
5.371093750000000000e-01 7.975349431350062072e-05
5.249023437500000000e-01 7.525457924966211958e-05
5.126953125000000000e-01 7.225530254043644764e-05
5.004882812500000000e-01 6.748372595757743580e-05
4.882812500000000000e-01 6.353013393177996961e-05
4.760742187500000000e-01 5.971287266549276556e-05
4.638671875000000000e-01 5.780424203234916353e-05
4.516601562500000000e-01 5.562294988018503725e-05
4.394531250000000000e-01 5.248734241144911673e-05
4.272460937500000000e-01 4.948806570222344478e-05
4.150390625000000000e-01 4.594346595495675821e-05
4.028320312500000000e-01 4.212620468866955416e-05
3.906250000000000000e-01 3.980858177699517252e-05
3.784179687500000000e-01 3.871793570091311616e-05
3.662109375000000000e-01 3.735462810581054231e-05
3.540039062500000000e-01 3.408268987756436644e-05
3.417968750000000000e-01 2.931111329470535460e-05
3.295898437500000000e-01 2.576651354743866125e-05
3.173828125000000000e-01 2.413054443331556992e-05
3.051757812500000000e-01 2.276723683821299608e-05
2.929687500000000000e-01 2.344889063576427961e-05
2.807617187500000000e-01 2.031328316702835909e-05
2.685546875000000000e-01 1.854098329339501242e-05
2.563476562500000000e-01 1.704134493878218322e-05
2.441406250000000000e-01 1.581436810318986473e-05
2.319335937500000000e-01 1.513271430563857611e-05
2.197265625000000000e-01 1.267876063445394251e-05
2.075195312500000000e-01 1.363307595102574522e-05
1.953125000000000000e-01 1.281509139396419956e-05
1.831054687500000000e-01 1.295142215347445830e-05
1.708984375000000000e-01 1.036113772277956596e-05
1.586914062500000000e-01 9.134160887187249163e-06
1.464843750000000000e-01 7.225530254043644594e-06
1.342773437500000000e-01 7.498191773064159533e-06
1.220703125000000000e-01 6.271214937471842734e-06
1.098632812500000000e-01 6.543876456492357672e-06
9.765625000000000000e-02 5.862222658941069903e-06
8.544921875000000000e-02 5.862222658941069903e-06
7.324218750000000000e-02 5.316899620900040026e-06
6.103515625000000000e-02 4.635245823348753104e-06
4.882812500000000000e-02 3.544599747266693774e-06
3.662109375000000000e-02 2.590284430694891490e-06
2.441406250000000000e-02 2.181292152164119083e-06
1.220703125000000000e-02 2.044961392653861614e-06
