0.000000000000000000e+00 6.952868735023129656e-06
1.220703125000000000e-02 1.376940671053600227e-05
2.441406250000000000e-02 1.758666797682321140e-05
3.662109375000000000e-02 2.181292152164119168e-05
4.882812500000000000e-02 2.385788291429505244e-05
6.103515625000000000e-02 3.067442088980792167e-05
7.324218750000000000e-02 3.394635911805410431e-05
8.544921875000000000e-02 3.899059721993362686e-05
9.765625000000000000e-02 4.321685076475161730e-05
1.098632812500000000e-01 4.894274266418242338e-05
1.220703125000000000e-01 5.371431924704143522e-05
1.342773437500000000e-01 5.875855734892096455e-05
1.464843750000000000e-01 6.393912621031074244e-05
1.586914062500000000e-01 6.952868735023129995e-05
1.708984375000000000e-01 7.525457924966211958e-05
1.831054687500000000e-01 7.866284823741855081e-05
1.953125000000000000e-01 8.466140165586986759e-05
2.075195312500000000e-01 9.065995507432121148e-05
2.197265625000000000e-01 9.706750077130330110e-05
2.319335937500000000e-01 1.030660541897546314e-04
2.441406250000000000e-01 1.072923077345726083e-04
2.563476562500000000e-01 1.143815072291059950e-04
2.685546875000000000e-01 1.198347376095163039e-04
2.807617187500000000e-01 1.247426449518855779e-04
2.929687500000000000e-01 1.314228521678881918e-04
3.051757812500000000e-01 1.390573747004625999e-04
3.173828125000000000e-01 1.468282279925472566e-04
3.295898437500000000e-01 1.526904506514883248e-04
3.417968750000000000e-01 1.578710195128781230e-04
3.540039062500000000e-01 1.633242498932884184e-04
3.662109375000000000e-01 1.693228033117397623e-04
3.784179687500000000e-01 1.745033721731295605e-04
3.906250000000000000e-01 1.822742254652142172e-04
4.028320312500000000e-01 1.884091096431758097e-04
4.150390625000000000e-01 1.967252859733014878e-04
4.272460937500000000e-01 2.032691624297938530e-04
4.394531250000000000e-01 2.103583619243272669e-04
4.516601562500000000e-01 2.175838921783709021e-04
4.638671875000000000e-01 2.239914378753529917e-04
4.760742187500000000e-01 2.283540221796812172e-04
4.882812500000000000e-01 2.339435833196017612e-04
5.004882812500000000e-01 2.415781058521761964e-04
5.126953125000000000e-01 2.511212590178942472e-04
5.249023437500000000e-01 2.588921123099789038e-04
5.371093750000000000e-01 2.651633272474507178e-04
5.493164062500000000e-01 2.725251882610046287e-04
5.615234375000000000e-01 2.800233800340687883e-04
5.737304687500000000e-01 2.858856026930099107e-04
5.859375000000000000e-01 2.933837944660740160e-04
5.981445312500000000e-01 2.976100480108920471e-04
6.103515625000000000e-01 3.052445705434664010e-04
6.225585937500000000e-01 3.117884469999587663e-04
6.347656250000000000e-01 3.195593002920434772e-04
6.469726562500000000e-01 3.271938228246178853e-04
6.591796875000000000e-01 3.336013685216000020e-04
6.713867187500000000e-01 3.397362526995615674e-04
6.835937500000000000e-01 3.475071059916462241e-04
6.958007812500000000e-01 3.533693286505873465e-04
7.080078125000000000e-01 3.596405435880591604e-04
7.202148437500000000e-01 3.649574432089591801e-04
7.324218750000000000e-01 3.700016813108387027e-04
7.446289062500000000e-01 3.760002347292900737e-04
7.568359375000000000e-01 3.826804419452926875e-04
7.690429687500000000e-01 3.867703647306004158e-04
7.812500000000000000e-01 3.919509335919901328e-04
7.934570312500000000e-01 3.942685565036645212e-04
8.056640625000000000e-01 3.964498486558286610e-04
8.178710937500000000e-01 3.968588409343594067e-04
8.300781250000000000e-01 3.937232334656234727e-04
8.422851562500000000e-01 3.919509335919901328e-04
8.544921875000000000e-01 3.837710880213747303e-04
8.666992187500000000e-01 3.698653505513284541e-04
8.789062500000000000e-01 3.580045744739360691e-04
8.911132812500000000e-01 3.483250905487077697e-04
9.033203125000000000e-01 3.430081909278077500e-04
9.155273437500000000e-01 3.333287070025794507e-04
9.277343750000000000e-01 3.201046233300844715e-04
9.399414062500000000e-01 3.089255010502433836e-04
9.521484375000000000e-01 3.041539244673843582e-04
9.643554687500000000e-01 2.927021406685227731e-04
9.765625000000000000e-01 2.813866876291713824e-04
9.887695312500000000e-01 2.667992963615738091e-04
1.000976562500000000e+00 2.711618806659020888e-04
1.013183593750000000e+00 2.811140261101508311e-04
1.025390625000000000e+00 2.838406413003559652e-04
1.037597656250000000e+00 2.883395563641944935e-04
1.049804687500000000e+00 2.764787802868021085e-04
1.062011718750000000e+00 2.613460659811635408e-04
1.049804687500000000e+00 2.361248754717659281e-04
1.037597656250000000e+00 2.169022383808196050e-04
1.025390625000000000e+00 2.226281302802503976e-04
1.013183593750000000e+00 2.121306617979605525e-04
1.000976562500000000e+00 2.230371225587811704e-04
9.887695312500000000e-01 2.084497312911836242e-04
9.765625000000000000e-01 2.207194996471068091e-04
9.643554687500000000e-01 2.106310234433477640e-04
9.521484375000000000e-01 2.065411006580400357e-04
9.399414062500000000e-01 1.915447171119117166e-04
9.277343750000000000e-01 1.790022872369680345e-04
9.155273437500000000e-01 1.719130877424346478e-04
9.033203125000000000e-01 1.679594957166371952e-04
8.911132812500000000e-01 1.646875574883910126e-04
8.789062500000000000e-01 1.597796501460217386e-04
8.666992187500000000e-01 1.532357736895293733e-04
8.544921875000000000e-01 1.466918972330370080e-04
8.422851562500000000e-01 1.431472974857703282e-04
8.300781250000000000e-01 1.348311211556446230e-04
8.178710937500000000e-01 1.300595445727855976e-04
8.056640625000000000e-01 1.231066758377624866e-04
7.934570312500000000e-01 1.205163914070675875e-04
7.812500000000000000e-01 1.173807839383316670e-04
7.690429687500000000e-01 1.130181996340034280e-04
7.568359375000000000e-01 1.093372691272264860e-04
7.446289062500000000e-01 1.059290001394700277e-04
7.324218750000000000e-01 1.017027465946520508e-04
7.202148437500000000e-01 9.883980064493664099e-05
7.080078125000000000e-01 9.393189330256738058e-05
6.958007812500000000e-01 9.011463203628017652e-05
6.835937500000000000e-01 8.534305545342116468e-05
6.713867187500000000e-01 8.343442482027754910e-05
6.591796875000000000e-01 7.975349431350060717e-05
6.469726562500000000e-01 7.743587140182623231e-05
6.347656250000000000e-01 7.361861013553902826e-05
6.225585937500000000e-01 7.116465646435439127e-05
6.103515625000000000e-01 6.652941064100564156e-05
5.981445312500000000e-01 6.121251102010559476e-05
5.859375000000000000e-01 5.766791127283890140e-05
5.737304687500000000e-01 5.494129608263375372e-05
5.615234375000000000e-01 5.276000393046962743e-05
5.493164062500000000e-01 4.962439646173371369e-05
5.371093750000000000e-01 4.621612747397727569e-05
5.249023437500000000e-01 4.471648911936443972e-05
5.126953125000000000e-01 4.144455089111826385e-05
5.004882812500000000e-01 3.994491253650543465e-05
4.882812500000000000e-01 3.803628190336183262e-05
4.760742187500000000e-01 3.735462810581054231e-05
4.638671875000000000e-01 3.585498975119770634e-05
4.516601562500000000e-01 3.258305152295153047e-05
4.394531250000000000e-01 3.135607468735921198e-05
4.272460937500000000e-01 3.040175937078741096e-05
4.150390625000000000e-01 3.149240544686947410e-05
4.028320312500000000e-01 2.999276709225663813e-05
3.906250000000000000e-01 2.781147494009251862e-05
3.784179687500000000e-01 2.440320595233608063e-05
3.662109375000000000e-01 2.385788291429505583e-05
3.540039062500000000e-01 2.263090607870273734e-05
3.417968750000000000e-01 2.031328316702835909e-05
3.295898437500000000e-01 1.922263709094630273e-05
3.173828125000000000e-01 1.813199101486423959e-05
3.051757812500000000e-01 1.649602190074115165e-05
2.929687500000000000e-01 1.267876063445394251e-05
2.807617187500000000e-01 1.267876063445394251e-05
2.685546875000000000e-01 1.404206822955651805e-05
2.563476562500000000e-01 1.526904506514883316e-05
2.441406250000000000e-01 1.308775291298471365e-05
2.319335937500000000e-01 1.267876063445394251e-05
2.197265625000000000e-01 1.213343759641291264e-05
2.075195312500000000e-01 1.104279152033085288e-05
1.953125000000000000e-01 9.952145444248793130e-06
1.831054687500000000e-01 8.861499368166733377e-06
1.708984375000000000e-01 6.680207216002614718e-06
1.586914062500000000e-01 6.407545696982099780e-06
1.464843750000000000e-01 7.498191773064159533e-06
1.342773437500000000e-01 1.063379924180008005e-05
1.220703125000000000e-01 8.043514811105189409e-06
1.098632812500000000e-01 5.044238101879525935e-06
9.765625000000000000e-02 3.817261266287208289e-06
8.544921875000000000e-02 3.544599747266693351e-06
7.324218750000000000e-02 4.362584304328238166e-06
6.103515625000000000e-02 3.680930506776951244e-06
4.882812500000000000e-02 2.726615190205148960e-06
3.662109375000000000e-02 1.772299873633346675e-06
2.441406250000000000e-02 8.179845570615444973e-07
1.220703125000000000e-02 1.499638354612831737e-06
