0.000000000000000000e+00 6.952868735023130503e-06
1.220703125000000000e-02 1.431472974857703214e-05
2.441406250000000000e-02 2.031328316702836248e-05
3.662109375000000000e-02 2.331255987625402426e-05
4.882812500000000000e-02 2.576651354743866125e-05
6.103515625000000000e-02 3.040175937078741096e-05
7.324218750000000000e-02 3.421902063707462179e-05
8.544921875000000000e-02 3.721829734630028696e-05
9.765625000000000000e-02 4.171721241013878133e-05
1.098632812500000000e-01 4.744310430956959418e-05
1.220703125000000000e-01 5.466863456361324301e-05
1.342773437500000000e-01 5.916754962745173738e-05
1.464843750000000000e-01 6.407545696982100457e-05
1.586914062500000000e-01 6.911969507170052712e-05
1.708984375000000000e-01 7.620889456623391382e-05
1.831054687500000000e-01 7.948083279448009647e-05
1.953125000000000000e-01 8.616104001048271034e-05
2.075195312500000000e-01 9.052362431481093580e-05
2.197265625000000000e-01 9.624951621424175543e-05
2.319335937500000000e-01 1.017027465946520644e-04
2.441406250000000000e-01 1.090646076082059618e-04
2.563476562500000000e-01 1.186077607739239855e-04
2.685546875000000000e-01 1.235156681162932594e-04
2.807617187500000000e-01 1.256969602684573722e-04
2.929687500000000000e-01 1.304685368513163976e-04
3.051757812500000000e-01 1.385120516624215514e-04
3.173828125000000000e-01 1.458739126759754623e-04
3.295898437500000000e-01 1.529631121705088762e-04
3.417968750000000000e-01 1.596433193865114900e-04
3.540039062500000000e-01 1.690501417927192380e-04
3.662109375000000000e-01 1.757303490087218519e-04
3.784179687500000000e-01 1.799566025535398288e-04
3.906250000000000000e-01 1.843191868578680814e-04
4.028320312500000000e-01 1.899087479977886253e-04
4.150390625000000000e-01 1.964526244542809906e-04
4.272460937500000000e-01 2.028601701512630802e-04
4.394531250000000000e-01 2.095403773672657212e-04
4.516601562500000000e-01 2.158115923047375351e-04
4.638671875000000000e-01 2.233097840778016947e-04
4.760742187500000000e-01 2.291720067367427629e-04
4.882812500000000000e-01 2.368065292693171710e-04
5.004882812500000000e-01 2.428050826877685420e-04
5.126953125000000000e-01 2.489399668657301073e-04
5.249023437500000000e-01 2.561654971197737697e-04
5.371093750000000000e-01 2.623003812977353351e-04
5.493164062500000000e-01 2.715708729444328345e-04
5.615234375000000000e-01 2.782510801604354484e-04
5.737304687500000000e-01 2.838406413003560194e-04
5.859375000000000000e-01 2.897028639592970876e-04
5.981445312500000000e-01 2.954287558587278531e-04
6.103515625000000000e-01 3.031996091508125640e-04
6.225585937500000000e-01 3.104251394048562263e-04
6.347656250000000000e-01 3.176506696588998345e-04
6.469726562500000000e-01 3.258305152295152911e-04
6.591796875000000000e-01 3.316927378884563593e-04
6.713867187500000000e-01 3.366006452308256333e-04
6.835937500000000000e-01 3.431445216873179986e-04
6.958007812500000000e-01 3.492794058652796182e-04
7.080078125000000000e-01 3.563686053598129778e-04
7.202148437500000000e-01 3.625034895377745431e-04
7.324218750000000000e-01 3.676840583991643143e-04
7.446289062500000000e-01 3.747732578936976739e-04
7.568359375000000000e-01 3.806354805526387963e-04
7.690429687500000000e-01 3.828167727048028819e-04
7.812500000000000000e-01 3.847254033379464704e-04
7.934570312500000000e-01 3.859523801735388160e-04
8.056640625000000000e-01 3.869066954901106102e-04
8.178710937500000000e-01 3.845890725784362760e-04
8.300781250000000000e-01 3.777725346029234136e-04
8.422851562500000000e-01 3.689110352347566599e-04
8.544921875000000000e-01 3.507790442198924609e-04
8.666992187500000000e-01 3.322380609264974079e-04
8.789062500000000000e-01 3.172416773803690888e-04
8.911132812500000000e-01 3.165600235828177917e-04
9.033203125000000000e-01 3.135607468735921604e-04
9.155273437500000000e-01 3.100161471263254264e-04
9.277343750000000000e-01 2.954287558587279073e-04
9.399414062500000000e-01 2.787964031984764969e-04
9.521484375000000000e-01 2.575288047148763639e-04
9.643554687500000000e-01 2.384424983834402894e-04
9.765625000000000000e-01 2.314896296484171513e-04
9.887695312500000000e-01 2.181292152164119235e-04
1.000976562500000000e+00 2.182655459759221721e-04
1.013183593750000000e+00 2.087223928102041755e-04
1.025390625000000000e+00 2.175838921783709021e-04
1.013183593750000000e+00 2.083134005316733756e-04
1.000976562500000000e+00 2.049051315439169444e-04
9.887695312500000000e-01 1.867731405290526912e-04
9.765625000000000000e-01 1.799566025535398288e-04
9.643554687500000000e-01 1.686411495141884652e-04
9.521484375000000000e-01 1.663235266025141039e-04
9.399414062500000000e-01 1.612792885006345542e-04
9.277343750000000000e-01 1.539174274870806704e-04
9.155273437500000000e-01 1.462829049545062352e-04
9.033203125000000000e-01 1.357854364722164173e-04
8.911132812500000000e-01 1.307411983703368947e-04
8.789062500000000000e-01 1.274692601420907121e-04
8.666992187500000000e-01 1.252879679899265993e-04
8.544921875000000000e-01 1.211980452046188710e-04
8.422851562500000000e-01 1.160174763432290863e-04
8.300781250000000000e-01 1.108369074818393017e-04
8.178710937500000000e-01 1.087919460891854375e-04
8.056640625000000000e-01 1.047020233038777228e-04
7.934570312500000000e-01 9.965778520199818666e-05
7.812500000000000000e-01 9.338657026452634562e-05
7.690429687500000000e-01 9.025096279579042510e-05
7.568359375000000000e-01 8.725168608656478026e-05
7.446289062500000000e-01 8.493406317489039185e-05
7.324218750000000000e-01 8.084414038958266354e-05
7.202148437500000000e-01 7.702687912329545948e-05
7.080078125000000000e-01 7.293695633798773117e-05
6.958007812500000000e-01 6.980134886925181065e-05
6.835937500000000000e-01 6.721106443855692509e-05
6.713867187500000000e-01 6.339380317226970749e-05
6.591796875000000000e-01 5.971287266549275878e-05
6.469726562500000000e-01 5.862222658941070242e-05
6.347656250000000000e-01 5.644093443724658291e-05
6.225585937500000000e-01 5.303266544949015169e-05
6.103515625000000000e-01 5.126036557585680501e-05
5.981445312500000000e-01 4.880641190467217480e-05
5.859375000000000000e-01 4.717044279054907670e-05
5.737304687500000000e-01 4.308052000524135517e-05
5.615234375000000000e-01 4.049023557454646283e-05
5.493164062500000000e-01 3.708196658679002483e-05
5.371093750000000000e-01 3.326470532050282078e-05
5.249023437500000000e-01 3.244672076344127512e-05
5.126953125000000000e-01 3.244672076344127512e-05
5.004882812500000000e-01 3.258305152295153047e-05
4.882812500000000000e-01 3.012909785176689687e-05
4.760742187500000000e-01 2.862945949715406429e-05
4.638671875000000000e-01 2.563018278792839912e-05
4.516601562500000000e-01 2.508485974988737094e-05
4.394531250000000000e-01 2.303989835723350678e-05
4.272460937500000000e-01 2.208558304066170577e-05
4.150390625000000000e-01 2.113126772408990475e-05
4.028320312500000000e-01 2.004062164800784500e-05
3.906250000000000000e-01 1.922263709094630273e-05
3.784179687500000000e-01 1.772299873633346675e-05
3.662109375000000000e-01 1.799566025535398423e-05
3.540039062500000000e-01 1.894997557192578525e-05
3.417968750000000000e-01 1.758666797682321140e-05
3.295898437500000000e-01 1.404206822955651805e-05
3.173828125000000000e-01 1.090646076082059753e-05
3.051757812500000000e-01 8.452507089635962240e-06
2.929687500000000000e-01 1.022480696326930892e-05
2.807617187500000000e-01 1.063379924180008005e-05
2.685546875000000000e-01 1.267876063445394251e-05
2.563476562500000000e-01 1.077013000131033879e-05
2.441406250000000000e-01 8.725168608656476332e-06
2.319335937500000000e-01 5.589561139920554965e-06
2.197265625000000000e-01 4.498915063838495211e-06
2.075195312500000000e-01 4.907907342369268042e-06
1.953125000000000000e-01 6.407545696982099780e-06
1.831054687500000000e-01 6.271214937471842734e-06
1.708984375000000000e-01 5.044238101879525935e-06
1.586914062500000000e-01 3.408268987756436305e-06
1.464843750000000000e-01 3.544599747266693351e-06
1.342773437500000000e-01 2.590284430694891490e-06
1.220703125000000000e-01 2.317622911674376552e-06
1.098632812500000000e-01 1.499638354612831949e-06
9.765625000000000000e-02 2.453953671184634445e-06
8.544921875000000000e-02 1.635969114123089630e-06
7.324218750000000000e-02 2.044961392653861614e-06
6.103515625000000000e-02 6.816537975512871340e-07
4.882812500000000000e-02 2.317622911674376552e-06
3.662109375000000000e-02 8.179845570615449208e-07
2.441406250000000000e-02 2.044961392653861614e-06
1.220703125000000000e-02 6.816537975512872399e-07
