0.000000000000000000e+00 6.407545696982100627e-06
1.220703125000000000e-02 1.226976835592317138e-05
2.441406250000000000e-02 1.690501417927192448e-05
3.662109375000000000e-02 2.113126772408990475e-05
4.882812500000000000e-02 2.508485974988737094e-05
6.103515625000000000e-02 3.149240544686946733e-05
7.324218750000000000e-02 3.490067443462591210e-05
8.544921875000000000e-02 3.789995114385157049e-05
9.765625000000000000e-02 4.049023557454646283e-05
1.098632812500000000e-01 4.539814291691573003e-05
1.220703125000000000e-01 5.207835013291834390e-05
1.342773437500000000e-01 5.684992671577735574e-05
1.464843750000000000e-01 6.107618026059534618e-05
1.586914062500000000e-01 6.530243380541332307e-05
1.708984375000000000e-01 7.320961785700825543e-05
1.831054687500000000e-01 7.675421760427494878e-05
1.953125000000000000e-01 8.343442482027756265e-05
2.075195312500000000e-01 8.793333988411605024e-05
2.197265625000000000e-01 9.584052393571098260e-05
2.319335937500000000e-01 1.015664158351418022e-04
2.441406250000000000e-01 1.055200078609392820e-04
2.563476562500000000e-01 1.124728765959623930e-04
2.685546875000000000e-01 1.173807839383316534e-04
2.807617187500000000e-01 1.239246603948240323e-04
2.929687500000000000e-01 1.296505522942548248e-04
3.051757812500000000e-01 1.357854364722164173e-04
3.173828125000000000e-01 1.430109667262600796e-04
3.295898437500000000e-01 1.492821816637318936e-04
3.417968750000000000e-01 1.543264197656114161e-04
3.540039062500000000e-01 1.605976347030832843e-04
3.662109375000000000e-01 1.671415111595756225e-04
3.784179687500000000e-01 1.734127260970474635e-04
3.906250000000000000e-01 1.785932949584372617e-04
4.028320312500000000e-01 1.832285407817860114e-04
4.150390625000000000e-01 1.923627016689732623e-04
4.272460937500000000e-01 1.990429088849758762e-04
4.394531250000000000e-01 2.051777930629374686e-04
4.516601562500000000e-01 2.100857004053067155e-04
4.638671875000000000e-01 2.186745382544529449e-04
4.760742187500000000e-01 2.265817223060478773e-04
4.882812500000000000e-01 2.338072525600915397e-04
5.004882812500000000e-01 2.393968137000120836e-04
5.126953125000000000e-01 2.462133516755249190e-04
5.249023437500000000e-01 2.534388819295685814e-04
5.371093750000000000e-01 2.608007429431225465e-04
5.493164062500000000e-01 2.682989347161866519e-04
5.615234375000000000e-01 2.759334572487611142e-04
5.737304687500000000e-01 2.802960415530893396e-04
5.859375000000000000e-01 2.875215718071330020e-04
5.981445312500000000e-01 2.944744405421561130e-04
6.103515625000000000e-01 3.029269476317920668e-04
6.225585937500000000e-01 3.102888086453459236e-04
6.347656250000000000e-01 3.149240544686947004e-04
6.469726562500000000e-01 3.218769232037178114e-04
6.591796875000000000e-01 3.296477764958025223e-04
6.713867187500000000e-01 3.367369759903358819e-04
6.835937500000000000e-01 3.450531523204615871e-04
6.958007812500000000e-01 3.513243672579334552e-04
7.080078125000000000e-01 3.593678820690386633e-04
7.202148437500000000e-01 3.648211124494489315e-04
7.324218750000000000e-01 3.680930506776951142e-04
7.446289062500000000e-01 3.725919657415335882e-04
7.568359375000000000e-01 3.784541884004747106e-04
7.690429687500000000e-01 3.833620957428439304e-04
7.812500000000000000e-01 3.873156877686414101e-04
7.934570312500000000e-01 3.897696414398260471e-04
8.056640625000000000e-01 3.915419413134593870e-04
8.178710937500000000e-01 3.903149644778670414e-04
8.300781250000000000e-01 3.834984265023541790e-04
8.422851562500000000e-01 3.764092270078208194e-04
8.544921875000000000e-01 3.672750661206336227e-04
8.666992187500000000e-01 3.518696902959745037e-04
8.789062500000000000e-01 3.409632295351539130e-04
8.911132812500000000e-01 3.308747533313948137e-04
9.033203125000000000e-01 3.265121690270665882e-04
9.155273437500000000e-01 3.239218845963717027e-04
9.277343750000000000e-01 3.220132539632281142e-04
9.399414062500000000e-01 3.217405924442075628e-04
9.521484375000000000e-01 3.142424006711434575e-04
9.643554687500000000e-01 2.944744405421561130e-04
9.765625000000000000e-01 2.854766104144791108e-04
9.887695312500000000e-01 2.790690647174969940e-04
1.000976562500000000e+00 2.925658099090125246e-04
9.887695312500000000e-01 2.790690647174970482e-04
9.765625000000000000e-01 2.565744893983045154e-04
9.643554687500000000e-01 2.350342293956838311e-04
9.521484375000000000e-01 2.331255987625402426e-04
9.399414062500000000e-01 2.361248754717659010e-04
9.277343750000000000e-01 2.294446682557632871e-04
9.155273437500000000e-01 2.201741766090657606e-04
9.033203125000000000e-01 2.130849771145323739e-04
8.911132812500000000e-01 2.065411006580400357e-04
8.789062500000000000e-01 2.031328316702836045e-04
8.666992187500000000e-01 1.952256476186886721e-04
8.544921875000000000e-01 1.904540710358296467e-04
8.422851562500000000e-01 1.818652331866834173e-04
8.300781250000000000e-01 1.781843026799064889e-04
8.178710937500000000e-01 1.686411495141884652e-04
8.056640625000000000e-01 1.590979963484704415e-04
7.934570312500000000e-01 1.469645587520575323e-04
7.812500000000000000e-01 1.398753592575241456e-04
7.690429687500000000e-01 1.334678135605420288e-04
7.568359375000000000e-01 1.285599062181727549e-04
7.446289062500000000e-01 1.243336526733548051e-04
7.324218750000000000e-01 1.188804222929444962e-04
7.202148437500000000e-01 1.138361841910649736e-04
7.080078125000000000e-01 1.082466230511444161e-04
6.958007812500000000e-01 1.017027465946520508e-04
6.835937500000000000e-01 9.774915456885459818e-05
6.713867187500000000e-01 9.365923178354685632e-05
6.591796875000000000e-01 9.215959342893402712e-05
6.469726562500000000e-01 8.875132444117759590e-05
6.347656250000000000e-01 8.220744798468524416e-05
6.225585937500000000e-01 7.661788684476468665e-05
6.103515625000000000e-01 7.143731798337490198e-05
5.981445312500000000e-01 6.762005671708768437e-05
5.859375000000000000e-01 6.462078000786202598e-05
5.737304687500000000e-01 6.243948785569791325e-05
5.615234375000000000e-01 6.134884177961585688e-05
5.493164062500000000e-01 5.644093443724658291e-05
5.371093750000000000e-01 5.235101165193886138e-05
5.249023437500000000e-01 4.662511975250804852e-05
5.126953125000000000e-01 4.567080443593624073e-05
5.004882812500000000e-01 4.144455089111826385e-05
4.882812500000000000e-01 4.035390481503620748e-05
4.760742187500000000e-01 3.694563582727976948e-05
4.638671875000000000e-01 3.612765127021822382e-05
4.516601562500000000e-01 3.353736683952333148e-05
4.394531250000000000e-01 3.217405924442075764e-05
4.272460937500000000e-01 2.917478253519509247e-05
4.150390625000000000e-01 2.726615190205149044e-05
4.028320312500000000e-01 2.522119050939762968e-05
3.906250000000000000e-01 2.235824455968222325e-05
3.784179687500000000e-01 2.072227544555913192e-05
3.662109375000000000e-01 1.881364481241552990e-05
3.540039062500000000e-01 1.881364481241552990e-05
3.417968750000000000e-01 1.840465253388475706e-05
3.295898437500000000e-01 1.799566025535398423e-05
3.173828125000000000e-01 1.676868341976166574e-05
3.051757812500000000e-01 1.499638354612831907e-05
2.929687500000000000e-01 1.322408367249497239e-05
2.807617187500000000e-01 1.267876063445394251e-05
2.685546875000000000e-01 1.158811455837188276e-05
2.563476562500000000e-01 1.063379924180008005e-05
2.441406250000000000e-01 8.043514811105189409e-06
2.319335937500000000e-01 6.816537975512872611e-06
2.197265625000000000e-01 5.862222658941069903e-06
2.075195312500000000e-01 5.180568861389782981e-06
1.953125000000000000e-01 5.316899620900040026e-06
1.831054687500000000e-01 5.453230380410297919e-06
1.708984375000000000e-01 4.362584304328238166e-06
1.586914062500000000e-01 4.907907342369268042e-06
1.464843750000000000e-01 2.590284430694891490e-06
1.342773437500000000e-01 3.408268987756436305e-06
1.220703125000000000e-01 2.862945949715406429e-06
1.098632812500000000e-01 4.907907342369268042e-06
9.765625000000000000e-02 5.862222658941069903e-06
8.544921875000000000e-02 4.771576582859010150e-06
7.324218750000000000e-02 2.726615190205148960e-06
6.103515625000000000e-02 2.453953671184634021e-06
4.882812500000000000e-02 1.772299873633346675e-06
3.662109375000000000e-02 2.726615190205148536e-06
2.441406250000000000e-02 2.044961392653861614e-06
1.220703125000000000e-02 1.499638354612831737e-06
